Example 1 input (14x14):
0 0 0 0 0 0 0 0 0 0 0 0 0 0
0 0 0 0 0 0 0 8 8 0 8 8 0 0
0 0 0 0 0 0 0 0 8 8 8 0 0 0
0 0 0 0 0 8 8 8 8 0 0 0 0 0
0 0 0 0 8 8 0 8 0 0 8 8 0 0
0 0 0 0 0 0 0 8 8 8 8 0 0 0
0 0 0 0 0 0 0 0 8 0 8 0 0 0
0 0 0 0 0 0 8 8 8 0 8 8 8 0
0 0 0 0 0 0 8 0 0 0 0 0 8 0
0 0 1 0 0 0 0 0 0 0 0 0 0 0
0 1 1 1 0 0 0 0 0 0 0 0 0 0
0 0 1 0 0 0 0 0 0 0 0 0 0 0
0 0 0 0 0 0 0 0 0 0 0 0 0 0
0 0 0 0 0 0 0 0 0 0 0 0 0 0

Example 1 output (14x14):
0 0 0 0 0 0 0 0 0 0 0 0 0 0
0 0 0 0 0 0 0 2 2 0 2 2 0 0
0 0 0 0 0 0 0 0 2 2 2 0 0 0
0 0 0 0 0 2 2 2 2 0 0 0 0 0
0 0 0 0 2 2 0 2 0 0 2 2 0 0
0 0 0 0 0 0 0 2 2 2 2 0 0 0
0 0 0 0 0 0 0 0 2 0 2 0 0 0
0 0 0 0 0 0 2 2 2 0 2 2 2 0
0 0 0 0 0 0 2 0 0 0 0 0 2 0
0 0 0 0 0 0 0 0 0 0 0 0 0 0
0 0 0 0 0 0 0 0 0 0 0 0 0 0
0 0 0 0 0 0 0 0 0 0 0 0 0 0
0 0 0 0 0 0 0 0 0 0 0 0 0 0
0 0 0 0 0 0 0 0 0 0 0 0 0 0

Example 2 input (14x14):
0 0 0 0 0 0 0 0 0 0 0 0 0 0
0 0 0 0 0 0 0 0 0 0 0 0 0 0
0 0 0 0 8 8 0 8 0 8 8 0 0 0
0 0 0 0 8 0 8 0 8 0 8 0 0 0
0 0 0 0 8 8 0 8 0 8 8 0 0 0
0 0 0 0 0 0 0 0 0 0 0 0 0 0
0 0 0 0 0 0 0 0 0 0 0 0 0 0
0 0 0 0 0 0 0 0 0 0 0 0 0 0
0 0 0 0 0 0 0 0 0 0 0 0 0 0
0 0 0 0 0 0 0 0 0 0 0 0 0 0
0 0 0 1 0 1 0 0 0 0 0 0 0 0
0 0 0 0 1 0 0 0 0 0 0 0 0 0
0 0 0 1 1 1 0 0 0 0 0 0 0 0
0 0 0 0 0 0 0 0 0 0 0 0 0 0

Example 2 output (14x14):
0 0 0 0 0 0 0 0 0 0 0 0 0 0
0 0 0 0 0 0 0 0 0 0 0 0 0 0
0 0 0 0 3 3 0 3 0 3 3 0 0 0
0 0 0 0 3 0 3 0 3 0 3 0 0 0
0 0 0 0 3 3 0 3 0 3 3 0 0 0
0 0 0 0 0 0 0 0 0 0 0 0 0 0
0 0 0 0 0 0 0 0 0 0 0 0 0 0
0 0 0 0 0 0 0 0 0 0 0 0 0 0
0 0 0 0 0 0 0 0 0 0 0 0 0 0
0 0 0 0 0 0 0 0 0 0 0 0 0 0
0 0 0 0 0 0 0 0 0 0 0 0 0 0
0 0 0 0 0 0 0 0 0 0 0 0 0 0
0 0 0 0 0 0 0 0 0 0 0 0 0 0
0 0 0 0 0 0 0 0 0 0 0 0 0 0

Example 3 input (14x14):
0 0 0 8 0 0 0 8 0 0 0 0 0 0
0 8 0 8 0 8 0 8 0 8 0 0 0 0
0 8 8 8 8 8 8 8 8 8 0 0 0 0
0 8 0 8 0 8 0 8 0 8 0 0 0 0
0 8 0 0 0 8 0 0 0 8 0 0 0 0
0 0 0 0 0 0 0 0 0 0 0 0 0 0
0 0 0 0 0 0 0 0 0 0 0 0 0 0
0 0 0 0 0 0 0 0 0 0 0 0 0 0
0 0 0 0 0 0 0 0 0 0 0 0 0 0
0 0 0 0 0 0 0 0 1 0 0 0 0 0
0 0 0 0 0 0 0 1 1 1 0 0 0 0
0 0 0 0 0 0 0 0 1 0 0 0 0 0
0 0 0 0 0 0 0 0 0 0 0 0 0 0
0 0 0 0 0 0 0 0 0 0 0 0 0 0

Example 3 output (14x14):
0 0 0 2 0 0 0 2 0 0 0 0 0 0
0 2 0 2 0 2 0 2 0 2 0 0 0 0
0 2 2 2 2 2 2 2 2 2 0 0 0 0
0 2 0 2 0 2 0 2 0 2 0 0 0 0
0 2 0 0 0 2 0 0 0 2 0 0 0 0
0 0 0 0 0 0 0 0 0 0 0 0 0 0
0 0 0 0 0 0 0 0 0 0 0 0 0 0
0 0 0 0 0 0 0 0 0 0 0 0 0 0
0 0 0 0 0 0 0 0 0 0 0 0 0 0
0 0 0 0 0 0 0 0 0 0 0 0 0 0
0 0 0 0 0 0 0 0 0 0 0 0 0 0
0 0 0 0 0 0 0 0 0 0 0 0 0 0
0 0 0 0 0 0 0 0 0 0 0 0 0 0
0 0 0 0 0 0 0 0 0 0 0 0 0 0

Example 4 input (14x14):
0 0 0 0 0 0 0 8 8 0 0 0 0 0
0 0 0 0 0 0 0 0 8 8 8 0 0 0
0 0 0 0 0 0 0 0 0 0 8 0 8 0
0 0 0 0 0 8 8 8 8 0 8 8 8 0
0 0 0 0 8 8 0 0 8 8 8 0 8 8
0 0 0 0 0 0 0 8 8 0 0 0 8 0
0 0 0 0 0 0 8 8 0 0 0 8 8 0
0 0 0 0 0 0 0 0 0 8 8 8 0 0
0 0 0 0 0 0 0 0 0 0 0 0 0 0
0 0 0 0 0 0 0 0 0 0 0 0 0 0
0 0 0 0 1 1 1 0 0 0 0 0 0 0
0 0 0 0 1 0 1 0 0 0 0 0 0 0
0 0 0 0 0 1 0 0 0 0 0 0 0 0
0 0 0 0 0 0 0 0 0 0 0 0 0 0

Example 4 output (14x14):
0 0 0 0 0 0 0 7 7 0 0 0 0 0
0 0 0 0 0 0 0 0 7 7 7 0 0 0
0 0 0 0 0 0 0 0 0 0 7 0 7 0
0 0 0 0 0 7 7 7 7 0 7 7 7 0
0 0 0 0 7 7 0 0 7 7 7 0 7 7
0 0 0 0 0 0 0 7 7 0 0 0 7 0
0 0 0 0 0 0 7 7 0 0 0 7 7 0
0 0 0 0 0 0 0 0 0 7 7 7 0 0
0 0 0 0 0 0 0 0 0 0 0 0 0 0
0 0 0 0 0 0 0 0 0 0 0 0 0 0
0 0 0 0 0 0 0 0 0 0 0 0 0 0
0 0 0 0 0 0 0 0 0 0 0 0 0 0
0 0 0 0 0 0 0 0 0 0 0 0 0 0
0 0 0 0 0 0 0 0 0 0 0 0 0 0

Example 5 input (14x14):
0 0 0 0 0 0 0 0 0 0 0 0 0 0
0 0 0 0 0 0 0 0 8 0 0 0 0 0
0 0 0 0 0 8 8 8 0 8 8 0 0 0
0 0 0 0 0 0 8 0 8 8 0 0 0 0
0 0 0 0 0 0 0 8 0 0 8 8 0 0
0 0 0 0 0 0 0 0 8 8 0 8 0 0
0 0 0 0 0 0 0 0 0 0 8 0 0 0
0 0 0 0 0 0 0 0 0 0 0 0 0 0
0 0 1 0 1 0 0 0 0 0 0 0 0 0
0 0 0 1 0 0 0 0 0 0 0 0 0 0
0 0 1 1 1 0 0 0 0 0 0 0 0 0
0 0 0 0 0 0 0 0 0 0 0 0 0 0
0 0 0 0 0 0 0 0 0 0 0 0 0 0
0 0 0 0 0 0 0 0 0 0 0 0 0 0

Example 5 output (14x14):
0 0 0 0 0 0 0 0 0 0 0 0 0 0
0 0 0 0 0 0 0 0 3 0 0 0 0 0
0 0 0 0 0 3 3 3 0 3 3 0 0 0
0 0 0 0 0 0 3 0 3 3 0 0 0 0
0 0 0 0 0 0 0 3 0 0 3 3 0 0
0 0 0 0 0 0 0 0 3 3 0 3 0 0
0 0 0 0 0 0 0 0 0 0 3 0 0 0
0 0 0 0 0 0 0 0 0 0 0 0 0 0
0 0 0 0 0 0 0 0 0 0 0 0 0 0
0 0 0 0 0 0 0 0 0 0 0 0 0 0
0 0 0 0 0 0 0 0 0 0 0 0 0 0
0 0 0 0 0 0 0 0 0 0 0 0 0 0
0 0 0 0 0 0 0 0 0 0 0 0 0 0
0 0 0 0 0 0 0 0 0 0 0 0 0 0

Test input (14x14):
0 0 0 0 0 0 0 0 0 0 0 0 0 0
0 0 0 0 0 8 8 8 8 8 8 8 8 8
0 0 0 0 0 8 0 0 0 8 0 8 0 8
0 0 0 0 0 8 0 8 0 8 0 0 0 8
0 0 0 0 0 8 8 8 8 8 8 8 8 8
0 0 0 0 0 0 0 0 0 0 0 0 0 0
0 0 0 0 0 0 0 0 0 0 0 0 0 0
0 0 0 0 0 0 0 0 0 0 0 0 0 0
0 0 0 0 0 0 1 1 1 0 0 0 0 0
0 0 0 0 0 0 1 0 1 0 0 0 0 0
0 0 0 0 0 0 0 1 0 0 0 0 0 0
0 0 0 0 0 0 0 0 0 0 0 0 0 0
0 0 0 0 0 0 0 0 0 0 0 0 0 0
0 0 0 0 0 0 0 0 0 0 0 0 0 0
