Example 1 input (7x7):
2 2 2 2 2 0 0
2 0 0 0 2 0 0
2 0 2 0 2 0 0
2 0 0 0 2 0 0
2 2 2 2 2 0 0
0 0 0 0 0 0 0
0 0 0 0 0 0 0

Example 1 output (7x7):
2 2 2 2 2 0 0
2 8 8 8 2 0 0
2 8 2 8 2 0 0
2 8 8 8 2 0 0
2 2 2 2 2 0 0
0 0 0 0 0 0 0
0 0 0 0 0 0 0

Example 2 input (9x9):
2 2 2 2 2 2 2 0 0
2 0 0 0 0 0 2 0 0
2 0 0 0 0 0 2 0 0
2 0 0 2 0 0 2 0 0
2 0 0 0 0 0 2 0 0
2 0 0 0 0 0 2 0 0
2 2 2 2 2 2 2 0 0
0 0 0 0 0 0 0 0 0
0 0 0 0 0 0 0 0 0

Example 2 output (9x9):
2 2 2 2 2 2 2 0 0
2 4 4 4 4 4 2 0 0
2 4 4 4 4 4 2 0 0
2 4 4 2 4 4 2 0 0
2 4 4 4 4 4 2 0 0
2 4 4 4 4 4 2 0 0
2 2 2 2 2 2 2 0 0
0 0 0 0 0 0 0 0 0
0 0 0 0 0 0 0 0 0

Example 3 input (15x15):
0 0 0 0 0 0 2 2 2 2 2 2 2 2 2
0 0 0 0 0 0 2 0 0 0 0 0 0 0 2
0 0 0 0 0 0 2 0 0 0 0 0 0 0 2
0 0 0 0 0 0 2 0 0 0 0 0 0 0 2
0 0 0 0 0 0 2 0 0 0 2 0 0 0 2
0 0 0 0 0 0 2 0 0 0 0 0 0 0 2
0 0 0 0 0 0 2 0 0 0 0 0 0 0 2
0 0 0 0 0 0 2 0 0 0 0 0 0 0 2
0 0 0 0 0 0 2 2 2 2 2 2 2 2 2
0 0 0 0 0 0 0 0 0 0 0 0 0 0 0
0 2 2 2 2 2 0 0 0 0 0 0 0 0 0
0 2 0 0 0 2 0 0 0 0 0 0 0 0 0
0 2 0 2 0 2 0 0 0 0 0 0 0 0 0
0 2 0 0 0 2 0 0 0 0 0 0 0 0 0
0 2 2 2 2 2 0 0 0 0 0 0 0 0 0

Example 3 output (15x15):
0 0 0 0 0 0 2 2 2 2 2 2 2 2 2
0 0 0 0 0 0 2 3 3 3 3 3 3 3 2
0 0 0 0 0 0 2 3 3 3 3 3 3 3 2
0 0 0 0 0 0 2 3 3 3 3 3 3 3 2
0 0 0 0 0 0 2 3 3 3 2 3 3 3 2
0 0 0 0 0 0 2 3 3 3 3 3 3 3 2
0 0 0 0 0 0 2 3 3 3 3 3 3 3 2
0 0 0 0 0 0 2 3 3 3 3 3 3 3 2
0 0 0 0 0 0 2 2 2 2 2 2 2 2 2
0 0 0 0 0 0 0 0 0 0 0 0 0 0 0
0 2 2 2 2 2 0 0 0 0 0 0 0 0 0
0 2 8 8 8 2 0 0 0 0 0 0 0 0 0
0 2 8 2 8 2 0 0 0 0 0 0 0 0 0
0 2 8 8 8 2 0 0 0 0 0 0 0 0 0
0 2 2 2 2 2 0 0 0 0 0 0 0 0 0

Example 4 input (13x13):
0 2 2 2 2 2 0 0 0 0 0 0 0
0 2 0 0 0 2 0 0 0 0 0 0 0
0 2 0 2 0 2 0 0 0 0 0 0 0
0 2 0 0 0 2 0 0 0 0 0 0 0
0 2 2 2 2 2 0 0 0 0 0 0 0
0 0 0 0 0 0 0 0 0 0 0 0 0
0 0 0 0 0 2 2 2 2 2 2 2 0
0 0 0 0 0 2 0 0 0 0 0 2 0
0 0 0 0 0 2 0 0 0 0 0 2 0
0 0 0 0 0 2 0 0 2 0 0 2 0
0 0 0 0 0 2 0 0 0 0 0 2 0
0 0 0 0 0 2 0 0 0 0 0 2 0
0 0 0 0 0 2 2 2 2 2 2 2 0

Example 4 output (13x13):
0 2 2 2 2 2 0 0 0 0 0 0 0
0 2 8 8 8 2 0 0 0 0 0 0 0
0 2 8 2 8 2 0 0 0 0 0 0 0
0 2 8 8 8 2 0 0 0 0 0 0 0
0 2 2 2 2 2 0 0 0 0 0 0 0
0 0 0 0 0 0 0 0 0 0 0 0 0
0 0 0 0 0 2 2 2 2 2 2 2 0
0 0 0 0 0 2 4 4 4 4 4 2 0
0 0 0 0 0 2 4 4 4 4 4 2 0
0 0 0 0 0 2 4 4 2 4 4 2 0
0 0 0 0 0 2 4 4 4 4 4 2 0
0 0 0 0 0 2 4 4 4 4 4 2 0
0 0 0 0 0 2 2 2 2 2 2 2 0

Test input (20x20):
0 0 0 0 0 0 0 0 0 0 0 2 2 2 2 2 0 0 0 0
0 2 2 2 2 2 2 2 2 2 0 2 0 0 0 2 0 0 0 0
0 2 0 0 0 0 0 0 0 2 0 2 0 2 0 2 0 0 0 0
0 2 0 0 0 0 0 0 0 2 0 2 0 0 0 2 0 0 0 0
0 2 0 0 0 0 0 0 0 2 0 2 2 2 2 2 0 0 0 0
0 2 0 0 0 2 0 0 0 2 0 0 0 0 0 0 0 0 0 0
0 2 0 0 0 0 0 0 0 2 0 0 0 0 0 0 0 0 0 0
0 2 0 0 0 0 0 0 0 2 0 0 0 2 2 2 2 2 0 0
0 2 0 0 0 0 0 0 0 2 0 0 0 2 0 0 0 2 0 0
0 2 2 2 2 2 2 2 2 2 0 0 0 2 0 2 0 2 0 0
0 0 0 0 0 0 0 0 0 0 0 0 0 2 0 0 0 2 0 0
0 0 0 0 0 0 0 0 0 0 0 0 0 2 2 2 2 2 0 0
0 0 0 0 0 2 2 2 2 2 2 2 0 0 0 0 0 0 0 0
0 0 0 0 0 2 0 0 0 0 0 2 0 0 0 0 0 0 0 0
0 0 0 0 0 2 0 0 0 0 0 2 0 0 0 0 0 0 0 0
0 0 0 0 0 2 0 0 2 0 0 2 0 0 0 0 0 0 0 0
0 0 0 0 0 2 0 0 0 0 0 2 0 0 0 0 0 0 0 0
0 0 0 0 0 2 0 0 0 0 0 2 0 0 0 0 0 0 0 0
0 0 0 0 0 2 2 2 2 2 2 2 0 0 0 0 0 0 0 0
0 0 0 0 0 0 0 0 0 0 0 0 0 0 0 0 0 0 0 0
