Example 1 input (30x30):
0 0 0 0 0 0 0 0 0 0 0 0 0 0 0 0 0 0 0 0 0 0 0 0 0 0 0 0 0 0
0 0 0 0 0 0 0 0 0 0 0 0 0 0 0 0 0 0 0 0 0 0 0 0 0 0 0 0 0 0
0 0 0 0 0 0 0 0 0 0 0 0 0 0 0 0 0 0 0 0 0 0 0 0 0 0 0 0 0 0
0 0 0 0 0 0 0 0 0 0 4 0 0 0 0 0 0 4 4 4 0 0 0 0 0 0 0 0 0 0
0 0 0 0 0 0 0 0 0 4 4 0 0 0 0 0 0 4 4 4 0 0 0 0 0 0 0 0 0 0
0 0 0 4 4 0 0 0 0 0 0 0 0 0 0 0 0 0 0 0 0 0 0 0 4 4 0 0 0 0
0 0 0 0 0 0 0 0 0 0 0 0 0 0 0 0 0 0 0 0 0 0 0 0 4 4 0 0 0 0
0 0 0 0 0 0 0 0 0 0 0 0 0 0 0 0 0 0 0 0 0 0 0 4 4 4 0 0 0 0
0 0 0 0 0 0 0 0 0 0 0 0 0 0 0 0 0 0 0 0 0 0 0 0 0 0 0 0 0 0
0 0 0 0 0 0 0 0 0 0 0 0 0 0 0 0 0 0 0 0 0 0 0 0 0 0 0 0 0 0
8 8 8 8 8 8 8 8 8 8 8 8 8 8 8 8 8 8 8 8 8 8 8 8 8 8 8 8 8 8
0 0 0 0 0 0 0 0 0 0 0 0 0 0 0 0 0 0 0 0 0 0 0 0 0 0 0 0 0 0
0 0 0 0 0 0 0 0 0 0 0 0 0 0 0 0 0 0 0 0 0 0 0 0 0 0 0 0 0 0
0 0 0 0 0 0 0 0 0 0 0 0 0 0 0 0 0 0 0 0 0 0 0 0 0 0 0 0 0 0
0 0 0 0 0 0 0 0 0 0 0 0 0 0 0 0 0 0 0 0 0 0 0 0 0 0 0 0 0 0
0 0 0 0 0 0 0 0 0 0 0 0 0 0 0 0 0 0 0 0 0 0 0 0 0 0 0 0 0 0
0 0 0 0 0 0 0 0 0 0 0 0 0 0 0 0 0 0 0 0 0 0 0 0 0 0 0 0 0 0
0 0 0 0 0 0 0 0 0 0 0 0 0 0 0 0 0 0 0 0 0 0 0 0 0 0 0 0 0 0
0 0 0 0 0 0 0 0 0 0 0 0 0 0 0 0 0 0 0 0 0 0 0 0 0 0 0 0 0 0
0 0 0 0 0 0 0 0 0 0 0 0 0 2 0 0 0 0 0 0 0 0 2 2 0 0 0 0 0 0
2 0 0 2 2 0 0 2 0 2 0 0 2 2 0 0 0 2 0 2 0 0 2 2 2 0 0 2 0 0
2 2 2 2 2 2 2 2 2 2 2 2 2 2 2 2 2 2 2 2 2 2 2 2 2 2 2 2 2 2
0 0 0 0 0 0 0 0 0 0 0 0 0 0 0 0 0 0 0 0 0 0 0 0 0 0 0 0 0 0
0 0 0 0 0 0 0 0 0 0 0 0 0 0 0 0 0 0 0 0 0 0 0 0 0 0 0 0 0 0
0 0 0 0 0 0 0 0 0 0 0 0 0 0 0 0 0 0 0 0 0 0 0 0 0 0 0 0 0 0
0 0 0 0 0 0 0 0 0 0 0 0 0 0 0 0 0 0 0 0 0 0 0 0 0 0 0 0 0 0
0 0 0 0 0 0 0 0 0 0 0 0 0 0 0 0 0 0 0 0 0 0 0 0 0 0 0 0 0 0
0 0 0 0 0 0 0 0 0 0 0 0 0 0 0 0 0 0 0 0 0 0 0 0 0 0 0 0 0 0
0 0 0 0 0 0 0 0 0 0 0 0 0 0 0 0 0 0 0 0 0 0 0 0 0 0 0 0 0 0
0 0 0 0 0 0 0 0 0 0 0 0 0 0 0 0 0 0 0 0 0 0 0 0 0 0 0 0 0 0

Example 1 output (30x30):
0 0 0 0 0 0 0 0 0 0 0 0 0 0 0 0 0 0 0 0 0 0 0 0 0 0 0 0 0 0
0 0 0 0 0 0 0 0 0 0 0 0 0 0 0 0 0 0 0 0 0 0 0 0 0 0 0 0 0 0
0 0 0 0 0 0 0 0 0 0 0 0 0 0 0 0 0 0 0 0 0 0 0 0 0 0 0 0 0 0
0 0 0 0 0 0 0 0 0 0 3 0 0 0 0 0 0 3 3 3 0 0 0 0 0 0 0 0 0 0
0 0 0 0 0 0 0 0 0 3 3 0 0 0 0 0 0 3 3 3 0 0 0 0 0 0 0 0 0 0
0 0 0 3 3 0 0 0 0 4 4 0 0 0 0 0 0 4 4 4 0 0 0 0 3 3 0 0 0 0
0 0 0 4 4 0 0 0 0 4 4 0 0 0 0 0 0 4 4 4 0 0 0 0 3 3 0 0 0 0
0 0 0 4 4 0 0 0 0 4 4 0 0 0 0 0 0 4 4 4 0 0 0 3 3 3 0 0 0 0
0 0 0 4 4 0 0 0 0 4 4 0 0 0 0 0 0 4 4 4 0 0 0 4 4 4 0 0 0 0
0 0 0 4 4 0 0 0 0 4 4 0 0 0 0 0 0 4 4 4 0 0 0 4 4 4 0 0 0 0
8 8 8 8 8 8 8 8 8 8 8 8 8 8 8 8 8 8 8 8 8 8 8 8 8 8 8 8 8 8
0 0 0 8 8 0 0 0 0 8 8 0 0 0 0 0 0 8 8 8 0 0 0 8 8 8 0 0 0 0
0 0 0 8 8 0 0 0 0 8 8 0 0 0 0 0 0 8 8 8 0 0 0 8 8 8 0 0 0 0
0 0 0 8 8 0 0 0 0 8 8 0 0 0 0 0 0 8 8 8 0 0 0 8 8 8 0 0 0 0
0 0 0 8 8 0 0 0 0 8 8 0 0 0 0 0 0 8 8 8 0 0 0 8 8 8 0 0 0 0
0 0 0 8 8 0 0 0 0 8 8 0 0 0 0 0 0 8 8 8 0 0 0 8 8 8 0 0 0 0
0 0 0 8 8 0 0 0 0 8 8 0 0 0 0 0 0 8 8 8 0 0 0 8 8 8 0 0 0 0
0 0 0 8 8 0 0 0 0 8 8 0 0 0 0 0 0 8 8 8 0 0 0 8 8 8 0 0 0 0
0 0 0 8 8 0 0 0 0 8 8 0 0 0 0 0 0 8 8 8 0 0 0 8 8 8 0 0 0 0
0 0 0 8 8 0 0 0 0 8 8 0 0 2 0 0 0 8 8 8 0 0 2 8 8 8 0 0 0 0
2 0 0 8 8 0 0 2 0 8 8 0 2 2 0 0 0 8 8 8 0 0 2 8 8 8 0 2 0 0
2 2 2 8 8 2 2 2 2 8 8 2 2 2 2 2 2 8 8 8 2 2 2 8 8 8 2 2 2 2
0 0 0 8 8 0 0 0 0 8 8 0 0 0 0 0 0 8 8 8 0 0 0 8 8 8 0 0 0 0
0 0 0 8 8 0 0 0 0 8 8 0 0 0 0 0 0 8 8 8 0 0 0 8 8 8 0 0 0 0
0 0 0 8 8 0 0 0 0 8 8 0 0 0 0 0 0 8 8 8 0 0 0 8 8 8 0 0 0 0
0 0 0 8 8 0 0 0 0 8 8 0 0 0 0 0 0 8 8 8 0 0 0 8 8 8 0 0 0 0
0 0 0 8 8 0 0 0 0 8 8 0 0 0 0 0 0 8 8 8 0 0 0 8 8 8 0 0 0 0
0 0 0 8 8 0 0 0 0 8 8 0 0 0 0 0 0 8 8 8 0 0 0 2 8 8 0 0 0 0
0 0 0 2 2 0 0 0 0 2 8 0 0 0 0 0 0 2 8 2 0 0 0 2 2 8 0 0 0 0
0 0 0 2 2 0 0 0 0 2 2 0 0 0 0 0 0 2 2 2 0 0 0 2 2 2 0 0 0 0

Example 2 input (30x30):
0 0 0 0 0 0 0 0 0 8 0 0 0 0 0 0 0 0 0 0 2 0 0 0 0 0 0 0 0 0
0 0 0 0 0 0 0 0 0 8 0 0 0 0 0 0 0 0 0 2 2 0 0 0 0 0 0 0 0 0
0 0 0 0 0 0 0 0 0 8 0 0 0 0 0 0 0 0 2 2 2 0 0 0 0 0 0 0 0 0
0 0 0 0 0 0 0 0 0 8 0 0 0 0 0 0 0 0 0 2 2 0 0 0 0 0 0 0 0 0
0 0 4 4 0 0 0 0 0 8 0 0 0 0 0 0 0 0 0 0 2 0 0 0 0 0 0 0 0 0
0 0 4 4 0 0 0 0 0 8 0 0 0 0 0 0 0 0 0 0 2 0 0 0 0 0 0 0 0 0
0 0 0 0 0 0 0 0 0 8 0 0 0 0 0 0 0 0 2 2 2 0 0 0 0 0 0 0 0 0
0 0 0 0 0 0 0 0 0 8 0 0 0 0 0 0 0 0 0 2 2 0 0 0 0 0 0 0 0 0
0 0 0 0 0 0 0 0 0 8 0 0 0 0 0 0 0 2 2 2 2 0 0 0 0 0 0 0 0 0
0 0 0 0 0 0 0 0 0 8 0 0 0 0 0 0 0 0 2 2 2 0 0 0 0 0 0 0 0 0
0 0 0 0 0 0 0 0 0 8 0 0 0 0 0 0 0 0 0 0 2 0 0 0 0 0 0 0 0 0
0 0 4 0 0 0 0 0 0 8 0 0 0 0 0 0 0 0 0 2 2 0 0 0 0 0 0 0 0 0
0 0 4 0 0 0 0 0 0 8 0 0 0 0 0 0 0 0 2 2 2 0 0 0 0 0 0 0 0 0
0 0 0 0 0 0 0 0 0 8 0 0 0 0 0 0 0 0 0 2 2 0 0 0 0 0 0 0 0 0
0 0 0 0 0 0 0 0 0 8 0 0 0 0 0 0 0 0 0 0 2 0 0 0 0 0 0 0 0 0
0 0 0 0 0 0 0 0 0 8 0 0 0 0 0 0 0 0 0 2 2 0 0 0 0 0 0 0 0 0
0 0 0 0 0 0 0 0 0 8 0 0 0 0 0 0 0 0 0 0 2 0 0 0 0 0 0 0 0 0
0 0 0 0 0 0 0 0 0 8 0 0 0 0 0 0 0 0 0 0 2 0 0 0 0 0 0 0 0 0
0 0 0 0 4 4 0 0 0 8 0 0 0 0 0 0 0 0 0 2 2 0 0 0 0 0 0 0 0 0
0 0 0 0 4 4 0 0 0 8 0 0 0 0 0 0 0 0 2 2 2 0 0 0 0 0 0 0 0 0
0 0 0 0 0 4 0 0 0 8 0 0 0 0 0 0 0 0 2 2 2 0 0 0 0 0 0 0 0 0
0 0 0 0 0 0 0 0 0 8 0 0 0 0 0 0 0 0 0 0 2 0 0 0 0 0 0 0 0 0
0 0 0 0 0 0 0 0 0 8 0 0 0 0 0 0 0 0 0 0 2 0 0 0 0 0 0 0 0 0
0 0 0 0 0 0 0 0 0 8 0 0 0 0 0 0 0 0 0 2 2 0 0 0 0 0 0 0 0 0
0 0 0 0 0 0 0 0 0 8 0 0 0 0 0 0 0 0 0 0 2 0 0 0 0 0 0 0 0 0
0 0 0 4 4 0 0 0 0 8 0 0 0 0 0 0 0 0 0 2 2 0 0 0 0 0 0 0 0 0
0 0 0 0 0 0 0 0 0 8 0 0 0 0 0 0 0 0 0 0 2 0 0 0 0 0 0 0 0 0
0 0 0 0 0 0 0 0 0 8 0 0 0 0 0 0 0 0 0 2 2 0 0 0 0 0 0 0 0 0
0 0 0 0 0 0 0 0 0 8 0 0 0 0 0 0 0 0 0 2 2 0 0 0 0 0 0 0 0 0
0 0 0 0 0 0 0 0 0 8 0 0 0 0 0 0 0 0 0 0 2 0 0 0 0 0 0 0 0 0

Example 2 output (30x30):
0 0 0 0 0 0 0 0 0 8 0 0 0 0 0 0 0 0 0 0 2 0 0 0 0 0 0 0 0 0
0 0 0 0 0 0 0 0 0 8 0 0 0 0 0 0 0 0 0 2 2 0 0 0 0 0 0 0 0 0
0 0 0 0 0 0 0 0 0 8 0 0 0 0 0 0 0 0 2 2 2 0 0 0 0 0 0 0 0 0
0 0 0 0 0 0 0 0 0 8 0 0 0 0 0 0 0 0 0 2 2 0 0 0 0 0 0 0 0 0
0 0 3 3 4 4 4 4 4 8 8 8 8 8 8 8 8 8 8 8 8 8 8 8 8 8 8 8 8 2
0 0 3 3 4 4 4 4 4 8 8 8 8 8 8 8 8 8 8 8 8 8 8 8 8 8 8 8 8 2
0 0 0 0 0 0 0 0 0 8 0 0 0 0 0 0 0 0 2 2 2 0 0 0 0 0 0 0 0 0
0 0 0 0 0 0 0 0 0 8 0 0 0 0 0 0 0 0 0 2 2 0 0 0 0 0 0 0 0 0
0 0 0 0 0 0 0 0 0 8 0 0 0 0 0 0 0 2 2 2 2 0 0 0 0 0 0 0 0 0
0 0 0 0 0 0 0 0 0 8 0 0 0 0 0 0 0 0 2 2 2 0 0 0 0 0 0 0 0 0
0 0 0 0 0 0 0 0 0 8 0 0 0 0 0 0 0 0 0 0 2 0 0 0 0 0 0 0 0 0
0 0 3 4 4 4 4 4 4 8 8 8 8 8 8 8 8 8 8 8 8 8 8 8 8 8 8 8 2 2
0 0 3 4 4 4 4 4 4 8 8 8 8 8 8 8 8 8 8 8 8 8 8 8 8 8 8 2 2 2
0 0 0 0 0 0 0 0 0 8 0 0 0 0 0 0 0 0 0 2 2 0 0 0 0 0 0 0 0 0
0 0 0 0 0 0 0 0 0 8 0 0 0 0 0 0 0 0 0 0 2 0 0 0 0 0 0 0 0 0
0 0 0 0 0 0 0 0 0 8 0 0 0 0 0 0 0 0 0 2 2 0 0 0 0 0 0 0 0 0
0 0 0 0 0 0 0 0 0 8 0 0 0 0 0 0 0 0 0 0 2 0 0 0 0 0 0 0 0 0
0 0 0 0 0 0 0 0 0 8 0 0 0 0 0 0 0 0 0 0 2 0 0 0 0 0 0 0 0 0
0 0 0 0 3 3 4 4 4 8 8 8 8 8 8 8 8 8 8 8 8 8 8 8 8 8 8 8 2 2
0 0 0 0 3 3 4 4 4 8 8 8 8 8 8 8 8 8 8 8 8 8 8 8 8 8 8 2 2 2
0 0 0 0 0 3 4 4 4 8 8 8 8 8 8 8 8 8 8 8 8 8 8 8 8 8 8 2 2 2
0 0 0 0 0 0 0 0 0 8 0 0 0 0 0 0 0 0 0 0 2 0 0 0 0 0 0 0 0 0
0 0 0 0 0 0 0 0 0 8 0 0 0 0 0 0 0 0 0 0 2 0 0 0 0 0 0 0 0 0
0 0 0 0 0 0 0 0 0 8 0 0 0 0 0 0 0 0 0 2 2 0 0 0 0 0 0 0 0 0
0 0 0 0 0 0 0 0 0 8 0 0 0 0 0 0 0 0 0 0 2 0 0 0 0 0 0 0 0 0
0 0 0 3 3 4 4 4 4 8 8 8 8 8 8 8 8 8 8 8 8 8 8 8 8 8 8 8 2 2
0 0 0 0 0 0 0 0 0 8 0 0 0 0 0 0 0 0 0 0 2 0 0 0 0 0 0 0 0 0
0 0 0 0 0 0 0 0 0 8 0 0 0 0 0 0 0 0 0 2 2 0 0 0 0 0 0 0 0 0
0 0 0 0 0 0 0 0 0 8 0 0 0 0 0 0 0 0 0 2 2 0 0 0 0 0 0 0 0 0
0 0 0 0 0 0 0 0 0 8 0 0 0 0 0 0 0 0 0 0 2 0 0 0 0 0 0 0 0 0

Example 3 input (30x30):
0 0 0 0 0 0 0 0 0 0 0 0 0 0 0 0 0 0 0 0 0 0 0 0 0 0 0 0 0 0
0 0 0 0 0 0 0 0 0 0 0 0 0 0 0 0 0 0 0 0 0 0 0 0 0 0 0 0 0 0
0 0 0 0 0 0 4 4 4 4 4 0 0 0 0 0 0 0 0 0 0 0 0 0 0 0 0 0 0 0
0 0 0 0 0 0 0 0 0 0 0 0 0 0 0 0 0 0 0 0 0 0 0 0 0 0 0 0 0 0
0 0 0 0 0 0 0 0 0 0 0 0 0 0 0 0 4 4 4 4 0 0 0 0 0 4 4 0 0 0
0 0 0 0 0 0 0 0 0 0 0 0 0 0 0 0 4 4 4 4 0 0 0 0 0 0 0 0 0 0
0 0 0 0 0 0 0 0 0 0 0 0 0 0 0 0 0 0 0 0 0 0 0 0 0 0 0 0 0 0
0 0 0 0 0 0 0 0 0 0 0 0 0 0 0 0 0 0 0 0 0 0 0 0 0 0 0 0 0 0
0 0 0 0 0 0 0 0 0 0 0 0 0 0 0 0 0 0 0 0 0 0 0 0 0 0 0 0 0 0
8 8 8 8 8 8 8 8 8 8 8 8 8 8 8 8 8 8 8 8 8 8 8 8 8 8 8 8 8 8
0 0 0 0 0 0 0 0 0 0 0 0 0 0 0 0 0 0 0 0 0 0 0 0 0 0 0 0 0 0
0 0 0 0 0 0 0 0 0 0 0 0 0 0 0 0 0 0 0 0 0 0 0 0 0 0 0 0 0 0
0 0 0 0 0 0 0 0 0 0 0 0 0 0 0 0 0 0 0 0 0 0 0 0 0 0 0 0 0 0
0 0 0 0 0 0 0 0 0 0 0 0 0 0 0 0 0 0 0 0 0 0 0 0 0 0 0 0 0 0
0 0 0 0 0 0 0 0 0 0 0 0 0 0 0 0 0 0 0 0 0 0 0 0 0 0 0 0 0 0
0 0 0 0 0 0 0 0 0 0 0 0 0 0 0 0 0 0 0 0 0 0 0 0 0 0 0 0 0 0
0 0 0 0 0 0 0 0 0 0 0 0 0 0 0 0 0 0 0 0 0 0 0 0 0 0 0 0 0 0
0 0 0 0 0 0 0 0 0 0 0 0 0 0 0 0 0 0 0 0 0 0 0 0 0 0 0 0 0 0
0 0 0 0 0 0 0 0 0 0 0 0 0 0 0 0 0 0 0 0 0 0 0 0 0 0 0 0 0 0
0 0 0 0 0 0 0 0 2 2 0 0 0 0 0 2 0 0 0 0 0 0 0 0 0 0 0 0 0 0
0 0 0 0 0 0 0 2 2 2 0 0 0 0 0 2 2 0 0 0 0 0 0 0 0 0 0 0 0 0
0 0 2 2 0 2 2 2 2 2 2 0 2 0 2 2 2 0 2 0 2 2 0 2 0 2 2 0 0 0
2 2 2 2 2 2 2 2 2 2 2 2 2 2 2 2 2 2 2 2 2 2 2 2 2 2 2 2 2 2
0 0 0 0 0 0 0 0 0 0 0 0 0 0 0 0 0 0 0 0 0 0 0 0 0 0 0 0 0 0
0 0 0 0 0 0 0 0 0 0 0 0 0 0 0 0 0 0 0 0 0 0 0 0 0 0 0 0 0 0
0 0 0 0 0 0 0 0 0 0 0 0 0 0 0 0 0 0 0 0 0 0 0 0 0 0 0 0 0 0
0 0 0 0 0 0 0 0 0 0 0 0 0 0 0 0 0 0 0 0 0 0 0 0 0 0 0 0 0 0
0 0 0 0 0 0 0 0 0 0 0 0 0 0 0 0 0 0 0 0 0 0 0 0 0 0 0 0 0 0
0 0 0 0 0 0 0 0 0 0 0 0 0 0 0 0 0 0 0 0 0 0 0 0 0 0 0 0 0 0
0 0 0 0 0 0 0 0 0 0 0 0 0 0 0 0 0 0 0 0 0 0 0 0 0 0 0 0 0 0

Example 3 output (30x30):
0 0 0 0 0 0 0 0 0 0 0 0 0 0 0 0 0 0 0 0 0 0 0 0 0 0 0 0 0 0
0 0 0 0 0 0 0 0 0 0 0 0 0 0 0 0 0 0 0 0 0 0 0 0 0 0 0 0 0 0
0 0 0 0 0 0 3 3 3 3 3 0 0 0 0 0 0 0 0 0 0 0 0 0 0 0 0 0 0 0
0 0 0 0 0 0 4 4 4 4 4 0 0 0 0 0 0 0 0 0 0 0 0 0 0 0 0 0 0 0
0 0 0 0 0 0 4 4 4 4 4 0 0 0 0 0 3 3 3 3 0 0 0 0 0 3 3 0 0 0
0 0 0 0 0 0 4 4 4 4 4 0 0 0 0 0 3 3 3 3 0 0 0 0 0 4 4 0 0 0
0 0 0 0 0 0 4 4 4 4 4 0 0 0 0 0 4 4 4 4 0 0 0 0 0 4 4 0 0 0
0 0 0 0 0 0 4 4 4 4 4 0 0 0 0 0 4 4 4 4 0 0 0 0 0 4 4 0 0 0
0 0 0 0 0 0 4 4 4 4 4 0 0 0 0 0 4 4 4 4 0 0 0 0 0 4 4 0 0 0
8 8 8 8 8 8 8 8 8 8 8 8 8 8 8 8 8 8 8 8 8 8 8 8 8 8 8 8 8 8
0 0 0 0 0 0 8 8 8 8 8 0 0 0 0 0 8 8 8 8 0 0 0 0 0 8 8 0 0 0
0 0 0 0 0 0 8 8 8 8 8 0 0 0 0 0 8 8 8 8 0 0 0 0 0 8 8 0 0 0
0 0 0 0 0 0 8 8 8 8 8 0 0 0 0 0 8 8 8 8 0 0 0 0 0 8 8 0 0 0
0 0 0 0 0 0 8 8 8 8 8 0 0 0 0 0 8 8 8 8 0 0 0 0 0 8 8 0 0 0
0 0 0 0 0 0 8 8 8 8 8 0 0 0 0 0 8 8 8 8 0 0 0 0 0 8 8 0 0 0
0 0 0 0 0 0 8 8 8 8 8 0 0 0 0 0 8 8 8 8 0 0 0 0 0 8 8 0 0 0
0 0 0 0 0 0 8 8 8 8 8 0 0 0 0 0 8 8 8 8 0 0 0 0 0 8 8 0 0 0
0 0 0 0 0 0 8 8 8 8 8 0 0 0 0 0 8 8 8 8 0 0 0 0 0 8 8 0 0 0
0 0 0 0 0 0 8 8 8 8 8 0 0 0 0 0 8 8 8 8 0 0 0 0 0 8 8 0 0 0
0 0 0 0 0 0 8 8 8 8 8 0 0 0 0 2 8 8 8 8 0 0 0 0 0 8 8 0 0 0
0 0 0 0 0 0 8 8 8 8 8 0 0 0 0 2 8 8 8 8 0 0 0 0 0 8 8 0 0 0
0 0 2 2 0 2 8 8 8 8 8 0 2 0 2 2 8 8 8 8 2 2 0 2 0 8 8 0 0 0
2 2 2 2 2 2 8 8 8 8 8 2 2 2 2 2 8 8 8 8 2 2 2 2 2 8 8 2 2 2
0 0 0 0 0 0 8 8 8 8 8 0 0 0 0 0 8 8 8 8 0 0 0 0 0 8 8 0 0 0
0 0 0 0 0 0 8 8 8 8 8 0 0 0 0 0 8 8 8 8 0 0 0 0 0 8 8 0 0 0
0 0 0 0 0 0 8 8 8 8 8 0 0 0 0 0 8 8 8 8 0 0 0 0 0 8 8 0 0 0
0 0 0 0 0 0 8 8 2 2 8 0 0 0 0 0 8 8 8 8 0 0 0 0 0 8 8 0 0 0
0 0 0 0 0 0 8 2 2 2 8 0 0 0 0 0 2 8 8 8 0 0 0 0 0 8 8 0 0 0
0 0 0 0 0 0 2 2 2 2 2 0 0 0 0 0 2 8 2 8 0 0 0 0 0 2 2 0 0 0
0 0 0 0 0 0 2 2 2 2 2 0 0 0 0 0 2 2 2 2 0 0 0 0 0 2 2 0 0 0

Test input (30x30):
0 0 0 0 0 0 0 0 0 0 2 0 0 0 0 0 0 0 0 8 0 0 0 0 0 0 0 0 0 0
0 0 0 0 0 0 0 0 0 0 2 2 2 0 0 0 0 0 0 8 0 0 0 0 0 4 4 0 0 0
0 0 0 0 0 0 0 0 0 0 2 2 0 0 0 0 0 0 0 8 0 0 0 0 0 4 4 0 0 0
0 0 0 0 0 0 0 0 0 0 2 2 0 0 0 0 0 0 0 8 0 0 0 0 0 4 4 4 0 0
0 0 0 0 0 0 0 0 0 0 2 2 2 0 0 0 0 0 0 8 0 0 0 0 0 0 0 0 0 0
0 0 0 0 0 0 0 0 0 0 2 2 0 0 0 0 0 0 0 8 0 0 0 0 0 0 0 0 0 0
0 0 0 0 0 0 0 0 0 0 2 2 2 2 2 0 0 0 0 8 0 0 0 0 0 0 0 0 0 0
0 0 0 0 0 0 0 0 0 0 2 2 2 2 0 0 0 0 0 8 0 0 0 0 0 0 0 0 0 0
0 0 0 0 0 0 0 0 0 0 2 0 0 0 0 0 0 0 0 8 0 0 0 0 0 0 0 0 0 0
0 0 0 0 0 0 0 0 0 0 2 0 0 0 0 0 0 0 0 8 0 0 0 0 0 0 0 0 0 0
0 0 0 0 0 0 0 0 0 0 2 2 2 0 0 0 0 0 0 8 0 0 0 0 4 4 0 0 0 0
0 0 0 0 0 0 0 0 0 0 2 2 0 0 0 0 0 0 0 8 0 0 0 0 4 4 0 0 0 0
0 0 0 0 0 0 0 0 0 0 2 0 0 0 0 0 0 0 0 8 0 0 0 0 4 4 0 0 0 0
0 0 0 0 0 0 0 0 0 0 2 2 2 0 0 0 0 0 0 8 0 0 0 0 4 4 0 0 0 0
0 0 0 0 0 0 0 0 0 0 2 2 2 2 0 0 0 0 0 8 0 0 0 0 4 0 0 0 0 0
0 0 0 0 0 0 0 0 0 0 2 2 0 0 0 0 0 0 0 8 0 0 0 0 4 0 0 0 0 0
0 0 0 0 0 0 0 0 0 0 2 0 0 0 0 0 0 0 0 8 0 0 0 0 0 0 0 0 0 0
0 0 0 0 0 0 0 0 0 0 2 2 0 0 0 0 0 0 0 8 0 0 0 0 0 0 0 0 0 0
0 0 0 0 0 0 0 0 0 0 2 0 0 0 0 0 0 0 0 8 0 0 0 0 0 0 0 0 0 0
0 0 0 0 0 0 0 0 0 0 2 2 0 0 0 0 0 0 0 8 0 0 0 0 0 0 0 0 0 0
0 0 0 0 0 0 0 0 0 0 2 2 2 0 0 0 0 0 0 8 0 0 0 0 4 0 0 0 0 0
0 0 0 0 0 0 0 0 0 0 2 2 2 2 2 0 0 0 0 8 0 0 0 0 4 0 0 0 0 0
0 0 0 0 0 0 0 0 0 0 2 2 0 0 0 0 0 0 0 8 0 0 0 0 4 0 0 0 0 0
0 0 0 0 0 0 0 0 0 0 2 2 2 0 0 0 0 0 0 8 0 0 0 0 4 0 0 0 0 0
0 0 0 0 0 0 0 0 0 0 2 2 2 2 0 0 0 0 0 8 0 0 0 0 0 0 0 0 0 0
0 0 0 0 0 0 0 0 0 0 2 2 0 0 0 0 0 0 0 8 0 0 0 0 0 0 0 0 0 0
0 0 0 0 0 0 0 0 0 0 2 2 0 0 0 0 0 0 0 8 0 0 0 0 0 0 0 0 0 4
0 0 0 0 0 0 0 0 0 0 2 2 2 0 0 0 0 0 0 8 0 0 0 0 0 4 0 0 0 0
0 0 0 0 0 0 0 0 0 0 2 2 2 0 0 0 0 0 0 8 0 0 0 0 0 0 0 0 0 0
0 0 0 0 0 0 0 0 0 0 2 0 0 0 0 0 0 0 0 8 0 0 0 0 0 0 0 0 0 0
