Example 1 input (23x22):
0 0 0 0 0 0 0 0 0 0 3 0 0 0 0 3 0 0 0 0 0 0
0 0 6 6 6 6 6 6 0 0 6 6 6 6 3 6 0 0 0 0 0 0
0 0 8 8 3 3 8 8 0 0 8 3 3 3 8 8 0 0 0 0 0 0
0 0 8 8 3 3 8 8 0 0 8 8 3 3 8 8 0 0 3 0 0 0
0 3 8 8 3 3 8 8 0 0 8 8 3 3 8 3 0 0 0 3 0 0
0 3 8 8 3 3 8 8 0 0 8 8 3 3 8 8 3 0 0 0 0 0
0 0 0 0 0 0 0 0 0 0 3 0 0 0 0 0 0 0 0 0 0 0
0 3 0 0 0 3 0 0 0 0 0 0 0 0 0 0 0 0 0 0 0 0
0 0 6 6 6 6 6 6 0 0 6 6 3 6 6 6 0 0 0 0 0 0
0 0 8 8 3 3 8 8 0 0 3 8 3 3 8 3 0 3 0 0 0 3
0 0 8 8 3 3 3 8 0 0 3 8 3 3 8 8 0 0 0 0 0 0
0 0 8 8 3 3 8 8 0 0 8 3 3 3 3 8 0 0 0 0 0 0
3 3 8 8 3 3 8 8 0 0 8 8 3 3 8 8 0 0 0 0 0 0
0 0 0 0 0 0 0 0 0 0 0 0 0 3 0 0 0 0 3 0 0 0
0 0 0 0 0 0 0 0 0 3 0 0 3 0 0 0 0 0 0 0 0 0
0 0 6 6 3 6 6 6 0 3 6 6 6 3 6 6 0 0 0 0 0 0
0 0 8 8 3 3 8 8 0 0 8 8 3 3 8 8 0 0 0 0 3 0
0 0 8 3 3 3 8 8 0 0 8 8 3 3 8 8 0 0 0 0 0 0
0 0 8 8 3 3 8 8 0 0 8 8 3 3 8 8 0 0 0 0 0 0
0 0 8 8 3 3 8 8 0 0 8 8 3 3 8 8 0 0 0 0 0 0
0 0 0 0 0 0 3 3 0 0 0 0 0 0 0 0 0 0 0 0 0 0
0 0 0 0 0 0 0 0 0 3 0 0 3 0 0 0 3 0 0 0 0 0
0 0 0 0 0 0 0 3 0 0 0 0 0 0 0 0 0 0 0 0 0 0

Example 1 output (23x22):
0 0 0 0 0 0 0 0 0 0 0 0 0 0 0 0 0 0 0 0 0 0
0 0 6 6 6 6 6 6 0 0 6 6 6 6 6 6 0 0 0 0 0 0
0 0 8 8 3 3 8 8 0 0 8 8 3 3 8 8 0 0 0 0 0 0
0 0 8 8 3 3 8 8 0 0 8 8 3 3 8 8 0 0 0 0 0 0
0 0 8 8 3 3 8 8 0 0 8 8 3 3 8 8 0 0 0 0 0 0
0 0 8 8 3 3 8 8 0 0 8 8 3 3 8 8 0 0 0 0 0 0
0 0 0 0 0 0 0 0 0 0 0 0 0 0 0 0 0 0 0 0 0 0
0 0 0 0 0 0 0 0 0 0 0 0 0 0 0 0 0 0 0 0 0 0
0 0 6 6 6 6 6 6 0 0 6 6 6 6 6 6 0 0 0 0 0 0
0 0 8 8 3 3 8 8 0 0 8 8 3 3 8 8 0 0 0 0 0 0
0 0 8 8 3 3 8 8 0 0 8 8 3 3 8 8 0 0 0 0 0 0
0 0 8 8 3 3 8 8 0 0 8 8 3 3 8 8 0 0 0 0 0 0
0 0 8 8 3 3 8 8 0 0 8 8 3 3 8 8 0 0 0 0 0 0
0 0 0 0 0 0 0 0 0 0 0 0 0 0 0 0 0 0 0 0 0 0
0 0 0 0 0 0 0 0 0 0 0 0 0 0 0 0 0 0 0 0 0 0
0 0 6 6 6 6 6 6 0 0 6 6 6 6 6 6 0 0 0 0 0 0
0 0 8 8 3 3 8 8 0 0 8 8 3 3 8 8 0 0 0 0 0 0
0 0 8 8 3 3 8 8 0 0 8 8 3 3 8 8 0 0 0 0 0 0
0 0 8 8 3 3 8 8 0 0 8 8 3 3 8 8 0 0 0 0 0 0
0 0 8 8 3 3 8 8 0 0 8 8 3 3 8 8 0 0 0 0 0 0
0 0 0 0 0 0 0 0 0 0 0 0 0 0 0 0 0 0 0 0 0 0
0 0 0 0 0 0 0 0 0 0 0 0 0 0 0 0 0 0 0 0 0 0
0 0 0 0 0 0 0 0 0 0 0 0 0 0 0 0 0 0 0 0 0 0

Example 2 input (21x22):
0 3 0 0 0 3 3 0 0 0 0 3 0 0 0 0 0 0 0 0 0 0
0 1 1 2 3 3 0 1 1 2 3 3 1 1 1 2 3 3 0 3 0 0
0 1 1 3 3 3 0 1 1 2 3 3 0 1 1 2 3 3 3 0 3 0
0 1 1 2 3 3 0 1 1 2 3 3 0 1 1 1 3 3 0 0 0 3
0 1 3 3 3 1 0 1 1 2 3 3 0 1 1 2 3 3 0 0 0 0
0 8 8 8 8 8 0 8 8 8 8 8 0 8 8 8 8 8 0 0 0 0
0 0 0 0 0 0 0 0 0 0 0 0 0 0 0 0 0 0 0 0 0 0
0 3 1 3 3 3 0 3 1 2 3 3 0 1 1 2 3 3 0 0 3 0
0 1 1 2 3 3 0 1 1 2 3 3 0 1 1 2 3 3 0 0 0 0
0 1 1 2 3 3 0 1 3 2 1 3 0 1 1 2 3 3 0 0 0 0
1 1 1 2 3 3 0 1 1 2 3 3 3 1 3 2 3 3 0 0 0 0
0 8 1 8 8 3 0 8 8 8 8 8 0 1 8 8 8 8 0 0 0 0
0 0 0 1 0 0 0 0 0 0 0 0 0 0 0 0 0 0 0 3 3 0
0 1 1 2 3 3 0 1 1 2 3 3 0 1 1 2 3 3 0 0 3 0
0 1 1 3 3 3 0 1 1 2 3 3 0 1 1 2 3 3 0 0 0 0
0 1 1 2 3 3 0 1 1 1 3 3 0 1 1 2 3 1 0 0 0 0
1 1 1 2 3 3 0 1 1 2 3 1 0 1 1 2 3 3 0 0 0 0
3 8 8 8 3 3 1 8 8 8 8 8 0 8 8 8 8 8 0 0 1 0
0 1 0 0 0 0 0 0 0 0 0 0 0 0 0 0 0 0 0 0 0 0
0 3 3 0 3 0 3 0 1 1 0 3 0 0 0 0 0 0 0 0 0 1
0 0 3 0 0 1 0 0 0 0 0 3 0 0 0 0 0 0 0 0 0 0

Example 2 output (21x22):
0 0 0 0 0 0 0 0 0 0 0 0 0 0 0 0 0 0 0 0 0 0
0 1 1 2 3 3 0 1 1 2 3 3 0 1 1 2 3 3 0 0 0 0
0 1 1 2 3 3 0 1 1 2 3 3 0 1 1 2 3 3 0 0 0 0
0 1 1 2 3 3 0 1 1 2 3 3 0 1 1 2 3 3 0 0 0 0
0 1 1 2 3 3 0 1 1 2 3 3 0 1 1 2 3 3 0 0 0 0
0 8 8 8 8 8 0 8 8 8 8 8 0 8 8 8 8 8 0 0 0 0
0 0 0 0 0 0 0 0 0 0 0 0 0 0 0 0 0 0 0 0 0 0
0 1 1 2 3 3 0 1 1 2 3 3 0 1 1 2 3 3 0 0 0 0
0 1 1 2 3 3 0 1 1 2 3 3 0 1 1 2 3 3 0 0 0 0
0 1 1 2 3 3 0 1 1 2 3 3 0 1 1 2 3 3 0 0 0 0
0 1 1 2 3 3 0 1 1 2 3 3 0 1 1 2 3 3 0 0 0 0
0 8 8 8 8 8 0 8 8 8 8 8 0 8 8 8 8 8 0 0 0 0
0 0 0 0 0 0 0 0 0 0 0 0 0 0 0 0 0 0 0 0 0 0
0 1 1 2 3 3 0 1 1 2 3 3 0 1 1 2 3 3 0 0 0 0
0 1 1 2 3 3 0 1 1 2 3 3 0 1 1 2 3 3 0 0 0 0
0 1 1 2 3 3 0 1 1 2 3 3 0 1 1 2 3 3 0 0 0 0
0 1 1 2 3 3 0 1 1 2 3 3 0 1 1 2 3 3 0 0 0 0
0 8 8 8 8 8 0 8 8 8 8 8 0 8 8 8 8 8 0 0 0 0
0 0 0 0 0 0 0 0 0 0 0 0 0 0 0 0 0 0 0 0 0 0
0 0 0 0 0 0 0 0 0 0 0 0 0 0 0 0 0 0 0 0 0 0
0 0 0 0 0 0 0 0 0 0 0 0 0 0 0 0 0 0 0 0 0 0

Example 3 input (22x22):
0 0 0 0 0 0 0 0 0 0 0 0 0 0 0 0 0 0 0 0 0 3
0 2 2 2 2 2 0 2 2 2 2 0 0 2 2 2 2 0 0 0 0 3
0 3 2 2 3 0 0 3 2 2 3 0 3 3 2 2 3 0 0 3 0 0
0 2 3 3 3 0 0 3 3 3 3 0 0 3 3 3 3 0 0 0 0 0
0 2 3 1 3 0 0 2 2 1 2 0 0 3 1 1 3 0 0 0 0 0
0 0 0 0 0 0 0 0 0 0 0 2 0 0 0 0 0 0 2 0 0 0
0 0 0 2 0 0 0 0 0 0 0 0 0 0 0 0 0 0 0 3 0 0
0 2 2 2 2 3 0 2 2 2 2 0 0 2 2 2 2 2 0 0 0 0
0 3 2 2 3 0 0 3 2 2 3 0 3 3 2 2 3 2 0 0 0 0
0 3 3 3 3 0 0 3 3 3 3 0 0 3 3 3 3 0 0 0 0 0
0 3 3 1 3 0 0 3 1 1 3 0 0 3 1 1 3 0 0 0 0 0
0 0 0 0 0 0 0 0 0 0 0 0 0 0 0 0 0 0 0 0 0 0
0 0 0 0 0 0 0 0 0 0 0 0 0 3 0 0 0 0 0 0 0 0
0 2 2 2 2 0 0 3 2 3 2 0 0 2 3 2 2 0 0 0 0 0
0 3 2 2 3 0 0 3 2 3 3 0 0 3 2 3 3 0 0 0 0 0
3 3 3 3 3 0 0 3 3 3 3 0 0 3 2 3 3 0 0 2 0 0
0 3 1 1 3 0 3 3 1 1 3 0 0 3 1 1 3 0 0 0 0 0
0 2 0 0 3 0 0 0 0 0 0 0 0 0 0 0 0 0 0 0 0 0
0 0 0 0 0 0 3 0 2 0 0 0 0 0 0 0 0 0 0 0 0 0
0 2 0 0 0 0 2 0 0 3 0 0 0 0 0 0 0 0 0 0 0 0
0 0 0 0 0 0 0 0 0 0 2 2 0 0 0 0 0 0 0 2 0 0
0 0 0 3 0 0 2 0 2 0 0 0 0 0 0 0 0 0 0 0 0 0

Example 3 output (22x22):
0 0 0 0 0 0 0 0 0 0 0 0 0 0 0 0 0 0 0 0 0 0
0 2 2 2 2 0 0 2 2 2 2 0 0 2 2 2 2 0 0 0 0 0
0 3 2 2 3 0 0 3 2 2 3 0 0 3 2 2 3 0 0 0 0 0
0 3 3 3 3 0 0 3 3 3 3 0 0 3 3 3 3 0 0 0 0 0
0 3 1 1 3 0 0 3 1 1 3 0 0 3 1 1 3 0 0 0 0 0
0 0 0 0 0 0 0 0 0 0 0 0 0 0 0 0 0 0 0 0 0 0
0 0 0 0 0 0 0 0 0 0 0 0 0 0 0 0 0 0 0 0 0 0
0 2 2 2 2 0 0 2 2 2 2 0 0 2 2 2 2 0 0 0 0 0
0 3 2 2 3 0 0 3 2 2 3 0 0 3 2 2 3 0 0 0 0 0
0 3 3 3 3 0 0 3 3 3 3 0 0 3 3 3 3 0 0 0 0 0
0 3 1 1 3 0 0 3 1 1 3 0 0 3 1 1 3 0 0 0 0 0
0 0 0 0 0 0 0 0 0 0 0 0 0 0 0 0 0 0 0 0 0 0
0 0 0 0 0 0 0 0 0 0 0 0 0 0 0 0 0 0 0 0 0 0
0 2 2 2 2 0 0 2 2 2 2 0 0 2 2 2 2 0 0 0 0 0
0 3 2 2 3 0 0 3 2 2 3 0 0 3 2 2 3 0 0 0 0 0
0 3 3 3 3 0 0 3 3 3 3 0 0 3 3 3 3 0 0 0 0 0
0 3 1 1 3 0 0 3 1 1 3 0 0 3 1 1 3 0 0 0 0 0
0 0 0 0 0 0 0 0 0 0 0 0 0 0 0 0 0 0 0 0 0 0
0 0 0 0 0 0 0 0 0 0 0 0 0 0 0 0 0 0 0 0 0 0
0 0 0 0 0 0 0 0 0 0 0 0 0 0 0 0 0 0 0 0 0 0
0 0 0 0 0 0 0 0 0 0 0 0 0 0 0 0 0 0 0 0 0 0
0 0 0 0 0 0 0 0 0 0 0 0 0 0 0 0 0 0 0 0 0 0

Test input (24x22):
0 0 3 3 0 0 0 0 0 0 0 0 0 0 0 0 3 0 0 0 0 0
0 2 2 8 3 2 0 2 2 8 2 2 0 3 2 8 2 2 0 0 0 3
0 3 3 8 3 3 0 3 3 8 3 3 0 3 3 8 3 3 0 3 0 0
0 3 3 8 3 3 0 3 3 8 3 3 0 3 3 8 3 3 0 0 0 0
3 8 8 3 3 8 0 8 8 8 8 8 0 8 8 3 8 8 0 0 0 0
0 8 8 8 8 3 0 8 8 8 8 8 0 8 8 8 8 8 0 0 0 0
0 0 0 0 0 0 0 0 0 0 0 0 0 0 0 0 0 0 0 3 0 0
0 0 0 0 0 0 0 0 0 0 0 3 0 0 0 0 3 3 0 0 0 0
0 2 3 8 2 2 0 2 2 3 2 3 0 2 2 8 2 2 0 0 0 3
0 3 3 8 3 3 0 3 3 8 3 3 0 3 3 8 3 3 0 3 0 0
0 3 3 8 3 3 0 3 3 8 3 3 0 3 3 8 3 3 0 0 0 0
0 8 8 8 8 8 3 8 8 8 8 3 0 8 8 8 3 8 0 0 0 0
0 8 8 8 3 8 0 8 3 8 8 8 0 8 8 8 8 8 0 0 0 0
0 0 0 0 3 0 0 0 0 0 0 0 0 0 3 3 0 3 0 0 0 0
0 0 0 0 0 0 3 0 0 0 0 0 0 0 0 0 0 0 0 3 0 3
0 2 2 8 2 2 0 2 2 8 2 2 0 2 2 8 2 2 0 0 0 0
0 3 3 8 3 3 0 3 3 8 3 3 0 3 3 8 3 3 0 0 3 0
0 3 3 3 3 3 0 3 3 8 3 3 0 3 3 8 3 3 0 0 0 0
0 3 8 8 8 8 0 8 8 3 3 8 0 8 8 3 8 8 0 3 0 0
0 8 8 8 8 8 0 8 8 3 8 8 0 3 8 8 8 8 0 0 0 0
0 0 0 3 0 0 0 0 0 0 0 0 0 0 0 0 0 0 0 0 3 0
0 0 0 0 3 0 0 0 0 0 3 0 3 0 0 3 0 0 0 0 3 0
3 0 0 0 0 0 0 0 0 0 0 0 0 3 0 0 0 0 0 0 0 0
0 0 0 0 0 0 0 0 0 0 0 0 0 0 0 0 0 3 0 0 0 0
