Example 1 input (3x3):
0 7 0
7 7 7
0 7 0

Example 1 output (9x9):
0 0 0 7 0 7 0 0 0
0 0 0 0 0 0 0 0 0
0 0 0 7 0 7 0 0 0
7 0 7 7 0 7 7 0 7
0 0 0 0 0 0 0 0 0
7 0 7 7 0 7 7 0 7
0 0 0 7 0 7 0 0 0
0 0 0 0 0 0 0 0 0
0 0 0 7 0 7 0 0 0

Example 2 input (3x3):
0 0 6
0 6 0
6 0 0

Example 2 output (9x9):
0 0 0 0 0 0 6 6 0
0 0 0 0 0 0 6 0 6
0 0 0 0 0 0 0 6 6
0 0 0 6 6 0 0 0 0
0 0 0 6 0 6 0 0 0
0 0 0 0 6 6 0 0 0
6 6 0 0 0 0 0 0 0
6 0 6 0 0 0 0 0 0
0 6 6 0 0 0 0 0 0

Example 3 input (3x3):
4 4 0
0 0 4
0 0 4

Example 3 output (9x9):
0 0 4 0 0 4 0 0 0
4 4 0 4 4 0 0 0 0
4 4 0 4 4 0 0 0 0
0 0 0 0 0 0 0 0 4
0 0 0 0 0 0 4 4 0
0 0 0 0 0 0 4 4 0
0 0 0 0 0 0 0 0 4
0 0 0 0 0 0 4 4 0
0 0 0 0 0 0 4 4 0

Test input (3x3):
0 0 3
3 3 0
0 3 0
