Example 1 input (12x13):
0 0 1 1 0 0 0 2 0 0 0 3 3
0 0 0 1 0 0 0 2 0 0 3 3 0
0 0 0 1 1 0 0 2 0 0 0 3 0
2 2 2 2 2 2 2 2 2 2 2 2 2
0 0 0 0 0 0 0 2 0 0 0 0 0
0 0 0 0 0 0 0 2 0 0 0 0 0
0 0 0 0 0 0 0 2 0 0 0 0 0
0 0 4 0 0 0 0 2 0 0 0 0 0
0 4 0 4 0 0 0 2 0 5 5 0 0
0 0 4 0 0 0 0 2 0 0 5 0 0
0 0 0 0 0 0 0 2 0 0 0 5 0
0 0 0 0 0 0 0 2 0 0 0 0 0

Example 1 output (6x6):
1 1 0 0 3 3
0 1 0 3 3 0
0 1 1 0 3 0
0 4 0 5 5 0
4 0 4 0 5 0
0 4 0 0 0 5

Example 2 input (15x13):
0 0 0 0 1 0 0 0 0 0 0 0 0
0 0 0 0 1 0 0 0 0 0 0 0 0
0 0 0 0 1 0 0 3 0 0 0 0 0
0 0 0 0 1 0 0 0 3 3 0 0 0
0 0 0 0 1 0 0 0 3 0 0 0 0
0 2 2 0 1 0 0 0 0 0 0 0 0
2 2 2 0 1 0 0 0 0 0 0 0 0
0 2 0 0 1 0 0 0 0 0 0 0 0
0 0 0 0 1 0 0 0 0 0 0 0 0
1 1 1 1 1 1 1 1 1 1 1 1 1
0 0 0 0 1 0 0 0 0 0 0 0 0
0 0 5 0 1 0 0 0 0 0 0 0 0
5 5 5 0 1 0 0 8 0 8 0 0 0
0 5 0 0 1 0 0 0 8 0 0 0 0
0 0 0 0 1 0 0 8 0 0 0 0 0

Example 2 output (6x6):
0 2 2 3 0 0
2 2 2 0 3 3
0 2 0 0 3 0
0 0 5 8 0 8
5 5 5 0 8 0
0 5 0 8 0 0

Example 3 input (16x12):
0 0 0 0 0 0 3 0 0 1 1 0
0 0 2 2 0 0 3 0 1 0 0 0
0 2 0 2 0 0 3 0 0 1 0 0
0 0 2 0 0 0 3 0 0 0 0 0
3 3 3 3 3 3 3 3 3 3 3 3
0 0 0 0 0 0 3 0 0 0 0 0
0 0 0 0 0 0 3 0 0 0 5 0
0 0 0 0 0 0 3 0 0 5 0 5
0 0 0 0 0 0 3 0 0 5 5 5
0 0 0 0 0 0 3 0 0 0 0 0
0 0 0 0 0 0 3 0 0 0 0 0
0 0 0 0 0 0 3 0 0 0 0 0
4 0 0 0 0 0 3 0 0 0 0 0
4 4 4 0 0 0 3 0 0 0 0 0
0 4 0 0 0 0 3 0 0 0 0 0
0 0 0 0 0 0 3 0 0 0 0 0

Example 3 output (6x6):
0 2 2 0 1 1
2 0 2 1 0 0
0 2 0 0 1 0
4 0 0 0 5 0
4 4 4 5 0 5
0 4 0 5 5 5

Test input (14x13):
0 0 0 0 0 0 1 0 0 0 0 0 0
0 0 0 0 0 0 1 0 0 0 0 0 0
0 0 0 0 0 0 1 0 0 3 3 3 0
0 0 2 2 0 0 1 0 0 0 3 3 0
0 0 2 0 0 0 1 0 0 3 0 0 0
0 2 0 2 0 0 1 0 0 0 0 0 0
0 0 0 0 0 0 1 0 0 0 0 0 0
1 1 1 1 1 1 1 1 1 1 1 1 1
0 0 0 0 0 0 1 0 0 0 0 0 0
0 0 0 0 0 0 1 0 0 0 0 0 0
0 0 0 0 0 0 1 0 0 0 4 0 0
0 0 6 6 0 0 1 0 0 4 0 4 0
0 6 0 6 0 0 1 0 0 0 4 0 0
0 6 6 0 0 0 1 0 0 0 0 0 0
