Example 1 input (10x10):
4 2 0 0 0 0 0 0 0 0
3 7 0 0 0 0 4 0 0 0
0 0 0 0 0 3 4 4 0 0
0 0 0 0 0 3 2 4 0 0
0 0 0 7 7 3 2 4 0 0
0 0 0 7 3 3 2 0 0 0
0 0 0 7 0 0 2 2 0 0
0 0 0 7 7 0 0 0 0 0
0 0 0 0 0 0 0 0 0 0
0 0 0 0 0 0 0 0 0 0

Example 1 output (10x10):
4 2 0 0 0 0 0 0 0 0
3 7 0 0 0 0 2 0 0 0
0 0 0 0 0 7 2 2 0 0
0 0 0 0 0 7 4 2 0 0
0 0 0 3 3 7 4 2 0 0
0 0 0 3 7 7 4 0 0 0
0 0 0 3 0 0 4 4 0 0
0 0 0 3 3 0 0 0 0 0
0 0 0 0 0 0 0 0 0 0
0 0 0 0 0 0 0 0 0 0

Example 2 input (10x10):
1 3 0 0 0 0 0 0 0 0
2 8 0 0 0 0 1 0 0 0
0 0 0 0 1 1 1 0 0 0
0 0 0 0 1 1 1 0 0 0
0 0 3 3 3 3 1 8 0 0
0 0 3 3 2 0 8 8 0 0
0 0 0 0 2 0 8 8 0 0
0 0 0 0 2 0 0 0 0 0
0 0 0 0 2 0 0 0 0 0
0 0 0 0 0 0 0 0 0 0

Example 2 output (10x10):
1 3 0 0 0 0 0 0 0 0
2 8 0 0 0 0 3 0 0 0
0 0 0 0 3 3 3 0 0 0
0 0 0 0 3 3 3 0 0 0
0 0 1 1 1 1 3 2 0 0
0 0 1 1 8 0 2 2 0 0
0 0 0 0 8 0 2 2 0 0
0 0 0 0 8 0 0 0 0 0
0 0 0 0 8 0 0 0 0 0
0 0 0 0 0 0 0 0 0 0

Example 3 input (10x10):
9 4 0 0 0 0 0 0 0 0
7 6 0 0 0 9 9 0 0 0
0 0 0 0 0 7 9 0 0 0
0 0 0 0 0 4 0 0 0 0
0 0 0 0 7 4 0 0 0 0
0 0 0 6 6 7 0 0 0 0
0 0 0 7 6 6 0 0 0 0
0 0 0 0 0 0 0 0 0 0
0 0 0 0 0 0 0 0 0 0
0 0 0 0 0 0 0 0 0 0

Example 3 output (10x10):
9 4 0 0 0 0 0 0 0 0
7 6 0 0 0 4 4 0 0 0
0 0 0 0 0 6 4 0 0 0
0 0 0 0 0 9 0 0 0 0
0 0 0 0 6 9 0 0 0 0
0 0 0 7 7 6 0 0 0 0
0 0 0 6 7 7 0 0 0 0
0 0 0 0 0 0 0 0 0 0
0 0 0 0 0 0 0 0 0 0
0 0 0 0 0 0 0 0 0 0

Test input (10x10):
8 9 0 0 0 0 0 0 0 0
2 4 0 0 0 9 9 0 0 0
0 0 0 8 8 8 9 0 0 0
0 0 0 2 8 8 9 0 0 0
0 0 0 2 4 2 0 0 0 0
0 0 0 2 2 4 0 0 0 0
0 0 0 2 4 4 0 0 0 0
0 0 0 9 4 4 0 0 0 0
0 0 0 0 0 4 0 0 0 0
0 0 0 0 0 0 0 0 0 0
