Example 1 input (3x4):
6 2 4 2
2 2 6 6
6 4 2 4

Example 1 output (6x8):
4 2 4 6 6 4 2 4
6 6 2 2 2 2 6 6
2 4 2 6 6 2 4 2
2 4 2 6 6 2 4 2
6 6 2 2 2 2 6 6
4 2 4 6 6 4 2 4

Example 2 input (3x4):
5 5 9 9
9 5 5 5
5 7 5 7

Example 2 output (6x8):
7 5 7 5 5 7 5 7
5 5 5 9 9 5 5 5
9 9 5 5 5 5 9 9
9 9 5 5 5 5 9 9
5 5 5 9 9 5 5 5
7 5 7 5 5 7 5 7

Example 3 input (3x4):
3 3 5 5
5 8 5 8
8 8 5 8

Example 3 output (6x8):
8 5 8 8 8 8 5 8
8 5 8 5 5 8 5 8
5 5 3 3 3 3 5 5
5 5 3 3 3 3 5 5
8 5 8 5 5 8 5 8
8 5 8 8 8 8 5 8

Test input (3x4):
8 5 7 8
7 7 8 8
5 5 8 5
