Example 1 input (13x4):
0 2 2 0
2 0 0 0
0 2 0 2
2 2 2 2
0 0 2 0
0 0 2 2
7 7 7 7
0 6 6 0
0 0 0 0
6 6 6 6
6 6 0 6
0 6 6 6
0 0 6 0

Example 1 output (6x4):
8 0 0 8
0 8 8 8
0 0 0 0
0 0 0 0
8 0 0 0
8 8 0 0

Example 2 input (13x4):
2 2 0 2
2 0 2 2
2 2 0 0
0 2 0 2
0 2 2 0
2 0 0 2
7 7 7 7
6 0 6 6
0 6 0 0
0 0 0 0
0 0 0 6
6 6 0 0
6 0 6 0

Example 2 output (6x4):
0 0 0 0
0 0 0 0
0 0 8 8
8 0 8 0
0 0 0 8
0 8 0 0

Example 3 input (13x4):
0 0 0 2
2 0 0 0
0 2 2 2
0 0 0 2
2 0 2 0
0 2 2 0
7 7 7 7
6 0 6 6
6 0 0 6
0 6 6 6
6 0 0 0
6 0 0 6
0 0 6 0

Example 3 output (6x4):
0 8 0 0
0 8 8 0
8 0 0 0
0 8 8 0
0 8 0 0
8 0 0 8

Example 4 input (13x4):
2 2 0 0
0 2 2 0
2 2 0 0
2 0 0 0
0 0 0 2
2 2 0 0
7 7 7 7
6 6 6 6
6 0 6 6
6 6 0 0
0 0 0 0
6 6 0 0
0 0 6 0

Example 4 output (6x4):
0 0 0 0
0 0 0 0
0 0 8 8
0 8 8 8
0 0 8 0
0 0 0 8

Test input (13x4):
0 0 0 2
0 2 2 0
2 0 0 2
0 2 2 0
2 0 2 2
0 0 0 2
7 7 7 7
6 6 0 6
6 6 6 0
0 0 0 0
6 6 0 6
6 0 6 0
0 0 6 6
