Example 1 input (20x20):
0 0 0 0 0 0 0 1 0 0 0 0 0 0 2 2 2 2 0 0
0 0 0 0 0 0 0 0 0 0 0 0 0 0 2 2 2 2 0 0
0 0 0 0 0 0 2 2 2 2 2 0 0 0 2 2 2 2 0 0
0 0 0 0 0 0 2 2 2 2 2 0 0 0 0 0 0 0 0 0
0 0 0 0 0 0 2 2 2 2 2 0 0 0 0 0 0 0 0 0
0 0 0 0 0 0 2 2 2 2 2 0 0 0 0 0 0 0 0 0
0 0 0 0 0 0 0 0 0 0 0 0 0 0 0 0 0 0 0 0
0 0 2 2 2 2 0 0 0 0 0 0 0 0 0 0 0 0 0 0
1 0 2 2 2 2 0 0 0 0 0 2 2 2 2 0 0 0 0 1
0 0 2 2 2 2 0 0 0 0 0 2 2 2 2 0 0 0 0 0
0 0 0 0 0 0 0 0 0 0 0 2 2 2 2 0 0 0 0 0
0 0 0 0 0 0 0 0 0 0 0 0 0 0 0 0 0 0 0 0
0 0 0 0 0 0 0 0 0 0 0 0 0 0 0 0 0 0 0 0
0 0 2 2 2 2 0 0 0 0 0 0 0 0 0 0 0 0 0 0
0 0 2 2 2 2 0 0 0 0 0 0 0 0 0 0 0 0 0 0
0 0 2 2 2 2 0 0 0 0 0 0 0 0 0 0 0 0 0 0
0 0 0 0 0 0 0 0 0 0 0 0 0 0 2 2 2 2 2 0
0 0 0 0 0 0 0 0 0 0 0 0 0 0 2 2 2 2 2 0
0 0 0 0 0 0 0 0 0 0 0 0 0 0 0 0 0 0 0 0
0 0 0 0 0 0 0 1 0 0 0 0 0 0 0 0 0 0 0 0

Example 1 output (20x20):
0 0 0 0 0 0 0 1 0 0 0 0 0 0 2 2 2 2 0 0
0 0 0 0 0 0 0 1 0 0 0 0 0 0 2 2 2 2 0 0
0 0 0 0 0 0 1 1 1 1 1 0 0 0 2 2 2 2 0 0
0 0 0 0 0 0 1 1 1 1 1 0 0 0 0 0 0 0 0 0
0 0 0 0 0 0 1 1 1 1 1 0 0 0 0 0 0 0 0 0
0 0 0 0 0 0 1 1 1 1 1 0 0 0 0 0 0 0 0 0
0 0 0 0 0 0 0 1 0 0 0 0 0 0 0 0 0 0 0 0
0 0 1 1 1 1 0 1 0 0 0 0 0 0 0 0 0 0 0 0
1 1 1 1 1 1 1 1 1 1 1 1 1 1 1 1 1 1 1 1
0 0 1 1 1 1 0 1 0 0 0 1 1 1 1 0 0 0 0 0
0 0 0 0 0 0 0 1 0 0 0 1 1 1 1 0 0 0 0 0
0 0 0 0 0 0 0 1 0 0 0 0 0 0 0 0 0 0 0 0
0 0 0 0 0 0 0 1 0 0 0 0 0 0 0 0 0 0 0 0
0 0 2 2 2 2 0 1 0 0 0 0 0 0 0 0 0 0 0 0
0 0 2 2 2 2 0 1 0 0 0 0 0 0 0 0 0 0 0 0
0 0 2 2 2 2 0 1 0 0 0 0 0 0 0 0 0 0 0 0
0 0 0 0 0 0 0 1 0 0 0 0 0 0 2 2 2 2 2 0
0 0 0 0 0 0 0 1 0 0 0 0 0 0 2 2 2 2 2 0
0 0 0 0 0 0 0 1 0 0 0 0 0 0 0 0 0 0 0 0
0 0 0 0 0 0 0 1 0 0 0 0 0 0 0 0 0 0 0 0

Example 2 input (10x20):
0 0 0 0 0 0 1 0 0 0 0 0 0 0 0 0 0 0 0 0
0 0 0 0 0 0 0 0 0 0 0 0 0 0 0 0 0 0 0 0
0 0 0 2 2 2 2 2 0 0 0 0 0 0 2 2 2 2 0 0
0 0 0 2 2 2 2 2 0 0 0 0 0 0 2 2 2 2 0 0
0 0 0 2 2 2 2 2 0 0 0 0 0 0 0 0 0 0 0 0
0 0 0 2 2 2 2 2 0 2 2 2 0 0 0 0 2 2 2 2
0 0 0 0 0 0 0 0 0 2 2 2 0 0 0 0 2 2 2 2
0 0 2 2 0 0 0 0 0 2 2 2 0 0 0 0 2 2 2 2
0 0 2 2 0 0 0 0 0 0 0 0 0 0 0 0 0 0 0 0
0 0 0 0 0 0 1 0 0 0 0 0 0 0 0 0 0 0 0 0

Example 2 output (10x20):
0 0 0 0 0 0 1 0 0 0 0 0 0 0 0 0 0 0 0 0
0 0 0 0 0 0 1 0 0 0 0 0 0 0 0 0 0 0 0 0
0 0 0 1 1 1 1 1 0 0 0 0 0 0 2 2 2 2 0 0
0 0 0 1 1 1 1 1 0 0 0 0 0 0 2 2 2 2 0 0
0 0 0 1 1 1 1 1 0 0 0 0 0 0 0 0 0 0 0 0
0 0 0 1 1 1 1 1 0 2 2 2 0 0 0 0 2 2 2 2
0 0 0 0 0 0 1 0 0 2 2 2 0 0 0 0 2 2 2 2
0 0 2 2 0 0 1 0 0 2 2 2 0 0 0 0 2 2 2 2
0 0 2 2 0 0 1 0 0 0 0 0 0 0 0 0 0 0 0 0
0 0 0 0 0 0 1 0 0 0 0 0 0 0 0 0 0 0 0 0

Example 3 input (13x14):
0 0 2 2 2 0 0 1 0 0 0 0 0 0
0 0 2 2 2 0 0 0 0 0 0 0 0 0
1 0 2 2 2 0 0 2 2 2 0 0 0 1
0 0 2 2 2 0 0 2 2 2 0 0 0 0
0 0 0 0 0 0 0 0 0 0 0 0 0 0
2 2 0 0 2 2 2 2 2 2 0 0 0 0
2 2 0 0 2 2 2 2 2 2 0 0 0 0
0 0 0 0 2 2 2 2 2 2 0 2 2 2
0 0 0 0 2 2 2 2 2 2 0 2 2 2
0 0 0 0 2 2 2 2 2 2 0 2 2 2
0 0 0 0 0 0 0 0 0 0 0 2 2 2
0 2 2 2 2 2 0 0 0 0 0 2 2 2
0 2 2 2 2 2 0 1 0 0 0 0 0 0

Example 3 output (13x14):
0 0 1 1 1 0 0 1 0 0 0 0 0 0
0 0 1 1 1 0 0 1 0 0 0 0 0 0
1 1 1 1 1 1 1 1 1 1 1 1 1 1
0 0 1 1 1 0 0 1 1 1 0 0 0 0
0 0 0 0 0 0 0 1 0 0 0 0 0 0
2 2 0 0 1 1 1 1 1 1 0 0 0 0
2 2 0 0 1 1 1 1 1 1 0 0 0 0
0 0 0 0 1 1 1 1 1 1 0 2 2 2
0 0 0 0 1 1 1 1 1 1 0 2 2 2
0 0 0 0 1 1 1 1 1 1 0 2 2 2
0 0 0 0 0 0 0 1 0 0 0 2 2 2
0 2 2 2 2 2 0 1 0 0 0 2 2 2
0 2 2 2 2 2 0 1 0 0 0 0 0 0

Test input (23x25):
0 0 0 0 0 1 0 0 0 2 2 2 0 0 0 0 0 0 0 0 0 0 0 0 0
0 0 0 0 0 0 0 0 0 2 2 2 0 0 0 0 0 0 0 2 2 2 2 0 0
0 0 0 0 0 0 0 0 0 2 2 2 0 0 0 0 0 0 0 2 2 2 2 0 0
0 0 0 0 2 2 2 0 0 2 2 2 0 2 2 2 2 2 0 2 2 2 2 0 0
1 0 0 0 2 2 2 0 0 0 0 0 0 2 2 2 2 2 0 2 2 2 2 0 1
0 0 0 0 2 2 2 0 0 0 0 0 0 2 2 2 2 2 0 0 0 0 0 0 0
0 0 0 0 0 0 0 0 0 0 0 0 0 2 2 2 2 2 0 0 0 0 2 2 0
0 0 0 0 0 0 0 0 0 0 0 0 0 2 2 2 2 2 0 0 0 0 2 2 0
0 0 0 0 0 0 0 0 0 0 0 0 0 0 0 0 0 0 0 0 0 0 2 2 0
0 0 0 0 0 0 0 0 0 2 2 0 0 0 0 0 0 0 0 0 0 0 0 0 0
0 2 2 2 2 2 0 0 0 2 2 0 0 0 0 0 0 0 0 0 0 0 0 0 0
1 2 2 2 2 2 0 0 0 2 2 0 0 0 0 0 0 0 0 0 0 0 0 0 1
0 2 2 2 2 2 0 0 0 0 0 0 0 0 0 0 0 0 0 0 0 0 0 0 0
0 2 2 2 2 2 0 0 0 0 0 0 0 0 0 0 0 0 0 0 0 0 0 0 0
0 0 0 0 0 0 0 0 0 0 0 0 0 0 0 0 0 0 0 0 0 0 0 0 0
0 0 0 0 0 0 0 0 0 0 0 0 0 0 0 0 0 0 0 0 0 0 0 0 0
0 0 0 0 0 2 2 2 2 2 2 2 2 2 0 0 0 0 0 0 0 2 2 2 0
0 0 0 0 0 2 2 2 2 2 2 2 2 2 0 0 0 0 0 0 0 2 2 2 0
0 0 0 0 0 2 2 2 2 2 2 2 2 2 0 0 0 2 2 0 0 2 2 2 0
0 0 0 0 0 2 2 2 2 2 2 2 2 2 0 0 0 2 2 0 0 0 0 0 0
0 0 0 0 0 2 2 2 2 2 2 2 2 2 0 0 0 0 0 0 0 0 0 0 0
0 0 0 0 0 0 0 0 0 0 0 0 0 0 0 0 0 0 0 0 0 0 0 0 0
0 0 0 0 0 1 0 0 0 0 0 0 0 0 0 0 0 0 0 0 0 0 0 0 0
