Example 1 input (24x13):
0 0 0 0 0 0 0 0 0 0 0 0 0
0 0 0 0 3 0 0 0 0 0 0 0 0
0 0 2 0 3 4 0 0 0 0 0 0 0
0 0 2 1 1 0 0 0 0 0 0 0 0
0 0 2 0 0 4 0 0 0 0 0 0 0
0 0 0 0 0 0 0 0 0 0 0 0 0
0 0 0 0 0 0 0 0 0 0 0 0 0
0 0 0 0 0 0 0 0 0 0 0 0 0
0 0 0 0 0 0 0 0 0 0 0 0 0
0 0 0 0 0 0 0 0 0 0 0 0 0
0 0 0 0 0 0 0 0 0 0 0 0 0
0 0 0 0 0 0 0 0 0 0 0 0 0
0 0 8 8 8 8 8 8 0 0 0 0 0
0 0 8 8 8 8 8 8 0 0 0 0 0
0 0 0 0 8 8 0 0 0 0 0 0 0
0 0 0 0 8 8 0 0 0 0 0 0 0
0 0 0 0 8 8 8 8 8 8 0 0 0
0 0 0 0 8 8 8 8 8 8 0 0 0
0 0 8 8 0 0 8 8 0 0 0 0 0
0 0 8 8 0 0 8 8 0 0 0 0 0
0 0 0 0 0 0 0 0 0 0 0 0 0
0 0 0 0 0 0 0 0 0 0 0 0 0
0 0 0 0 0 0 0 0 0 0 0 0 0
0 0 0 0 0 0 0 0 0 0 0 0 0

Example 1 output (24x13):
0 0 0 0 0 0 0 0 0 0 0 0 0
0 0 0 0 3 0 0 0 0 0 0 0 0
0 0 2 0 3 4 0 0 0 0 0 0 0
0 0 2 1 1 0 0 0 0 0 0 0 0
0 0 2 0 0 4 0 0 0 0 0 0 0
0 0 0 0 0 0 0 0 0 0 0 0 0
0 0 0 0 0 0 0 0 0 0 0 0 0
0 0 0 0 0 0 0 0 0 0 0 0 0
0 0 0 0 0 0 0 0 0 0 0 0 0
0 0 0 0 0 0 0 0 0 0 0 0 0
0 0 0 0 0 0 0 0 0 0 0 0 0
0 0 0 0 0 0 0 0 0 0 0 0 0
0 0 2 2 2 2 2 2 0 0 0 0 0
0 0 2 2 2 2 2 2 0 0 0 0 0
0 0 0 0 1 1 0 0 0 0 0 0 0
0 0 0 0 1 1 0 0 0 0 0 0 0
0 0 0 0 1 1 3 3 3 3 0 0 0
0 0 0 0 1 1 3 3 3 3 0 0 0
0 0 4 4 0 0 4 4 0 0 0 0 0
0 0 4 4 0 0 4 4 0 0 0 0 0
0 0 0 0 0 0 0 0 0 0 0 0 0
0 0 0 0 0 0 0 0 0 0 0 0 0
0 0 0 0 0 0 0 0 0 0 0 0 0
0 0 0 0 0 0 0 0 0 0 0 0 0

Example 2 input (22x12):
0 0 0 0 0 0 0 0 0 0 0 0
0 0 0 0 0 0 0 0 0 0 0 0
0 0 0 0 0 0 0 0 0 0 0 0
0 0 0 0 3 1 0 0 0 0 0 0
0 0 0 4 3 0 0 0 0 0 0 0
0 0 0 2 0 4 0 0 0 0 0 0
0 0 0 0 0 0 0 0 0 0 0 0
0 0 0 0 0 0 0 0 0 0 0 0
0 0 0 0 0 0 0 0 0 0 0 0
0 0 0 0 0 0 0 0 0 0 0 0
0 8 8 8 8 8 8 0 0 0 0 0
0 8 8 8 8 8 8 0 0 0 0 0
0 8 8 8 8 8 8 0 0 0 0 0
0 0 0 0 8 8 8 8 8 8 0 0
0 0 0 0 8 8 8 8 8 8 0 0
0 0 0 0 8 8 8 8 8 8 0 0
0 8 8 8 0 0 0 8 8 8 0 0
0 8 8 8 0 0 0 8 8 8 0 0
0 8 8 8 0 0 0 8 8 8 0 0
0 0 0 0 0 0 0 0 0 0 0 0
0 0 0 0 0 0 0 0 0 0 0 0
0 0 0 0 0 0 0 0 0 0 0 0

Example 2 output (22x12):
0 0 0 0 0 0 0 0 0 0 0 0
0 0 0 0 0 0 0 0 0 0 0 0
0 0 0 0 0 0 0 0 0 0 0 0
0 0 0 0 3 1 0 0 0 0 0 0
0 0 0 4 3 0 0 0 0 0 0 0
0 0 0 2 0 4 0 0 0 0 0 0
0 0 0 0 0 0 0 0 0 0 0 0
0 0 0 0 0 0 0 0 0 0 0 0
0 0 0 0 0 0 0 0 0 0 0 0
0 0 0 0 0 0 0 0 0 0 0 0
0 2 2 2 4 4 4 0 0 0 0 0
0 2 2 2 4 4 4 0 0 0 0 0
0 2 2 2 4 4 4 0 0 0 0 0
0 0 0 0 3 3 3 3 3 3 0 0
0 0 0 0 3 3 3 3 3 3 0 0
0 0 0 0 3 3 3 3 3 3 0 0
0 4 4 4 0 0 0 1 1 1 0 0
0 4 4 4 0 0 0 1 1 1 0 0
0 4 4 4 0 0 0 1 1 1 0 0
0 0 0 0 0 0 0 0 0 0 0 0
0 0 0 0 0 0 0 0 0 0 0 0
0 0 0 0 0 0 0 0 0 0 0 0

Test input (16x26):
0 0 0 0 0 0 0 0 0 0 0 0 0 0 0 0 0 0 0 0 0 0 0 0 0 0
0 0 0 0 0 0 0 0 0 0 0 0 0 0 0 0 0 0 0 0 0 0 0 0 0 0
0 0 0 0 0 0 0 0 0 0 0 0 0 0 0 0 0 0 0 0 0 0 0 0 0 0
0 0 8 8 8 8 0 0 0 0 0 0 0 0 0 0 0 0 0 0 0 0 0 0 0 0
0 0 8 8 8 8 0 0 0 0 0 0 0 0 0 0 0 0 0 0 0 0 0 0 0 0
0 0 8 8 8 8 0 0 0 0 0 0 0 0 0 0 0 0 0 0 0 0 0 0 0 0
0 0 8 8 8 8 0 0 0 0 0 0 0 0 0 0 0 0 0 0 0 0 4 0 0 0
0 0 0 0 0 0 8 8 8 8 8 8 8 8 0 0 0 0 0 0 0 0 4 2 0 0
0 0 0 0 0 0 8 8 8 8 8 8 8 8 0 0 0 0 0 0 0 3 0 2 0 0
0 0 0 0 0 0 8 8 8 8 8 8 8 8 0 0 0 0 0 0 0 0 0 0 0 0
0 0 0 0 0 0 8 8 8 8 8 8 8 8 0 0 0 0 0 0 0 0 0 0 0 0
0 0 8 8 8 8 8 8 8 8 0 0 0 0 0 0 0 0 0 0 0 0 0 0 0 0
0 0 8 8 8 8 8 8 8 8 0 0 0 0 0 0 0 0 0 0 0 0 0 0 0 0
0 0 8 8 8 8 8 8 8 8 0 0 0 0 0 0 0 0 0 0 0 0 0 0 0 0
0 0 8 8 8 8 8 8 8 8 0 0 0 0 0 0 0 0 0 0 0 0 0 0 0 0
0 0 0 0 0 0 0 0 0 0 0 0 0 0 0 0 0 0 0 0 0 0 0 0 0 0
