Example 1 input (5x5):
5 0 6 0 0
5 4 4 4 0
0 0 6 0 0
0 0 0 0 0
0 0 0 0 0

Example 1 output (5x5):
5 0 6 0 0
5 4 4 4 0
0 0 6 0 0
0 0 6 0 0
0 4 4 4 0

Example 2 input (8x7):
5 0 8 8 0 0 0
5 0 0 7 0 0 0
5 0 0 4 4 0 0
0 0 3 3 0 0 0
0 0 1 1 0 0 0
0 0 0 0 0 0 0
0 0 0 0 0 0 0
0 0 0 0 0 0 0

Example 2 output (8x7):
5 0 8 8 0 0 0
5 0 0 7 0 0 0
5 0 0 4 4 0 0
0 0 3 3 0 0 0
0 0 1 1 0 0 0
0 0 8 8 0 0 0
0 0 0 7 0 0 0
0 0 0 4 4 0 0

Example 3 input (9x7):
5 0 0 4 4 0 0
5 0 8 8 8 0 0
0 0 0 2 0 0 0
0 0 0 3 3 0 0
0 0 4 4 0 0 0
0 0 0 0 0 0 0
0 0 0 0 0 0 0
0 0 0 0 0 0 0
0 0 0 0 0 0 0

Example 3 output (9x7):
5 0 0 4 4 0 0
5 0 8 8 8 0 0
0 0 0 2 0 0 0
0 0 0 3 3 0 0
0 0 4 4 0 0 0
0 0 0 4 4 0 0
0 0 8 8 8 0 0
0 0 0 4 4 0 0
0 0 8 8 8 0 0

Example 4 input (13x6):
5 0 0 3 3 0
5 0 0 3 2 0
5 0 0 2 3 0
5 0 0 8 8 0
0 0 0 8 8 0
0 0 0 0 0 0
0 0 0 0 0 0
0 0 0 0 0 0
0 0 0 0 0 0
0 0 0 0 0 0
0 0 0 0 0 0
0 0 0 0 0 0
0 0 0 0 0 0

Example 4 output (13x6):
5 0 0 3 3 0
5 0 0 3 2 0
5 0 0 2 3 0
5 0 0 8 8 0
0 0 0 8 8 0
0 0 0 3 3 0
0 0 0 3 2 0
0 0 0 2 3 0
0 0 0 8 8 0
0 0 0 3 3 0
0 0 0 3 2 0
0 0 0 2 3 0
0 0 0 8 8 0

Example 5 input (7x6):
5 0 6 8 0 0
0 0 8 3 0 0
0 0 0 0 0 0
0 0 0 0 0 0
0 0 0 0 0 0
0 0 0 0 0 0
0 0 0 0 0 0

Example 5 output (7x6):
5 0 6 8 0 0
0 0 8 3 0 0
0 0 6 8 0 0
0 0 6 8 0 0
0 0 6 8 0 0
0 0 6 8 0 0
0 0 6 8 0 0

Test input (10x7):
5 0 4 4 4 0 0
5 0 0 8 0 0 0
5 0 0 6 0 0 0
0 0 2 2 0 0 0
0 0 0 0 0 0 0
0 0 0 0 0 0 0
0 0 0 0 0 0 0
0 0 0 0 0 0 0
0 0 0 0 0 0 0
0 0 0 0 0 0 0
