Example 1 input (11x14):
0 0 0 0 0 0 0 0 0 0 0 0 0 0
0 1 0 1 0 0 0 0 0 0 0 0 0 0
0 0 1 0 0 0 0 0 0 0 0 0 0 0
0 1 1 1 0 0 0 0 0 0 0 0 0 0
0 0 0 0 0 0 0 0 0 0 0 0 0 0
0 0 0 0 0 0 0 0 0 0 0 0 0 0
0 0 0 0 0 0 0 0 0 0 0 0 0 0
0 0 0 0 2 0 3 0 4 0 0 0 0 0
0 0 0 0 0 0 0 0 0 0 0 0 0 0
0 0 0 0 0 0 0 0 0 0 0 0 0 0
0 0 0 0 0 0 0 0 0 0 0 0 0 0

Example 1 output (3x9):
2 0 2 3 0 3 4 0 4
0 2 0 0 3 0 0 4 0
2 2 2 3 3 3 4 4 4

Example 2 input (11x9):
0 0 0 0 0 0 0 0 0
0 0 0 0 0 3 0 0 0
0 0 0 0 0 0 0 0 0
0 0 0 0 0 6 0 0 0
0 1 1 0 0 0 0 0 0
1 1 1 0 0 8 0 0 0
0 1 0 0 0 0 0 0 0
0 0 0 0 0 0 0 0 0
0 0 0 0 0 0 0 0 0
0 0 0 0 0 0 0 0 0
0 0 0 0 0 0 0 0 0

Example 2 output (9x3):
0 3 3
3 3 3
0 3 0
0 6 6
6 6 6
0 6 0
0 8 8
8 8 8
0 8 0

Example 3 input (11x10):
0 0 1 1 0 0 0 0 0 0
0 1 1 0 0 0 0 0 0 0
0 0 1 1 0 0 0 0 0 0
0 0 0 0 0 0 0 0 0 0
0 0 0 0 0 0 0 0 0 0
0 0 0 0 0 0 0 0 0 0
0 3 0 2 0 0 0 0 0 0
0 0 0 0 0 0 0 0 0 0
0 0 0 0 0 0 0 0 0 0
0 0 0 0 0 0 0 0 0 0
0 0 0 0 0 0 0 0 0 0

Example 3 output (3x6):
0 3 3 0 2 2
3 3 0 2 2 0
0 3 3 0 2 2

Example 4 input (11x11):
0 0 0 0 0 0 0 0 0 0 0
0 0 0 0 0 0 0 6 0 0 0
0 0 0 1 0 0 0 0 0 0 0
0 0 1 1 0 0 0 2 0 0 0
0 0 0 0 1 0 0 0 0 0 0
0 0 0 0 0 0 0 0 0 0 0
0 0 0 0 0 0 0 0 0 0 0
0 0 0 0 0 0 0 0 0 0 0
0 0 0 0 0 0 0 0 0 0 0
0 0 0 0 0 0 0 0 0 0 0
0 0 0 0 0 0 0 0 0 0 0

Example 4 output (6x3):
0 6 0
6 6 0
0 0 6
0 2 0
2 2 0
0 0 2

Test 1 input (11x11):
0 0 0 0 0 0 0 0 0 0 0
0 1 1 0 0 0 0 0 0 0 0
1 1 0 0 0 0 0 0 0 0 0
1 1 0 0 0 0 0 0 0 0 0
0 0 0 0 0 0 0 0 0 0 0
0 0 0 0 0 0 0 0 0 0 0
0 0 2 0 8 0 3 0 6 0 0
0 0 0 0 0 0 0 0 0 0 0
0 0 0 0 0 0 0 0 0 0 0
0 0 0 0 0 0 0 0 0 0 0
0 0 0 0 0 0 0 0 0 0 0

Test 2 input (9x11):
0 0 0 0 1 0 0 0 0 0 0
0 0 0 1 1 1 0 0 0 0 0
0 7 0 0 1 0 0 0 0 0 0
0 0 0 0 0 0 0 0 0 0 0
0 6 0 0 0 0 0 0 0 0 0
0 0 0 0 0 0 0 0 0 0 0
0 3 0 0 0 0 0 0 0 0 0
0 0 0 0 0 0 0 0 0 0 0
0 2 0 0 0 0 0 0 0 0 0
