Example 1 input (7x8):
0 0 1 0 7 7 7 0
8 8 0 0 5 5 0 0
0 8 8 0 0 5 5 0
0 1 1 0 8 0 0 1
0 7 0 1 8 0 0 0
8 0 0 0 1 0 7 0
0 8 8 8 1 0 0 0

Example 1 output (7x8):
0 0 3 0 7 7 7 0
8 8 0 0 5 5 0 0
0 8 8 0 0 5 5 0
0 3 3 0 3 0 0 3
0 3 0 3 3 0 0 0
3 0 0 0 3 0 3 0
0 8 8 8 3 0 0 0

Example 2 input (9x8):
0 0 1 8 1 1 1 0
1 5 1 7 1 1 0 0
0 8 0 7 7 7 8 8
0 8 8 0 0 0 8 0
0 7 0 0 8 5 5 0
1 0 0 0 0 0 0 1
1 0 8 7 7 8 0 0
0 0 8 7 7 0 8 8
0 8 8 0 8 0 8 8

Example 2 output (9x8):
0 0 3 3 1 1 1 0
3 3 3 7 1 1 0 0
0 8 0 7 7 7 8 8
0 8 8 0 0 0 8 0
0 3 0 0 3 3 3 0
3 0 0 0 0 0 0 3
3 0 8 7 7 3 0 0
0 0 8 7 7 0 8 8
0 8 8 0 3 0 8 8

Example 3 input (5x8):
1 7 7 1 0 8 0 5
1 7 7 1 1 0 1 0
8 8 0 0 7 7 7 7
0 1 0 0 0 0 1 1
5 0 8 0 1 0 1 1

Example 3 output (5x8):
3 7 7 1 0 3 0 3
3 7 7 1 1 0 3 0
3 3 0 0 7 7 7 7
0 3 0 0 0 0 1 1
3 0 3 0 3 0 1 1

Example 4 input (3x3):
1 0 5
1 0 0
7 7 7

Example 4 output (3x3):
3 0 3
3 0 0
7 7 7

Test input (8x8):
0 5 0 1 5 5 0 5
1 1 0 0 0 1 1 0
0 7 7 0 0 0 0 5
1 1 0 5 0 1 0 0
0 1 0 5 5 5 0 1
0 7 0 0 7 0 0 7
1 0 1 0 0 0 1 7
0 0 1 1 0 1 0 7
