Example 1 input (7x15):
1 1 0 0 2 0 2 4 0 0 0 5 0 0 0
1 0 1 0 2 0 2 4 0 0 0 0 0 0 0
0 1 0 0 2 2 2 4 0 0 0 0 0 0 0
0 0 0 0 0 0 0 4 0 0 0 0 0 0 0
6 0 6 0 3 3 3 4 0 0 0 0 0 0 0
0 6 0 0 0 3 0 4 0 0 0 0 0 0 0
0 6 0 0 3 0 3 4 0 0 0 0 0 0 0

Example 1 output (7x7):
0 0 0 5 0 0 0
0 0 0 1 1 1 0
0 0 0 0 0 6 0
0 0 0 0 0 6 0
0 0 0 0 2 2 0
0 3 3 3 3 0 0
0 0 0 0 0 0 0

Example 2 input (15x15):
2 0 2 0 6 0 6 4 0 5 0 0 0 0 0
2 0 2 0 0 6 0 4 0 0 0 0 0 0 0
2 2 2 0 0 6 0 4 0 0 0 0 0 0 0
0 0 0 0 0 0 0 4 0 0 0 0 0 0 0
1 1 0 0 3 3 3 4 0 0 0 0 0 0 0
1 0 1 0 0 3 0 4 0 0 0 0 0 0 0
0 1 0 0 3 0 3 4 0 0 0 0 0 0 0
0 0 0 0 0 0 0 4 0 0 0 0 0 0 0
1 1 0 0 6 0 6 4 0 0 0 0 0 0 0
1 0 1 0 0 6 0 4 0 0 0 0 0 0 0
0 1 0 0 0 6 0 4 0 0 0 0 0 0 0
0 0 0 0 0 0 0 4 0 0 0 0 0 0 0
6 0 6 0 1 1 0 4 0 0 0 0 0 0 0
0 6 0 0 1 0 1 4 0 0 0 0 0 0 0
0 6 0 0 0 1 0 4 0 0 0 0 0 0 0

Example 2 output (15x7):
0 5 0 0 0 0 0
2 2 0 0 0 0 0
1 1 1 0 0 0 0
0 0 1 1 1 0 0
0 0 0 0 6 0 0
0 0 0 0 6 0 0
0 0 0 0 6 0 0
0 0 0 0 6 0 0
0 3 3 3 3 0 0
0 6 0 0 0 0 0
0 6 0 0 0 0 0
0 1 1 1 0 0 0
0 0 0 0 0 0 0
0 0 0 0 0 0 0
0 0 0 0 0 0 0

Example 3 input (11x15):
2 0 2 0 6 0 6 4 0 0 0 0 5 0 0
2 0 2 0 0 6 0 4 0 0 0 0 0 0 0
2 2 2 0 0 6 0 4 0 0 0 0 0 0 0
0 0 0 0 0 0 0 4 0 0 0 0 0 0 0
6 0 6 0 1 1 0 4 0 0 0 0 0 0 0
0 6 0 0 1 0 1 4 0 0 0 0 0 0 0
0 6 0 0 0 1 0 4 0 0 0 0 0 0 0
0 0 0 0 0 0 0 4 0 0 0 0 0 0 0
2 0 2 0 6 0 6 4 0 0 0 0 0 0 0
2 0 2 0 0 6 0 4 0 0 0 0 0 0 0
2 2 2 0 0 6 0 4 0 0 0 0 0 0 0

Example 3 output (11x7):
0 0 0 0 5 0 0
0 0 0 2 2 0 0
0 0 0 6 0 0 0
0 0 0 6 0 0 0
0 0 2 2 0 0 0
0 0 6 0 0 0 0
0 0 6 0 0 0 0
0 0 1 1 1 0 0
0 0 0 0 6 0 0
0 0 0 0 6 0 0
0 0 0 0 0 0 0

Test input (19x15):
1 1 0 0 1 1 0 4 0 0 5 0 0 0 0
1 0 1 0 1 0 1 4 0 0 0 0 0 0 0
0 1 0 0 0 1 0 4 0 0 0 0 0 0 0
0 0 0 0 0 0 0 4 0 0 0 0 0 0 0
2 0 2 0 1 1 0 4 0 0 0 0 0 0 0
2 0 2 0 1 0 1 4 0 0 0 0 0 0 0
2 2 2 0 0 1 0 4 0 0 0 0 0 0 0
0 0 0 0 0 0 0 4 0 0 0 0 0 0 0
6 0 6 0 6 0 6 4 0 0 0 0 0 0 0
0 6 0 0 0 6 0 4 0 0 0 0 0 0 0
0 6 0 0 0 6 0 4 0 0 0 0 0 0 0
0 0 0 0 0 0 0 4 0 0 0 0 0 0 0
3 3 3 0 3 3 3 4 0 0 0 0 0 0 0
0 3 0 0 0 3 0 4 0 0 0 0 0 0 0
3 0 3 0 3 0 3 4 0 0 0 0 0 0 0
0 0 0 0 0 0 0 4 0 0 0 0 0 0 0
6 0 6 0 2 0 2 4 0 0 0 0 0 0 0
0 6 0 0 2 0 2 4 0 0 0 0 0 0 0
0 6 0 0 2 2 2 4 0 0 0 0 0 0 0
