Example 1 input (16x15):
0 0 0 0 0 0 0 0 0 0 0 0 0 0 0
0 0 0 0 0 0 0 0 0 0 0 0 0 0 0
0 0 0 0 0 0 0 0 0 0 0 0 0 0 0
0 0 0 0 0 0 4 4 4 4 4 0 0 0 0
0 0 0 0 0 0 0 0 0 0 0 0 0 0 0
0 0 0 0 0 0 0 0 0 0 0 0 0 0 0
8 8 8 8 0 0 0 0 0 0 0 0 0 0 0
0 0 0 0 0 0 0 0 0 0 0 0 0 0 0
0 0 0 0 0 0 0 0 0 0 0 0 0 0 0
0 0 0 0 0 0 0 0 0 0 0 0 0 0 0
0 0 0 0 0 0 0 0 0 0 0 0 0 0 0
0 0 0 0 0 0 0 3 3 3 0 0 0 0 0
0 0 0 0 0 0 0 0 0 0 0 0 0 0 0
0 0 0 0 0 0 0 0 0 0 0 0 0 0 0
0 0 0 0 0 0 0 0 0 0 0 0 0 0 0
5 5 5 5 5 5 5 5 5 5 5 5 5 5 5

Example 1 output (16x15):
0 0 0 0 0 0 0 0 0 0 0 0 0 0 0
0 0 0 0 0 0 0 0 0 0 0 0 0 0 0
0 0 0 0 0 0 0 0 0 0 0 0 0 0 0
0 0 0 0 0 0 4 4 4 4 4 0 0 0 0
0 0 0 0 0 0 4 4 4 4 4 0 0 0 0
0 0 0 0 0 0 4 4 4 4 4 0 0 0 0
8 8 8 8 0 0 4 4 4 4 4 0 0 0 0
8 8 8 8 0 0 4 4 4 4 4 0 0 0 0
8 8 8 8 0 0 4 4 4 4 4 0 0 0 0
8 8 8 8 0 0 4 4 4 4 4 0 0 0 0
8 8 8 8 0 0 4 4 4 4 4 0 0 0 0
8 8 8 8 0 0 4 3 3 3 4 0 0 0 0
8 8 8 8 0 0 4 3 3 3 4 0 0 0 0
8 8 8 8 0 0 4 3 3 3 4 0 0 0 0
8 8 8 8 0 0 4 3 3 3 4 0 0 0 0
5 5 5 5 5 5 5 5 5 5 5 5 5 5 5

Example 2 input (16x17):
0 0 0 0 0 0 0 0 0 0 0 0 0 0 0 0 5
0 0 0 0 0 0 0 0 0 0 0 2 0 0 0 0 5
0 0 0 0 0 0 0 0 0 0 0 2 0 0 0 0 5
0 0 0 0 0 0 0 0 0 0 0 0 0 0 0 0 5
0 0 0 0 0 0 3 0 0 0 0 0 0 0 0 0 5
0 0 0 0 0 0 3 0 0 0 0 0 0 0 0 0 5
0 0 0 0 0 0 3 0 0 0 0 0 0 0 0 0 5
0 0 7 0 0 0 3 0 0 0 0 0 0 0 0 0 5
0 0 7 0 0 0 0 0 0 0 0 0 0 0 0 0 5
0 0 7 0 0 0 0 0 0 0 0 0 0 0 0 0 5
0 0 7 0 0 0 0 0 0 0 0 0 0 0 0 0 5
0 0 0 0 0 0 0 0 0 0 0 0 0 0 0 0 5
0 0 0 0 0 0 0 0 0 0 0 0 0 0 0 0 5
0 0 0 0 0 0 0 0 0 0 0 0 0 0 0 0 5
0 0 0 0 0 0 0 0 0 0 0 0 0 0 0 0 5
0 0 0 0 0 0 0 0 0 0 0 0 0 0 0 0 5

Example 2 output (16x17):
0 0 0 0 0 0 0 0 0 0 0 0 0 0 0 0 5
0 0 0 0 0 0 0 0 0 0 0 2 2 2 2 2 5
0 0 0 0 0 0 0 0 0 0 0 2 2 2 2 2 5
0 0 0 0 0 0 0 0 0 0 0 0 0 0 0 0 5
0 0 0 0 0 0 3 3 3 3 3 3 3 3 3 3 5
0 0 0 0 0 0 3 3 3 3 3 3 3 3 3 3 5
0 0 0 0 0 0 3 3 3 3 3 3 3 3 3 3 5
0 0 7 7 7 7 3 3 3 3 3 3 3 3 3 3 5
0 0 7 7 7 7 7 7 7 7 7 7 7 7 7 7 5
0 0 7 7 7 7 7 7 7 7 7 7 7 7 7 7 5
0 0 7 7 7 7 7 7 7 7 7 7 7 7 7 7 5
0 0 0 0 0 0 0 0 0 0 0 0 0 0 0 0 5
0 0 0 0 0 0 0 0 0 0 0 0 0 0 0 0 5
0 0 0 0 0 0 0 0 0 0 0 0 0 0 0 0 5
0 0 0 0 0 0 0 0 0 0 0 0 0 0 0 0 5
0 0 0 0 0 0 0 0 0 0 0 0 0 0 0 0 5

Example 3 input (17x17):
5 0 0 0 0 0 0 0 0 0 0 0 0 0 0 0 0
5 0 0 0 0 0 0 0 0 3 0 0 0 0 0 0 0
5 0 0 0 0 0 0 0 0 3 0 0 0 0 0 0 0
5 0 0 0 0 0 0 0 0 3 0 0 0 0 0 0 0
5 0 0 0 0 0 0 0 0 3 0 0 0 0 0 0 0
5 0 0 0 0 0 0 0 0 3 0 0 0 6 0 0 0
5 0 0 0 0 0 0 0 0 3 0 0 0 6 0 0 0
5 0 0 0 0 0 0 0 0 0 0 0 0 6 0 0 0
5 0 0 0 0 0 0 0 0 0 0 0 0 6 0 0 0
5 0 0 0 0 0 0 0 0 0 0 0 0 6 0 0 0
5 0 0 0 0 0 2 0 0 0 0 0 0 6 0 0 0
5 0 0 0 0 0 2 0 0 0 0 0 0 6 0 0 0
5 0 0 0 0 0 0 0 0 0 0 0 0 6 0 0 0
5 0 0 0 0 0 0 0 0 0 0 0 0 0 0 0 0
5 0 0 0 0 0 0 0 0 0 0 0 0 0 0 0 0
5 0 0 0 0 0 0 0 0 0 0 0 0 0 0 0 0
5 0 0 0 0 0 0 0 0 0 0 0 0 0 0 0 0

Example 3 output (17x17):
5 0 0 0 0 0 0 0 0 0 0 0 0 0 0 0 0
5 3 3 3 3 3 3 3 3 3 0 0 0 0 0 0 0
5 3 3 3 3 3 3 3 3 3 0 0 0 0 0 0 0
5 3 3 3 3 3 3 3 3 3 0 0 0 0 0 0 0
5 3 3 3 3 3 3 3 3 3 0 0 0 0 0 0 0
5 3 3 3 3 3 3 3 3 3 6 6 6 6 0 0 0
5 3 3 3 3 3 3 3 3 3 6 6 6 6 0 0 0
5 6 6 6 6 6 6 6 6 6 6 6 6 6 0 0 0
5 6 6 6 6 6 6 6 6 6 6 6 6 6 0 0 0
5 6 6 6 6 6 6 6 6 6 6 6 6 6 0 0 0
5 2 2 2 2 2 2 6 6 6 6 6 6 6 0 0 0
5 2 2 2 2 2 2 6 6 6 6 6 6 6 0 0 0
5 6 6 6 6 6 6 6 6 6 6 6 6 6 0 0 0
5 0 0 0 0 0 0 0 0 0 0 0 0 0 0 0 0
5 0 0 0 0 0 0 0 0 0 0 0 0 0 0 0 0
5 0 0 0 0 0 0 0 0 0 0 0 0 0 0 0 0
5 0 0 0 0 0 0 0 0 0 0 0 0 0 0 0 0

Test input (19x18):
5 5 5 5 5 5 5 5 5 5 5 5 5 5 5 5 5 5
0 0 0 0 0 0 0 0 0 0 0 0 0 0 0 0 0 0
0 0 0 0 0 0 0 0 0 0 0 0 0 0 0 0 0 0
0 0 0 0 0 0 0 0 0 0 0 0 0 0 0 0 0 0
0 0 0 0 0 0 0 0 0 0 0 0 0 0 0 0 0 0
0 0 0 0 0 0 0 0 0 0 0 0 0 0 8 8 8 0
0 0 0 0 0 0 0 0 0 0 0 0 0 0 0 0 0 0
4 4 4 4 0 0 0 0 0 0 0 0 0 0 0 0 0 0
0 0 0 0 0 0 0 0 0 0 0 0 0 0 0 0 0 0
0 0 0 0 0 0 0 0 0 0 0 0 0 0 0 0 0 0
0 0 0 0 0 0 0 0 0 0 0 0 0 0 0 0 0 0
0 0 0 0 0 0 0 0 2 2 2 2 2 0 0 0 0 0
0 0 0 0 0 0 0 0 0 0 0 0 0 0 0 0 0 0
0 0 0 0 0 0 0 0 0 0 0 0 0 0 0 0 0 0
0 0 0 0 0 0 0 0 0 0 0 0 0 0 0 0 0 0
0 0 3 3 3 3 3 3 3 3 3 0 0 0 0 0 0 0
0 0 0 0 0 0 0 0 0 0 0 0 0 0 0 0 0 0
0 0 0 0 0 0 0 0 0 0 0 0 0 0 0 0 0 0
0 0 0 0 0 0 0 0 0 0 0 0 0 0 0 0 0 0
