Example 1 input (10x10):
5 5 0 5 5 0 5 5 0 0
5 5 0 5 5 0 5 5 0 0
0 0 0 0 0 0 0 0 0 0
5 5 0 5 5 0 5 5 0 0
5 5 0 5 5 0 5 5 0 0
0 0 0 0 0 0 0 0 0 0
5 5 0 5 5 0 5 5 0 0
5 5 0 5 5 0 5 5 0 0
0 0 0 0 0 0 0 0 0 0
0 0 0 0 0 0 0 0 0 0

Example 1 output (10x10):
5 5 2 5 5 2 5 5 0 0
5 5 2 5 5 2 5 5 0 0
2 2 2 2 2 2 2 2 1 1
5 5 2 5 5 2 5 5 0 0
5 5 2 5 5 2 5 5 0 0
2 2 2 2 2 2 2 2 1 1
5 5 2 5 5 2 5 5 0 0
5 5 2 5 5 2 5 5 0 0
0 0 1 0 0 1 0 0 0 0
0 0 1 0 0 1 0 0 0 0

Example 2 input (10x10):
0 0 5 5 0 0 5 5 0 0
0 0 5 5 0 0 5 5 0 0
0 0 0 0 0 0 0 0 0 0
0 0 5 5 0 0 5 5 0 0
0 0 5 5 0 0 5 5 0 0
0 0 0 0 0 0 0 0 0 0
0 0 5 5 0 0 5 5 0 0
0 0 5 5 0 0 5 5 0 0
0 0 0 0 0 0 0 0 0 0
0 0 0 0 0 0 0 0 0 0

Example 2 output (10x10):
0 0 5 5 2 2 5 5 0 0
0 0 5 5 2 2 5 5 0 0
1 1 2 2 2 2 2 2 1 1
0 0 5 5 2 2 5 5 0 0
0 0 5 5 2 2 5 5 0 0
1 1 2 2 2 2 2 2 1 1
0 0 5 5 2 2 5 5 0 0
0 0 5 5 2 2 5 5 0 0
0 0 0 0 1 1 0 0 0 0
0 0 0 0 1 1 0 0 0 0

Example 3 input (10x10):
0 5 5 0 5 5 0 5 5 0
0 5 5 0 5 5 0 5 5 0
0 0 0 0 0 0 0 0 0 0
0 0 0 0 0 0 0 0 0 0
0 5 5 0 5 5 0 5 5 0
0 5 5 0 5 5 0 5 5 0
0 0 0 0 0 0 0 0 0 0
0 0 0 0 0 0 0 0 0 0
0 5 5 0 5 5 0 5 5 0
0 5 5 0 5 5 0 5 5 0

Example 3 output (10x10):
0 5 5 2 5 5 2 5 5 0
0 5 5 2 5 5 2 5 5 0
1 2 2 2 2 2 2 2 2 1
1 2 2 2 2 2 2 2 2 1
0 5 5 2 5 5 2 5 5 0
0 5 5 2 5 5 2 5 5 0
1 2 2 2 2 2 2 2 2 1
1 2 2 2 2 2 2 2 2 1
0 5 5 2 5 5 2 5 5 0
0 5 5 2 5 5 2 5 5 0

Test input (10x10):
0 0 0 0 0 0 0 0 0 0
0 5 5 0 0 5 5 0 5 5
0 5 5 0 0 5 5 0 5 5
0 0 0 0 0 0 0 0 0 0
0 5 5 0 0 5 5 0 5 5
0 5 5 0 0 5 5 0 5 5
0 0 0 0 0 0 0 0 0 0
0 5 5 0 0 5 5 0 5 5
0 5 5 0 0 5 5 0 5 5
0 0 0 0 0 0 0 0 0 0
