Example 1 input (13x13):
8 8 8 8 8 8 8 8 8 8 8 8 8
8 8 8 8 8 8 8 8 8 8 8 1 8
8 8 8 8 8 8 8 8 8 8 8 8 8
8 8 1 8 8 8 8 8 8 8 8 8 8
8 8 8 8 8 8 8 8 8 8 8 8 8
8 8 8 8 8 8 8 8 8 8 8 8 8
8 8 8 8 8 8 8 8 8 1 8 8 8
8 8 8 8 8 8 8 8 8 8 8 8 8
8 8 8 8 8 8 8 8 8 8 8 8 8
8 8 8 8 8 1 8 8 8 8 8 8 8
8 8 8 8 8 8 8 8 8 8 8 8 8
8 8 8 8 8 8 8 8 8 8 8 8 8
8 8 8 8 8 8 8 8 8 8 8 8 8

Example 1 output (13x13):
8 8 1 8 8 1 8 8 8 1 3 1 3
1 1 1 1 1 1 1 1 1 1 1 2 1
8 3 1 3 8 1 8 8 8 1 3 1 3
1 1 2 1 1 1 1 1 1 1 1 1 1
8 3 1 3 8 1 8 8 8 1 8 1 8
8 8 1 8 8 1 8 8 3 1 3 1 8
1 1 1 1 1 1 1 1 1 2 1 1 1
8 8 1 8 8 1 8 8 3 1 3 1 8
8 8 1 8 3 1 3 8 8 1 8 1 8
1 1 1 1 1 2 1 1 1 1 1 1 1
8 8 1 8 3 1 3 8 8 1 8 1 8
8 8 1 8 8 1 8 8 8 1 8 1 8
8 8 1 8 8 1 8 8 8 1 8 1 8

Example 2 input (9x9):
9 9 9 9 9 9 9 9 9
9 9 9 9 9 9 9 9 9
9 9 9 9 9 9 9 9 9
9 9 9 1 9 9 9 9 9
9 9 9 9 9 9 9 9 9
9 9 9 9 9 9 9 9 9
9 9 9 9 9 9 1 9 9
9 9 9 9 9 9 9 9 9
9 9 9 9 9 9 9 9 9

Example 2 output (9x9):
9 9 9 1 9 9 1 9 9
9 9 9 1 9 9 1 9 9
9 9 3 1 3 9 1 9 9
1 1 1 2 1 1 1 1 1
9 9 3 1 3 9 1 9 9
9 9 9 1 9 3 1 3 9
1 1 1 1 1 1 2 1 1
9 9 9 1 9 3 1 3 9
9 9 9 1 9 9 1 9 9

Example 3 input (11x11):
7 7 7 7 7 7 7 7 7 7 7
7 7 7 7 7 7 7 7 1 7 7
7 7 7 7 7 7 7 7 7 7 7
7 7 7 7 7 7 7 7 7 7 7
7 7 1 7 7 7 7 7 7 7 7
7 7 7 7 7 7 7 7 7 7 7
7 7 7 7 7 7 7 7 7 7 7
7 7 7 7 7 7 7 7 7 7 7
7 7 7 7 7 7 7 7 7 7 7
7 7 7 7 7 7 1 7 7 7 7
7 7 7 7 7 7 7 7 7 7 7

Example 3 output (11x11):
7 7 1 7 7 7 1 3 1 3 7
1 1 1 1 1 1 1 1 2 1 1
7 7 1 7 7 7 1 3 1 3 7
7 3 1 3 7 7 1 7 1 7 7
1 1 2 1 1 1 1 1 1 1 1
7 3 1 3 7 7 1 7 1 7 7
7 7 1 7 7 7 1 7 1 7 7
7 7 1 7 7 7 1 7 1 7 7
7 7 1 7 7 3 1 3 1 7 7
1 1 1 1 1 1 2 1 1 1 1
7 7 1 7 7 3 1 3 1 7 7

Test input (14x14):
8 8 8 8 8 8 8 8 8 8 8 8 8 8
8 8 8 8 8 8 8 8 8 8 8 8 8 8
8 8 8 8 8 8 8 1 8 8 8 8 8 8
8 8 8 8 8 8 8 8 8 8 8 8 8 8
8 8 8 8 8 8 8 8 8 8 8 8 8 8
8 8 1 8 8 8 8 8 8 8 8 8 8 8
8 8 8 8 8 8 8 8 8 8 8 8 8 8
8 8 8 8 8 8 8 8 8 8 8 8 8 8
8 8 8 8 8 8 8 8 8 8 8 8 8 8
8 8 8 8 8 8 8 8 8 8 8 8 8 8
8 8 8 8 8 8 8 8 8 8 8 8 8 8
8 8 8 8 1 8 8 8 8 8 8 8 8 8
8 8 8 8 8 8 8 8 8 8 8 8 8 8
8 8 8 8 8 8 8 8 8 8 8 8 8 1
