Example 1 input (18x19):
0 5 0 5 5 0 5 5 5 0 0 0 5 0 0 5 0 5 0
0 0 0 5 0 0 0 5 5 5 0 0 0 0 5 5 0 0 0
0 5 5 0 0 0 5 0 5 5 0 0 0 0 5 0 0 5 0
0 0 5 5 0 5 5 0 0 5 5 0 5 0 5 0 5 0 0
0 0 5 0 0 4 0 5 0 5 0 5 0 0 0 5 5 0 5
0 0 5 0 4 5 4 5 5 0 5 0 0 0 5 4 5 5 5
5 0 0 0 0 4 0 0 5 5 0 0 0 0 5 4 4 5 0
5 0 5 5 5 5 0 5 0 0 0 5 0 5 0 4 5 0 0
5 5 0 0 5 0 5 0 5 5 0 5 5 5 5 5 0 0 0
5 5 0 0 5 5 5 0 5 0 0 5 0 0 5 0 0 0 0
0 0 5 5 0 0 0 0 5 4 5 0 5 5 0 0 0 0 0
5 5 5 4 0 5 0 5 5 4 4 5 0 0 5 5 5 5 0
0 0 4 5 0 0 5 5 0 4 5 0 5 0 0 5 5 5 5
0 0 0 0 5 0 0 5 0 0 0 0 5 0 5 0 0 5 5
5 5 0 5 0 0 0 5 5 5 5 5 0 5 0 0 0 0 0
5 5 0 0 0 5 0 0 0 0 0 0 0 5 0 5 0 0 5
5 0 5 0 5 5 0 5 5 0 0 0 0 5 5 0 0 0 0
0 5 5 0 0 0 0 0 0 5 5 5 5 5 0 0 0 0 0

Example 1 output (18x19):
0 5 0 5 5 0 5 5 5 0 0 0 5 0 0 5 0 5 0
0 0 0 5 0 0 0 5 5 5 0 0 0 0 5 5 0 0 0
0 5 5 0 0 0 5 0 5 5 0 0 0 0 5 0 0 5 0
0 0 5 5 0 5 5 0 0 5 5 0 5 0 5 0 5 0 0
0 0 5 0 0 4 0 5 0 5 0 5 0 0 0 5 5 0 5
0 0 5 0 4 2 4 5 5 0 5 0 0 0 5 4 5 5 5
5 0 0 0 0 4 0 0 5 5 0 0 0 0 2 4 4 5 0
5 0 5 5 5 5 0 5 0 0 0 5 0 5 0 4 5 0 0
5 5 0 0 5 0 5 0 5 5 0 5 5 5 5 5 0 0 0
5 5 0 0 5 5 5 0 5 0 0 5 0 0 5 0 0 0 0
0 0 2 5 0 0 0 0 5 4 5 0 5 5 0 0 0 0 0
5 2 2 4 0 5 0 5 2 4 4 5 0 0 5 5 5 5 0
0 0 4 5 0 0 5 5 0 4 5 0 5 0 0 5 5 5 5
0 0 0 0 5 0 0 5 0 0 0 0 5 0 5 0 0 5 5
5 5 0 5 0 0 0 5 5 5 5 5 0 5 0 0 0 0 0
5 5 0 0 0 5 0 0 0 0 0 0 0 5 0 5 0 0 5
5 0 5 0 5 5 0 5 5 0 0 0 0 5 5 0 0 0 0
0 5 5 0 0 0 0 0 0 5 5 5 5 5 0 0 0 0 0

Example 2 input (18x16):
0 5 0 0 5 5 0 0 0 5 5 0 5 0 0 5
5 5 0 0 0 0 5 0 5 0 0 5 5 5 0 0
0 0 4 5 0 5 0 5 5 0 0 4 5 5 5 0
0 5 5 4 0 0 5 0 0 5 0 0 4 0 0 5
0 0 4 5 0 0 5 0 5 0 0 0 0 0 5 0
0 0 0 5 0 5 5 5 5 0 5 0 5 5 0 5
5 0 5 0 0 4 5 4 5 5 5 5 0 5 0 0
0 0 0 0 5 5 4 5 5 0 0 0 0 0 0 5
0 0 5 5 0 0 5 0 5 5 0 5 5 4 5 0
0 0 5 0 0 5 0 0 0 5 5 0 5 5 4 5
5 0 0 4 0 0 0 0 5 0 0 0 0 5 5 5
5 5 4 5 4 5 0 5 5 5 0 0 0 0 5 5
5 0 0 5 5 5 0 5 4 5 4 0 5 0 0 0
5 0 0 5 5 0 0 5 0 4 0 0 0 5 5 0
5 5 5 5 5 0 0 0 5 5 5 0 5 5 0 0
5 5 5 5 0 0 0 0 5 0 5 5 5 5 0 5
5 0 5 0 0 0 0 0 5 0 5 0 5 5 0 0
5 0 0 0 0 5 0 0 5 5 5 5 0 0 0 5

Example 2 output (18x16):
0 5 0 0 5 5 0 0 0 5 5 0 5 0 0 5
5 5 0 0 0 0 5 0 5 0 0 5 2 5 0 0
0 0 4 5 0 5 0 5 5 0 0 4 2 2 5 0
0 2 2 4 0 0 5 0 0 5 0 0 4 0 0 5
0 0 4 5 0 0 5 0 5 0 0 0 0 0 5 0
0 0 0 5 0 5 2 5 5 0 5 0 5 5 0 5
5 0 5 0 0 4 2 4 5 5 5 5 0 5 0 0
0 0 0 0 5 5 4 5 5 0 0 0 0 0 0 5
0 0 5 5 0 0 5 0 5 5 0 5 5 4 5 0
0 0 5 0 0 5 0 0 0 5 5 0 2 2 4 5
5 0 0 4 0 0 0 0 5 0 0 0 0 2 5 5
5 5 4 2 4 5 0 5 5 2 0 0 0 0 5 5
5 0 0 2 5 5 0 5 4 2 4 0 5 0 0 0
5 0 0 5 5 0 0 5 0 4 0 0 0 5 5 0
5 5 5 5 5 0 0 0 5 5 5 0 5 5 0 0
5 5 5 5 0 0 0 0 5 0 5 5 5 5 0 5
5 0 5 0 0 0 0 0 5 0 5 0 5 5 0 0
5 0 0 0 0 5 0 0 5 5 5 5 0 0 0 5

Example 3 input (14x15):
0 5 5 4 0 0 0 0 0 0 0 5 5 5 5
0 0 4 0 0 5 5 4 5 0 0 5 0 5 5
5 0 5 0 0 0 4 4 5 0 5 5 5 0 5
5 0 0 5 0 5 5 4 0 0 0 5 5 0 5
5 5 0 5 0 5 0 0 0 5 5 0 0 5 0
0 5 0 0 5 0 5 5 0 0 5 5 5 0 0
5 5 0 5 5 0 0 5 0 0 0 0 0 0 0
5 5 4 0 5 0 5 0 0 5 0 5 0 5 5
5 4 5 4 0 5 5 0 4 5 4 5 0 5 0
5 5 5 0 0 5 5 0 0 4 0 5 0 5 5
0 0 0 5 0 0 0 0 0 0 0 0 5 0 5
0 5 0 0 5 0 5 0 0 5 5 0 5 0 0
0 0 0 0 0 5 0 5 5 0 0 0 0 0 5
0 5 0 0 5 5 5 5 0 5 0 5 0 0 0

Example 3 output (14x15):
0 2 2 4 0 0 0 0 0 0 0 5 5 5 5
0 0 4 0 0 5 5 4 5 0 0 5 0 5 5
5 0 5 0 0 0 4 4 2 0 5 5 5 0 5
5 0 0 5 0 5 5 4 0 0 0 5 5 0 5
5 5 0 5 0 5 0 0 0 5 5 0 0 5 0
0 5 0 0 5 0 5 5 0 0 5 5 5 0 0
5 5 0 5 5 0 0 5 0 0 0 0 0 0 0
5 5 4 0 5 0 5 0 0 2 0 5 0 5 5
5 4 2 4 0 5 5 0 4 2 4 5 0 5 0
5 5 2 0 0 5 5 0 0 4 0 5 0 5 5
0 0 0 5 0 0 0 0 0 0 0 0 5 0 5
0 5 0 0 5 0 5 0 0 5 5 0 5 0 0
0 0 0 0 0 5 0 5 5 0 0 0 0 0 5
0 5 0 0 5 5 5 5 0 5 0 5 0 0 0

Example 4 input (14x15):
0 0 5 0 0 0 0 0 0 5 0 0 5 0 0
0 5 0 0 0 5 5 5 0 5 5 0 5 5 5
0 0 5 0 0 0 5 5 0 5 0 0 5 5 5
5 5 5 4 5 0 0 0 4 4 5 0 5 0 5
0 5 4 5 0 0 0 0 0 5 0 5 0 0 5
5 0 5 0 5 0 0 0 0 0 0 5 5 0 5
0 0 0 5 0 5 0 0 0 0 0 0 0 5 5
5 5 0 0 5 5 0 5 0 5 5 0 0 0 0
5 0 5 0 0 5 5 5 4 5 0 0 0 5 0
0 4 5 5 0 0 5 4 5 5 5 5 0 0 0
0 5 4 5 0 5 5 5 0 0 0 0 5 0 5
0 0 5 0 0 0 5 5 0 0 5 0 5 0 0
0 0 5 0 0 0 0 0 0 0 5 0 5 5 5
0 0 0 5 5 5 0 5 0 0 5 5 0 5 0

Example 4 output (14x15):
0 0 5 0 0 0 0 0 0 5 0 0 5 0 0
0 5 0 0 0 5 5 5 0 5 5 0 5 5 5
0 0 2 0 0 0 5 5 0 2 0 0 5 5 5
5 2 2 4 5 0 0 0 4 4 2 0 5 0 5
0 5 4 5 0 0 0 0 0 2 0 5 0 0 5
5 0 5 0 5 0 0 0 0 0 0 5 5 0 5
0 0 0 5 0 5 0 0 0 0 0 0 0 5 5
5 5 0 0 5 5 0 2 0 5 5 0 0 0 0
5 0 2 0 0 5 2 2 4 5 0 0 0 5 0
0 4 2 2 0 0 5 4 5 5 5 5 0 0 0
0 5 4 5 0 5 5 5 0 0 0 0 5 0 5
0 0 5 0 0 0 5 5 0 0 5 0 5 0 0
0 0 5 0 0 0 0 0 0 0 5 0 5 5 5
0 0 0 5 5 5 0 5 0 0 5 5 0 5 0

Test input (19x19):
0 0 5 0 0 5 5 0 5 0 5 0 5 5 4 5 0 0 5
0 5 5 0 5 4 5 5 5 0 5 5 0 4 5 0 5 5 0
5 5 5 0 5 5 4 0 5 5 0 5 5 5 5 0 5 0 5
5 5 4 0 0 0 0 5 0 0 0 5 0 5 0 0 0 5 5
5 4 5 5 5 5 0 5 0 0 5 5 0 5 5 0 5 0 0
5 5 0 5 0 0 0 5 5 0 5 4 5 0 0 5 0 5 5
0 5 5 5 5 0 5 5 5 5 4 4 5 0 5 5 0 0 0
5 0 0 5 5 5 5 0 0 0 0 5 0 5 5 0 0 5 0
0 5 0 0 0 0 0 5 0 0 5 0 0 0 5 0 5 0 5
0 0 0 0 5 0 0 5 0 0 5 0 0 5 0 0 5 5 0
0 0 0 0 5 5 0 5 0 5 0 5 0 4 0 0 0 5 0
5 5 4 5 5 5 5 5 0 0 5 0 4 5 4 0 5 0 5
5 5 5 4 0 0 0 5 5 5 0 5 5 4 0 5 5 5 5
0 0 4 5 0 0 0 0 0 5 0 5 0 5 5 5 5 5 5
5 0 5 0 0 5 0 4 5 0 0 5 5 5 5 5 0 0 5
5 5 0 5 5 0 5 5 4 0 0 5 5 5 0 5 0 5 5
5 5 5 0 5 5 5 4 0 5 5 0 5 5 0 0 5 5 0
5 5 5 5 0 0 0 5 0 0 5 0 5 0 5 0 5 0 0
0 5 0 5 5 5 0 0 5 5 5 0 0 5 5 5 5 5 5
