Example 1 input (13x13):
0 0 0 0 0 0 0 0 0 0 0 0 0
0 0 0 0 3 3 3 3 0 0 0 0 0
0 0 3 3 3 0 0 3 0 0 0 0 0
0 0 3 0 0 0 0 3 0 0 0 0 0
0 0 3 0 0 3 3 3 0 0 0 0 0
0 0 3 3 3 3 0 0 0 3 3 3 0
0 0 0 0 0 0 0 0 3 3 0 3 0
0 0 0 0 0 0 0 0 3 0 0 3 0
0 0 0 0 3 3 3 3 3 0 0 3 0
0 0 0 0 3 0 0 0 0 0 0 3 0
0 0 0 0 3 0 0 0 3 3 3 3 0
0 0 0 0 3 3 3 3 3 0 0 0 0
0 0 0 0 0 0 0 0 0 0 0 0 0

Example 1 output (13x13):
0 0 0 0 0 0 0 0 0 0 0 0 0
0 0 0 0 4 3 3 4 0 0 0 0 0
0 0 4 3 2 0 0 3 0 0 0 0 0
0 0 3 0 0 0 0 3 0 0 0 0 0
0 0 3 0 0 2 3 4 0 0 0 0 0
0 0 4 3 3 4 0 0 0 4 3 4 0
0 0 0 0 0 0 0 0 4 2 0 3 0
0 0 0 0 0 0 0 0 3 0 0 3 0
0 0 0 0 4 3 3 3 2 0 0 3 0
0 0 0 0 3 0 0 0 0 0 0 3 0
0 0 0 0 3 0 0 0 2 3 3 4 0
0 0 0 0 4 3 3 3 4 0 0 0 0
0 0 0 0 0 0 0 0 0 0 0 0 0

Example 2 input (12x15):
0 0 0 0 0 0 0 0 0 0 0 0 0 0 0
0 8 8 8 8 8 8 8 0 0 0 0 0 0 0
0 8 0 0 0 0 0 8 0 0 0 0 0 0 0
0 8 8 0 0 0 0 8 0 0 0 0 0 0 0
0 0 8 0 0 0 0 8 0 0 8 8 8 8 8
0 0 8 0 8 8 8 8 0 0 8 0 0 0 8
0 0 8 8 8 0 0 0 0 0 8 8 0 0 8
0 0 0 0 0 0 0 0 0 0 0 8 0 0 8
0 0 0 0 0 0 0 0 0 8 8 8 0 8 8
0 0 8 8 8 0 0 0 0 8 0 0 0 8 0
0 0 8 0 8 0 0 0 0 8 8 8 8 8 0
0 0 8 8 8 0 0 0 0 0 0 0 0 0 0

Example 2 output (12x15):
0 0 0 0 0 0 0 0 0 0 0 0 0 0 0
0 4 8 8 8 8 8 4 0 0 0 0 0 0 0
0 8 0 0 0 0 0 8 0 0 0 0 0 0 0
0 4 2 0 0 0 0 8 0 0 0 0 0 0 0
0 0 8 0 0 0 0 8 0 0 4 8 8 8 4
0 0 8 0 2 8 8 4 0 0 8 0 0 0 8
0 0 4 8 4 0 0 0 0 0 4 2 0 0 8
0 0 0 0 0 0 0 0 0 0 0 8 0 0 8
0 0 0 0 0 0 0 0 0 4 8 2 0 2 4
0 0 4 8 4 0 0 0 0 8 0 0 0 8 0
0 0 8 0 8 0 0 0 0 4 8 8 8 4 0
0 0 4 8 4 0 0 0 0 0 0 0 0 0 0

Example 3 input (14x16):
0 0 0 0 0 0 0 0 0 0 0 0 0 0 0 0
0 1 1 1 1 1 1 0 0 0 0 0 0 0 0 0
0 1 0 0 0 0 1 1 1 0 0 0 0 0 0 0
0 1 0 0 0 0 0 0 1 0 0 0 0 0 0 0
0 1 1 1 0 0 0 0 1 0 0 0 0 0 0 0
0 0 0 1 0 0 0 0 1 0 0 0 0 0 0 0
0 0 0 1 0 0 1 1 1 0 0 0 0 0 0 0
0 0 0 1 1 1 1 0 0 0 0 0 0 0 0 0
0 0 0 0 0 0 0 0 0 0 1 1 1 1 0 0
0 0 0 0 0 0 0 0 1 1 1 0 0 1 1 0
0 0 0 1 1 1 1 1 1 0 0 0 0 0 1 0
0 0 0 1 0 0 0 0 0 0 1 1 1 0 1 0
0 0 0 1 1 1 1 1 1 1 1 0 1 1 1 0
0 0 0 0 0 0 0 0 0 0 0 0 0 0 0 0

Example 3 output (14x16):
0 0 0 0 0 0 0 0 0 0 0 0 0 0 0 0
0 4 1 1 1 1 4 0 0 0 0 0 0 0 0 0
0 1 0 0 0 0 2 1 4 0 0 0 0 0 0 0
0 1 0 0 0 0 0 0 1 0 0 0 0 0 0 0
0 4 1 2 0 0 0 0 1 0 0 0 0 0 0 0
0 0 0 1 0 0 0 0 1 0 0 0 0 0 0 0
0 0 0 1 0 0 2 1 4 0 0 0 0 0 0 0
0 0 0 4 1 1 4 0 0 0 0 0 0 0 0 0
0 0 0 0 0 0 0 0 0 0 4 1 1 4 0 0
0 0 0 0 0 0 0 0 4 1 2 0 0 2 4 0
0 0 0 4 1 1 1 1 2 0 0 0 0 0 1 0
0 0 0 1 0 0 0 0 0 0 2 1 2 0 1 0
0 0 0 4 1 1 1 1 1 1 4 0 4 1 4 0
0 0 0 0 0 0 0 0 0 0 0 0 0 0 0 0

Test input (15x16):
0 0 0 0 0 0 0 0 0 0 0 0 0 0 0 0
0 0 3 3 3 0 0 3 3 3 0 0 0 0 0 0
0 3 3 0 3 3 3 3 0 3 0 0 0 0 0 0
0 3 0 0 0 0 0 0 0 3 0 0 0 0 0 0
0 3 0 0 0 0 0 0 0 3 0 3 3 3 3 0
0 3 3 3 0 0 3 3 3 3 0 3 0 0 3 0
0 0 0 3 0 0 3 0 0 0 0 3 3 0 3 0
0 3 3 3 0 0 3 3 0 0 0 0 3 0 3 0
0 3 0 0 0 0 0 3 0 0 0 0 3 0 3 0
0 3 0 0 3 3 3 3 0 0 3 3 3 0 3 0
0 3 3 3 3 0 0 0 0 0 3 0 0 0 3 0
0 0 0 0 0 0 0 0 0 0 3 0 0 0 3 0
0 0 0 3 3 3 0 0 0 0 3 3 3 3 3 0
0 0 0 3 0 3 0 0 0 0 0 0 0 0 0 0
0 0 0 3 3 3 0 0 0 0 0 0 0 0 0 0
