Example 1 input (3x3):
4 4 6
3 3 3
6 6 4

Example 1 output (9x9):
0 0 0 0 0 0 0 0 0
0 0 0 0 0 0 0 0 0
0 0 0 0 0 0 0 0 0
4 4 6 4 4 6 4 4 6
3 3 3 3 3 3 3 3 3
6 6 4 6 6 4 6 6 4
0 0 0 0 0 0 0 0 0
0 0 0 0 0 0 0 0 0
0 0 0 0 0 0 0 0 0

Example 2 input (3x3):
2 4 3
2 3 4
2 3 4

Example 2 output (9x9):
2 4 3 0 0 0 0 0 0
2 3 4 0 0 0 0 0 0
2 3 4 0 0 0 0 0 0
2 4 3 0 0 0 0 0 0
2 3 4 0 0 0 0 0 0
2 3 4 0 0 0 0 0 0
2 4 3 0 0 0 0 0 0
2 3 4 0 0 0 0 0 0
2 3 4 0 0 0 0 0 0

Example 3 input (3x3):
1 1 1
6 2 2
2 2 6

Example 3 output (9x9):
1 1 1 1 1 1 1 1 1
6 2 2 6 2 2 6 2 2
2 2 6 2 2 6 2 2 6
0 0 0 0 0 0 0 0 0
0 0 0 0 0 0 0 0 0
0 0 0 0 0 0 0 0 0
0 0 0 0 0 0 0 0 0
0 0 0 0 0 0 0 0 0
0 0 0 0 0 0 0 0 0

Example 4 input (3x3):
3 1 6
3 6 1
3 1 6

Example 4 output (9x9):
3 1 6 0 0 0 0 0 0
3 6 1 0 0 0 0 0 0
3 1 6 0 0 0 0 0 0
3 1 6 0 0 0 0 0 0
3 6 1 0 0 0 0 0 0
3 1 6 0 0 0 0 0 0
3 1 6 0 0 0 0 0 0
3 6 1 0 0 0 0 0 0
3 1 6 0 0 0 0 0 0

Test input (3x3):
6 6 3
4 4 3
4 4 3
