Example 1 input (3x9):
5 5 5 0 0 0 0 0 5
5 0 5 0 5 0 0 5 0
5 5 5 0 0 0 5 0 0

Example 1 output (3x9):
3 3 3 4 4 4 9 9 9
3 3 3 4 4 4 9 9 9
3 3 3 4 4 4 9 9 9

Example 2 input (3x9):
0 0 5 0 0 0 0 0 0
0 5 0 0 0 0 0 5 0
5 0 0 5 5 5 0 0 0

Example 2 output (3x9):
9 9 9 1 1 1 4 4 4
9 9 9 1 1 1 4 4 4
9 9 9 1 1 1 4 4 4

Example 3 input (3x9):
5 5 5 5 5 5 0 0 0
0 0 0 5 0 5 0 0 0
0 0 0 5 5 5 5 5 5

Example 3 output (3x9):
6 6 6 3 3 3 1 1 1
6 6 6 3 3 3 1 1 1
6 6 6 3 3 3 1 1 1

Example 4 input (3x9):
0 0 0 5 5 5 5 5 5
0 5 0 0 0 0 5 0 5
0 0 0 0 0 0 5 5 5

Example 4 output (3x9):
4 4 4 6 6 6 3 3 3
4 4 4 6 6 6 3 3 3
4 4 4 6 6 6 3 3 3

Test input (3x9):
0 0 0 0 0 5 5 5 5
0 0 0 0 5 0 0 0 0
5 5 5 5 0 0 0 0 0
