Example 1 input (16x22):
0 0 0 0 0 0 0 0 0 0 0 0 0 0 0 0 0 0 0 0 0 0
0 0 0 0 0 0 0 0 0 0 0 0 0 0 0 0 0 0 0 0 0 0
0 0 0 0 8 8 8 8 8 8 8 8 0 0 0 0 0 0 0 0 0 0
0 0 0 0 8 0 0 0 0 0 0 8 0 0 0 0 0 0 0 0 0 0
0 0 0 8 8 0 2 0 0 0 0 8 8 0 0 0 0 0 0 0 0 0
0 0 0 8 0 0 2 2 0 0 0 0 8 0 0 0 0 8 8 8 0 0
0 0 0 8 8 0 2 0 0 0 0 8 8 0 0 8 8 8 0 8 8 8
0 0 0 0 8 0 0 0 0 0 0 8 0 0 0 8 0 0 0 0 0 8
0 0 0 0 8 8 8 8 8 8 8 8 0 0 0 8 0 2 0 2 0 8
0 0 0 0 0 0 0 0 0 0 0 0 0 0 0 8 0 2 2 2 0 8
0 0 0 0 0 0 0 0 0 0 0 0 0 0 0 8 0 0 0 0 0 8
0 0 0 0 0 0 0 0 0 0 0 0 0 0 0 8 0 0 0 0 0 8
0 0 0 0 0 0 0 0 0 0 0 0 0 0 0 8 0 0 0 0 0 8
0 0 0 0 0 0 0 0 0 0 0 0 0 0 0 8 8 8 0 8 8 8
0 0 0 0 0 0 0 0 0 0 0 0 0 0 0 0 0 8 8 8 0 0
0 0 0 0 0 0 0 0 0 0 0 0 0 0 0 0 0 0 0 0 0 0

Example 1 output (16x22):
0 0 0 0 0 0 0 0 0 0 0 0 0 0 0 0 0 0 0 0 0 0
0 0 0 0 0 0 0 0 0 0 0 0 0 0 0 0 0 0 0 0 0 0
0 0 0 0 8 8 8 8 8 8 8 8 0 0 0 0 0 0 0 0 0 0
0 0 0 0 8 0 0 0 0 0 0 8 0 0 0 0 0 0 0 0 0 0
0 0 0 8 8 0 2 0 0 2 0 8 8 0 0 0 0 0 0 0 0 0
0 0 0 8 0 0 2 2 2 2 0 0 8 0 0 0 0 8 8 8 0 0
0 0 0 8 8 0 2 0 0 2 0 8 8 0 0 8 8 8 0 8 8 8
0 0 0 0 8 0 0 0 0 0 0 8 0 0 0 8 0 0 0 0 0 8
0 0 0 0 8 8 8 8 8 8 8 8 0 0 0 8 0 2 0 2 0 8
0 0 0 0 0 0 0 0 0 0 0 0 0 0 0 8 0 2 2 2 0 8
0 0 0 0 0 0 0 0 0 0 0 0 0 0 0 8 0 2 2 2 0 8
0 0 0 0 0 0 0 0 0 0 0 0 0 0 0 8 0 2 0 2 0 8
0 0 0 0 0 0 0 0 0 0 0 0 0 0 0 8 0 0 0 0 0 8
0 0 0 0 0 0 0 0 0 0 0 0 0 0 0 8 8 8 0 8 8 8
0 0 0 0 0 0 0 0 0 0 0 0 0 0 0 0 0 8 8 8 0 0
0 0 0 0 0 0 0 0 0 0 0 0 0 0 0 0 0 0 0 0 0 0

Example 2 input (18x17):
0 0 0 0 0 0 0 0 0 0 0 0 0 0 0 0 0
0 0 0 0 0 0 0 0 0 0 0 0 0 0 0 0 0
0 0 0 0 0 0 0 0 0 0 0 0 0 0 0 0 0
0 0 8 8 8 8 8 8 8 8 0 0 0 0 0 0 0
0 0 8 0 0 0 0 0 0 8 0 0 0 0 0 0 0
0 0 8 0 0 0 0 0 0 8 0 0 0 0 0 0 0
0 8 8 0 2 2 0 0 0 8 8 0 0 0 0 0 0
0 8 0 0 2 0 0 0 0 0 8 0 0 0 0 0 0
0 8 8 0 2 2 0 0 0 8 8 0 0 0 0 0 0
0 0 8 0 0 0 0 0 0 8 0 0 0 0 0 0 0
0 0 8 0 0 0 0 0 0 8 0 0 0 0 0 0 0
0 0 8 8 8 8 8 8 8 8 0 0 0 0 0 0 0
0 0 0 0 0 0 0 0 0 0 0 0 0 0 0 0 0
0 0 0 0 0 0 0 0 0 0 0 0 0 0 0 0 0
0 0 0 0 0 0 0 0 0 0 0 0 0 0 0 0 0
0 0 0 0 0 0 0 0 0 0 0 0 0 0 0 0 0
0 0 0 0 0 0 0 0 0 0 0 0 0 0 0 0 0
0 0 0 0 0 0 0 0 0 0 0 0 0 0 0 0 0

Example 2 output (18x17):
0 0 0 0 0 0 0 0 0 0 0 0 0 0 0 0 0
0 0 0 0 0 0 0 0 0 0 0 0 0 0 0 0 0
0 0 0 0 0 0 0 0 0 0 0 0 0 0 0 0 0
0 0 8 8 8 8 8 8 8 8 0 0 0 0 0 0 0
0 0 8 0 0 0 0 0 0 8 0 0 0 0 0 0 0
0 0 8 0 0 0 0 0 0 8 0 0 0 0 0 0 0
0 8 8 0 2 2 2 2 0 8 8 0 0 0 0 0 0
0 8 0 0 2 0 0 2 0 0 8 0 0 0 0 0 0
0 8 8 0 2 2 2 2 0 8 8 0 0 0 0 0 0
0 0 8 0 0 0 0 0 0 8 0 0 0 0 0 0 0
0 0 8 0 0 0 0 0 0 8 0 0 0 0 0 0 0
0 0 8 8 8 8 8 8 8 8 0 0 0 0 0 0 0
0 0 0 0 0 0 0 0 0 0 0 0 0 0 0 0 0
0 0 0 0 0 0 0 0 0 0 0 0 0 0 0 0 0
0 0 0 0 0 0 0 0 0 0 0 0 0 0 0 0 0
0 0 0 0 0 0 0 0 0 0 0 0 0 0 0 0 0
0 0 0 0 0 0 0 0 0 0 0 0 0 0 0 0 0
0 0 0 0 0 0 0 0 0 0 0 0 0 0 0 0 0

Example 3 input (24x16):
0 0 0 0 0 0 0 0 0 0 0 0 0 0 0 0
0 0 0 0 0 0 0 0 0 0 0 0 0 0 0 0
0 0 0 0 0 8 8 8 0 0 0 0 0 0 0 0
0 0 8 8 8 8 0 8 8 8 8 0 0 0 0 0
0 0 8 0 0 0 0 0 0 0 8 0 0 0 0 0
0 0 8 0 2 0 2 0 2 0 8 0 0 0 0 0
0 0 8 0 0 2 2 2 0 0 8 0 0 0 0 0
0 0 8 0 2 0 2 0 2 0 8 0 0 0 0 0
0 0 8 0 0 0 0 0 0 0 8 0 0 0 0 0
0 0 8 0 0 0 0 0 0 0 8 0 0 0 0 0
0 0 8 0 0 0 0 0 0 0 8 0 0 0 0 0
0 0 8 0 0 0 0 0 0 0 8 0 0 0 0 0
0 0 8 8 8 8 0 8 8 8 8 0 0 0 0 0
0 0 0 0 0 8 8 8 0 0 0 0 0 0 0 0
0 0 0 0 0 0 0 0 0 0 0 0 0 0 0 0
0 0 0 0 0 0 0 0 0 0 0 0 0 0 0 0
0 0 0 0 0 0 0 0 0 0 0 0 0 0 0 0
0 0 0 0 0 0 0 0 0 0 0 0 0 0 0 0
0 0 0 0 0 0 0 0 0 0 0 0 0 0 0 0
0 0 0 0 0 0 0 0 0 0 0 0 0 0 0 0
0 0 0 0 0 0 0 0 0 0 0 0 0 0 0 0
0 0 0 0 0 0 0 0 0 0 0 0 0 0 0 0
0 0 0 0 0 0 0 0 0 0 0 0 0 0 0 0
0 0 0 0 0 0 0 0 0 0 0 0 0 0 0 0

Example 3 output (24x16):
0 0 0 0 0 0 0 0 0 0 0 0 0 0 0 0
0 0 0 0 0 0 0 0 0 0 0 0 0 0 0 0
0 0 0 0 0 8 8 8 0 0 0 0 0 0 0 0
0 0 8 8 8 8 0 8 8 8 8 0 0 0 0 0
0 0 8 0 0 0 0 0 0 0 8 0 0 0 0 0
0 0 8 0 2 0 2 0 2 0 8 0 0 0 0 0
0 0 8 0 0 2 2 2 0 0 8 0 0 0 0 0
0 0 8 0 2 0 2 0 2 0 8 0 0 0 0 0
0 0 8 0 2 0 2 0 2 0 8 0 0 0 0 0
0 0 8 0 0 2 2 2 0 0 8 0 0 0 0 0
0 0 8 0 2 0 2 0 2 0 8 0 0 0 0 0
0 0 8 0 0 0 0 0 0 0 8 0 0 0 0 0
0 0 8 8 8 8 0 8 8 8 8 0 0 0 0 0
0 0 0 0 0 8 8 8 0 0 0 0 0 0 0 0
0 0 0 0 0 0 0 0 0 0 0 0 0 0 0 0
0 0 0 0 0 0 0 0 0 0 0 0 0 0 0 0
0 0 0 0 0 0 0 0 0 0 0 0 0 0 0 0
0 0 0 0 0 0 0 0 0 0 0 0 0 0 0 0
0 0 0 0 0 0 0 0 0 0 0 0 0 0 0 0
0 0 0 0 0 0 0 0 0 0 0 0 0 0 0 0
0 0 0 0 0 0 0 0 0 0 0 0 0 0 0 0
0 0 0 0 0 0 0 0 0 0 0 0 0 0 0 0
0 0 0 0 0 0 0 0 0 0 0 0 0 0 0 0
0 0 0 0 0 0 0 0 0 0 0 0 0 0 0 0

Test input (28x26):
0 0 0 0 0 0 0 0 0 0 0 0 0 0 0 0 0 0 0 0 0 0 0 0 0 0
0 0 0 0 0 0 0 0 0 0 0 0 0 0 0 0 0 0 0 0 8 8 8 0 0 0
0 0 0 0 0 0 0 0 0 0 0 0 0 0 0 0 0 8 8 8 8 0 8 8 8 8
0 0 0 8 8 8 8 8 8 8 8 8 0 0 0 0 0 8 0 0 0 0 0 0 0 8
0 0 0 8 0 0 0 0 0 0 0 8 0 0 0 0 0 8 0 0 0 0 0 0 0 8
0 0 8 8 0 0 2 0 0 0 0 8 8 0 0 0 0 8 0 0 0 0 0 0 0 8
0 0 8 0 0 2 2 0 0 0 0 0 8 0 0 0 0 8 0 0 0 0 0 0 0 8
0 0 8 8 0 0 2 0 0 0 0 8 8 0 0 0 0 8 0 0 0 2 0 0 0 8
0 0 0 8 0 0 0 0 0 0 0 8 0 0 0 0 0 8 0 0 2 2 2 0 0 8
0 0 0 8 8 8 8 8 8 8 8 8 0 0 0 0 0 8 0 2 0 0 0 2 0 8
0 0 0 0 0 0 0 0 0 0 0 0 0 0 0 0 0 8 0 0 0 0 0 0 0 8
0 0 0 0 0 0 0 0 0 0 0 0 0 0 0 0 0 8 8 8 8 0 8 8 8 8
0 0 0 0 0 0 0 0 0 0 0 0 0 0 0 0 0 0 0 0 8 8 8 0 0 0
0 0 0 0 0 0 0 0 0 0 0 0 0 0 0 0 0 0 0 0 0 0 0 0 0 0
0 0 0 0 0 0 0 0 0 0 8 8 8 0 0 0 0 0 0 0 0 0 0 0 0 0
0 0 0 0 0 0 8 8 8 8 8 0 8 8 8 8 8 0 0 0 0 0 0 0 0 0
0 0 0 0 0 0 8 0 0 0 0 0 0 0 0 0 8 0 0 0 0 0 0 0 0 0
0 0 0 0 0 0 8 0 0 2 0 0 0 2 0 0 8 0 0 0 0 0 0 0 0 0
0 0 0 0 0 0 8 0 0 0 2 2 2 0 0 0 8 0 0 0 0 0 0 0 0 0
0 0 0 0 0 0 8 0 0 2 0 0 0 2 0 0 8 0 0 0 0 0 0 0 0 0
0 0 0 0 0 0 8 0 0 0 0 0 0 0 0 0 8 0 0 0 0 0 0 0 0 0
0 0 0 0 0 0 8 0 0 0 0 0 0 0 0 0 8 0 0 0 0 0 0 0 0 0
0 0 0 0 0 0 8 0 0 0 0 0 0 0 0 0 8 0 0 0 0 0 0 0 0 0
0 0 0 0 0 0 8 0 0 0 0 0 0 0 0 0 8 0 0 0 0 0 0 0 0 0
0 0 0 0 0 0 8 8 8 8 8 0 8 8 8 8 8 0 0 0 0 0 0 0 0 0
0 0 0 0 0 0 0 0 0 0 8 8 8 0 0 0 0 0 0 0 0 0 0 0 0 0
0 0 0 0 0 0 0 0 0 0 0 0 0 0 0 0 0 0 0 0 0 0 0 0 0 0
0 0 0 0 0 0 0 0 0 0 0 0 0 0 0 0 0 0 0 0 0 0 0 0 0 0
