Example 1 input (5x13):
0 7 7 0 7 7 2 7 0 0 0 0 7
7 0 0 0 0 7 2 7 0 0 7 7 0
7 0 7 7 0 7 2 7 0 0 7 0 0
0 7 0 0 0 0 2 7 0 7 0 7 0
7 7 0 7 7 0 2 0 7 0 0 7 0

Example 1 output (5x6):
1 1 1 0 1 1
1 0 0 1 1 1
1 0 1 1 0 1
1 1 1 0 1 0
1 1 0 1 1 0

Example 2 input (5x13):
0 7 7 7 0 7 2 7 7 0 7 0 7
0 0 0 7 0 7 2 0 7 7 7 0 7
7 0 7 0 0 0 2 7 7 0 0 0 0
7 7 7 0 0 0 2 7 7 0 0 7 7
0 7 7 0 7 7 2 7 7 7 0 0 7

Example 2 output (5x6):
1 1 1 1 0 1
0 1 1 1 0 1
1 1 1 0 0 0
1 1 1 0 1 1
1 1 1 0 1 1

Example 3 input (5x13):
7 0 7 7 0 7 2 7 7 0 0 0 0
7 0 0 7 0 0 2 0 0 0 7 0 0
0 7 7 0 0 0 2 0 0 7 7 0 0
0 7 7 7 7 0 2 7 0 0 0 7 0
7 0 7 0 7 7 2 7 7 7 7 7 7

Example 3 output (5x6):
1 1 1 1 0 1
1 0 0 1 0 0
0 1 1 1 0 0
1 1 1 1 1 0
1 1 1 1 1 1

Example 4 input (5x13):
7 7 0 0 7 0 2 0 7 7 7 7 7
7 0 0 0 7 7 2 7 0 0 7 7 7
0 7 0 0 7 0 2 0 0 0 0 0 0
7 7 0 7 7 7 2 7 0 7 0 0 0
7 7 0 7 7 0 2 7 7 7 0 0 0

Example 4 output (5x6):
1 1 1 1 1 1
1 0 0 1 1 1
0 1 0 0 1 0
1 1 1 1 1 1
1 1 1 1 1 0

Test input (5x13):
7 7 0 0 0 0 2 0 7 7 0 0 7
0 7 0 0 0 0 2 7 0 0 7 0 7
7 7 7 0 0 7 2 0 7 7 7 0 7
0 0 0 0 0 0 2 7 7 7 7 0 0
0 0 7 7 7 0 2 0 7 7 0 7 7
