Example 1 input (13x15):
0 0 0 0 0 0 0 0 0 0 0 0 0 0 0
0 0 8 8 8 8 8 8 8 8 0 0 0 0 0
0 0 8 2 2 8 8 8 8 8 0 0 0 0 0
0 0 8 2 2 8 8 8 8 8 0 0 0 0 0
0 0 8 8 8 8 8 8 8 8 0 0 0 0 0
0 0 8 8 8 8 8 8 8 8 0 0 0 0 0
0 0 8 8 8 8 8 3 3 8 0 0 0 0 0
0 0 8 8 8 8 8 3 3 8 0 0 0 0 0
0 0 8 8 8 8 8 8 8 8 0 0 0 0 0
0 0 0 0 0 0 0 0 0 0 0 0 0 0 0
0 0 0 0 0 0 0 0 0 0 0 0 0 0 0
0 0 0 0 0 0 0 0 0 0 0 0 0 0 0
0 0 0 0 0 0 0 0 0 0 0 0 0 0 0

Example 1 output (2x2):
2 0
0 3

Example 2 input (16x15):
0 0 0 0 0 0 0 0 0 0 0 0 0 0 0
0 0 0 0 0 0 0 0 0 0 0 0 0 0 0
0 8 8 8 8 8 8 8 8 8 8 8 8 8 0
0 8 8 8 8 8 8 8 8 8 8 8 8 8 0
0 8 8 1 1 8 8 8 3 3 8 8 8 8 0
0 8 8 1 1 8 8 8 3 3 8 8 8 8 0
0 8 8 8 8 8 8 8 8 8 8 8 8 8 0
0 8 8 8 8 8 8 8 2 2 8 8 8 8 0
0 8 8 8 8 8 8 8 2 2 8 8 8 8 0
0 8 8 8 8 8 8 8 8 8 8 8 8 8 0
0 8 8 8 8 8 8 8 8 8 8 8 8 8 0
0 8 8 8 8 8 8 8 8 8 8 8 8 8 0
0 0 0 0 0 0 0 0 0 0 0 0 0 0 0
0 0 0 0 0 0 0 0 0 0 0 0 0 0 0
0 0 0 0 0 0 0 0 0 0 0 0 0 0 0
0 0 0 0 0 0 0 0 0 0 0 0 0 0 0

Example 2 output (2x2):
1 3
0 2

Example 3 input (14x16):
0 0 0 0 0 0 0 0 0 0 0 0 0 0 0 0
0 8 8 8 8 8 8 8 8 8 0 0 0 0 0 0
0 8 8 8 8 8 8 8 8 8 0 0 0 0 0 0
0 8 5 5 8 8 4 4 8 8 0 0 0 0 0 0
0 8 5 5 8 8 4 4 8 8 0 0 0 0 0 0
0 8 8 8 8 8 8 8 8 8 0 0 0 0 0 0
0 8 8 8 8 8 8 8 8 8 0 0 0 0 0 0
0 8 8 8 8 8 8 8 8 8 0 0 0 0 0 0
0 8 3 3 8 8 8 8 8 8 0 0 0 0 0 0
0 8 3 3 8 8 8 8 8 8 0 0 0 0 0 0
0 8 8 8 8 8 8 8 8 8 0 0 0 0 0 0
0 8 8 8 8 8 8 8 8 8 0 0 0 0 0 0
0 8 8 8 8 8 8 8 8 8 0 0 0 0 0 0
0 0 0 0 0 0 0 0 0 0 0 0 0 0 0 0

Example 3 output (2x2):
5 4
3 0

Test input (14x15):
0 0 0 0 0 0 0 0 0 0 0 0 0 0 0
0 0 0 0 0 0 0 0 0 0 0 0 0 0 0
0 0 0 0 0 0 0 0 0 0 0 0 0 0 0
0 0 8 8 8 8 8 8 8 8 8 8 8 8 0
0 0 8 8 8 8 8 8 8 8 8 8 8 8 0
0 0 8 8 8 8 8 8 8 8 8 8 8 8 0
0 0 8 8 2 2 8 8 8 8 6 6 8 8 0
0 0 8 8 2 2 8 8 8 8 6 6 8 8 0
0 0 8 8 8 8 8 8 8 8 8 8 8 8 0
0 0 8 8 8 8 8 8 8 8 8 8 8 8 0
0 0 8 8 1 1 8 8 8 8 3 3 8 8 0
0 0 8 8 1 1 8 8 8 8 3 3 8 8 0
0 0 8 8 8 8 8 8 8 8 8 8 8 8 0
0 0 0 0 0 0 0 0 0 0 0 0 0 0 0
