Example 1 input (8x12):
0 2 2 0 0 0 0 8 0 0 0 0
0 2 2 0 0 0 0 8 0 0 0 0
3 2 2 3 3 3 3 8 3 3 3 3
3 2 2 3 3 3 3 8 3 3 3 3
0 2 2 0 0 0 0 8 0 0 0 0
6 6 6 6 6 6 6 6 6 6 6 6
0 2 2 0 0 0 0 8 0 0 0 0
0 2 2 0 0 0 0 8 0 0 0 0

Example 1 output (1x1):
6

Example 2 input (9x11):
0 0 0 4 4 0 0 0 8 0 0
0 0 0 4 4 0 0 0 8 0 0
3 3 3 4 4 3 3 3 8 3 3
0 0 0 4 4 0 0 0 8 0 0
0 0 0 4 4 0 0 0 8 0 0
6 6 6 6 6 6 6 6 8 6 6
6 6 6 6 6 6 6 6 8 6 6
0 0 0 4 4 0 0 0 8 0 0
0 0 0 4 4 0 0 0 8 0 0

Example 2 output (1x1):
8

Example 3 input (11x11):
0 2 2 0 6 0 0 8 8 0 0
1 2 2 1 6 1 1 8 8 1 1
1 2 2 1 6 1 1 8 8 1 1
1 2 2 1 6 1 1 8 8 1 1
0 2 2 0 6 0 0 8 8 0 0
0 2 2 0 6 0 0 8 8 0 0
4 4 4 4 6 4 4 4 4 4 4
4 4 4 4 6 4 4 4 4 4 4
0 2 2 0 6 0 0 8 8 0 0
0 2 2 0 6 0 0 8 8 0 0
0 2 2 0 6 0 0 8 8 0 0

Example 3 output (1x1):
6

Example 4 input (11x12):
0 0 0 0 3 3 0 0 5 0 0 0
2 2 2 2 3 3 2 2 5 2 2 2
0 0 0 0 3 3 0 0 5 0 0 0
1 1 1 1 1 1 1 1 1 1 1 1
1 1 1 1 1 1 1 1 1 1 1 1
0 0 0 0 3 3 0 0 5 0 0 0
4 4 4 4 4 4 4 4 5 4 4 4
4 4 4 4 4 4 4 4 5 4 4 4
0 0 0 0 3 3 0 0 5 0 0 0
0 0 0 0 3 3 0 0 5 0 0 0
0 0 0 0 3 3 0 0 5 0 0 0

Example 4 output (1x1):
1

Example 5 input (3x3):
0 1 0
3 3 3
0 1 0

Example 5 output (1x1):
3

Test input (11x13):
0 0 0 3 3 0 0 0 0 7 0 0 0
0 0 0 3 3 0 0 0 0 7 0 0 0
1 1 1 3 3 1 1 1 1 7 1 1 1
1 1 1 3 3 1 1 1 1 7 1 1 1
0 0 0 3 3 0 0 0 0 7 0 0 0
0 0 0 3 3 0 0 0 0 7 0 0 0
6 6 6 6 6 6 6 6 6 7 6 6 6
0 0 0 3 3 0 0 0 0 7 0 0 0
0 0 0 3 3 0 0 0 0 7 0 0 0
0 0 0 3 3 0 0 0 0 7 0 0 0
0 0 0 3 3 0 0 0 0 7 0 0 0
