Example 1 input (12x12):
0 0 0 0 0 0 0 0 0 0 0 0
0 0 0 0 0 0 0 0 0 0 0 0
0 0 0 0 0 0 0 0 0 0 0 0
0 0 0 0 0 0 0 0 0 0 0 0
0 0 0 0 0 1 1 1 1 0 0 0
0 0 0 0 0 1 0 0 1 0 0 0
1 1 1 1 1 1 0 0 1 1 1 1
0 0 0 0 0 0 0 0 0 0 0 0
0 0 0 0 5 0 0 0 0 0 0 0
0 5 5 0 5 0 0 0 0 0 0 0
0 5 5 0 5 0 0 0 0 0 0 0
0 0 0 0 0 0 0 0 0 0 0 0

Example 1 output (12x12):
0 0 0 0 0 0 0 0 0 0 0 0
0 0 0 0 0 0 0 0 0 0 0 0
0 0 0 0 0 0 0 0 0 0 0 0
0 0 0 0 0 0 0 0 0 0 0 0
0 0 0 0 0 1 1 1 1 0 0 0
0 0 0 0 0 1 0 0 1 0 0 0
1 1 1 1 1 1 0 0 1 1 1 1
0 0 0 0 0 0 0 0 0 0 0 0
0 0 0 0 5 0 0 0 0 0 0 0
0 2 2 0 5 0 0 0 0 0 0 0
0 2 2 0 5 0 0 0 0 0 0 0
0 0 0 0 0 0 0 0 0 0 0 0

Example 2 input (12x12):
0 0 0 0 0 0 0 0 0 0 0 0
0 0 0 1 1 1 1 0 0 0 0 0
0 0 0 1 0 0 1 0 0 0 0 0
1 1 1 1 0 0 1 1 1 1 1 1
0 0 0 0 0 0 0 0 0 0 0 0
0 0 0 0 0 0 0 0 0 0 0 0
0 0 0 0 0 0 0 0 0 0 0 0
0 0 0 0 0 0 0 0 0 0 0 0
0 0 0 0 0 0 0 0 5 0 0 0
0 5 5 5 0 5 5 0 5 5 0 0
0 5 5 0 0 5 5 0 0 5 0 0
0 0 0 0 0 0 0 0 0 0 0 0

Example 2 output (12x12):
0 0 0 0 0 0 0 0 0 0 0 0
0 0 0 1 1 1 1 0 0 0 0 0
0 0 0 1 0 0 1 0 0 0 0 0
1 1 1 1 0 0 1 1 1 1 1 1
0 0 0 0 0 0 0 0 0 0 0 0
0 0 0 0 0 0 0 0 0 0 0 0
0 0 0 0 0 0 0 0 0 0 0 0
0 0 0 0 0 0 0 0 0 0 0 0
0 0 0 0 0 0 0 0 5 0 0 0
0 2 2 2 0 2 2 0 5 5 0 0
0 2 2 0 0 2 2 0 0 5 0 0
0 0 0 0 0 0 0 0 0 0 0 0

Example 3 input (12x12):
0 0 0 0 0 0 0 0 0 0 0 0
0 0 1 1 1 1 0 0 1 1 1 0
0 0 1 0 0 1 0 0 1 0 1 0
1 1 1 0 0 1 1 1 1 0 1 1
0 0 0 0 0 0 0 0 0 0 0 0
0 0 0 0 0 0 0 0 0 0 0 0
0 0 0 0 0 0 0 0 0 0 0 0
0 0 0 0 0 0 0 0 5 0 0 0
0 0 0 5 0 0 5 5 5 0 5 0
5 5 0 5 5 0 5 5 5 0 5 0
5 5 0 0 5 0 0 0 5 0 5 0
0 0 0 0 0 0 0 0 0 0 0 0

Example 3 output (12x12):
0 0 0 0 0 0 0 0 0 0 0 0
0 0 1 1 1 1 0 0 1 1 1 0
0 0 1 0 0 1 0 0 1 0 1 0
1 1 1 0 0 1 1 1 1 0 1 1
0 0 0 0 0 0 0 0 0 0 0 0
0 0 0 0 0 0 0 0 0 0 0 0
0 0 0 0 0 0 0 0 0 0 0 0
0 0 0 0 0 0 0 0 2 0 0 0
0 0 0 5 0 0 2 2 2 0 2 0
2 2 0 5 5 0 2 2 2 0 2 0
2 2 0 0 5 0 0 0 2 0 2 0
0 0 0 0 0 0 0 0 0 0 0 0

Example 4 input (12x12):
0 0 0 0 0 0 0 0 0 0 0 0
0 0 0 0 0 0 0 0 0 0 0 0
0 0 1 1 1 0 0 1 1 1 0 0
0 0 1 0 1 1 1 1 0 1 1 0
1 1 1 0 0 1 1 0 0 0 1 1
0 0 0 0 0 0 0 0 0 0 0 0
0 0 0 0 0 0 0 0 0 0 0 0
0 0 0 0 0 0 0 0 0 0 0 0
0 0 0 0 0 5 0 0 5 0 0 5
0 5 0 0 5 5 5 0 5 0 0 5
5 5 5 0 0 5 0 0 5 0 5 5
0 0 0 0 0 0 0 0 0 0 0 0

Example 4 output (12x12):
0 0 0 0 0 0 0 0 0 0 0 0
0 0 0 0 0 0 0 0 0 0 0 0
0 0 1 1 1 0 0 1 1 1 0 0
0 0 1 0 1 1 1 1 0 1 1 0
1 1 1 0 0 1 1 0 0 0 1 1
0 0 0 0 0 0 0 0 0 0 0 0
0 0 0 0 0 0 0 0 0 0 0 0
0 0 0 0 0 0 0 0 0 0 0 0
0 0 0 0 0 2 0 0 5 0 0 5
0 2 0 0 2 2 2 0 5 0 0 5
2 2 2 0 0 2 0 0 5 0 5 5
0 0 0 0 0 0 0 0 0 0 0 0

Test input (12x12):
0 0 0 0 0 0 0 0 0 0 0 0
0 0 0 0 0 0 0 0 0 0 0 0
0 1 1 1 0 0 0 1 1 1 0 0
0 1 0 1 1 0 0 1 0 1 0 0
1 1 0 0 1 1 1 1 0 1 1 1
0 0 0 0 0 0 0 0 0 0 0 0
0 0 0 0 0 0 0 0 0 0 0 0
0 0 0 0 0 5 0 0 0 0 0 0
0 5 0 0 5 5 0 0 0 0 5 0
0 5 5 0 5 0 0 5 5 0 5 0
0 0 5 0 5 0 0 5 5 0 5 0
0 0 0 0 0 0 0 0 0 0 0 0
