Example 1 input (15x15):
0 0 0 0 0 0 0 0 0 0 0 0 0 0 0
0 0 0 0 0 0 0 0 0 0 0 0 0 0 0
0 0 0 0 0 0 0 0 2 0 0 0 0 0 0
0 0 0 2 5 5 5 5 5 5 5 5 5 0 0
0 0 0 5 5 5 5 5 5 5 5 5 5 0 0
0 0 0 5 5 5 5 5 5 5 5 5 5 0 0
0 0 0 5 5 5 5 5 5 5 5 5 5 0 0
0 0 0 5 5 5 5 5 5 5 5 5 5 0 0
0 0 0 5 5 5 5 5 5 5 5 5 5 0 0
0 0 2 5 5 5 5 5 5 5 5 5 5 0 0
0 0 0 5 5 5 5 5 5 5 5 5 5 0 0
0 0 0 5 5 5 5 5 5 5 5 5 5 0 0
0 0 0 5 5 5 5 5 5 5 5 5 5 0 0
0 0 0 0 0 0 0 0 0 0 0 0 0 0 0
0 0 0 0 0 0 0 0 0 0 0 0 0 0 0

Example 1 output (15x15):
0 0 0 0 0 0 0 0 0 0 0 0 0 0 0
0 0 0 0 0 0 0 0 0 0 0 0 0 0 0
0 0 0 0 0 0 0 0 0 0 0 0 0 0 0
0 0 0 2 2 2 2 2 2 5 5 5 5 0 0
0 0 0 2 2 2 2 2 2 5 5 5 5 0 0
0 0 0 2 2 2 2 2 2 5 5 5 5 0 0
0 0 0 2 2 2 2 2 2 5 5 5 5 0 0
0 0 0 2 2 2 2 2 2 5 5 5 5 0 0
0 0 0 2 2 2 2 2 2 5 5 5 5 0 0
0 0 0 2 2 2 2 2 2 5 5 5 5 0 0
0 0 0 5 5 5 5 5 5 5 5 5 5 0 0
0 0 0 5 5 5 5 5 5 5 5 5 5 0 0
0 0 0 5 5 5 5 5 5 5 5 5 5 0 0
0 0 0 0 0 0 0 0 0 0 0 0 0 0 0
0 0 0 0 0 0 0 0 0 0 0 0 0 0 0

Example 2 input (15x15):
0 0 0 0 0 0 0 0 0 0 0 0 0 0 0
0 0 0 0 0 0 0 0 3 0 0 0 0 0 0
0 0 3 5 5 5 5 5 5 5 5 5 5 0 0
0 0 5 5 5 5 5 5 5 5 5 5 5 0 0
0 0 5 5 5 5 5 5 5 5 5 5 5 0 0
0 0 5 5 5 5 5 5 5 5 5 5 5 0 0
0 3 5 5 5 5 5 5 5 5 5 5 5 0 0
0 0 5 5 5 5 5 5 5 5 5 5 5 4 0
0 0 5 5 5 5 5 5 5 5 5 5 5 0 0
0 0 5 5 5 5 5 5 5 5 5 5 5 0 0
0 0 5 5 5 5 5 5 5 5 5 5 5 0 0
0 0 5 5 5 5 5 5 5 5 5 5 5 0 0
0 0 5 5 5 5 5 5 5 5 5 5 4 0 0
0 0 0 0 0 0 0 0 4 0 0 0 0 0 0
0 0 0 0 0 0 0 0 0 0 0 0 0 0 0

Example 2 output (15x15):
0 0 0 0 0 0 0 0 0 0 0 0 0 0 0
0 0 0 0 0 0 0 0 0 0 0 0 0 0 0
0 0 3 3 3 3 3 3 3 5 5 5 5 0 0
0 0 3 3 3 3 3 3 3 5 5 5 5 0 0
0 0 3 3 3 3 3 3 3 5 5 5 5 0 0
0 0 3 3 3 3 3 3 3 5 5 5 5 0 0
0 0 3 3 3 3 3 3 3 5 5 5 5 0 0
0 0 5 5 5 5 5 5 4 4 4 4 4 0 0
0 0 5 5 5 5 5 5 4 4 4 4 4 0 0
0 0 5 5 5 5 5 5 4 4 4 4 4 0 0
0 0 5 5 5 5 5 5 4 4 4 4 4 0 0
0 0 5 5 5 5 5 5 4 4 4 4 4 0 0
0 0 5 5 5 5 5 5 4 4 4 4 4 0 0
0 0 0 0 0 0 0 0 0 0 0 0 0 0 0
0 0 0 0 0 0 0 0 0 0 0 0 0 0 0

Example 3 input (15x15):
0 0 0 0 0 0 1 0 0 0 4 0 0 0 0
0 0 1 5 5 5 5 5 5 5 5 5 5 4 0
0 0 5 5 5 5 5 5 5 5 5 5 5 5 0
0 0 5 5 5 5 5 5 5 5 5 5 5 5 0
0 1 5 5 5 5 5 5 5 5 5 5 5 5 0
0 0 5 5 5 5 5 5 5 5 5 5 5 5 0
0 0 5 5 5 5 5 5 5 5 5 5 5 5 0
0 0 5 5 5 5 5 5 5 5 5 5 5 5 4
0 6 5 5 5 5 5 5 5 5 5 5 5 5 0
0 0 5 5 5 5 5 5 5 5 5 5 5 5 0
0 0 5 5 5 5 5 5 5 5 5 5 5 5 0
0 0 5 5 5 5 5 5 5 5 5 5 5 5 0
0 0 5 5 5 5 5 5 5 5 5 5 5 5 0
0 0 6 5 5 5 5 5 5 5 5 5 5 5 0
0 0 0 0 0 6 0 0 0 0 0 0 0 0 0

Example 3 output (15x15):
0 0 0 0 0 0 0 0 0 0 0 0 0 0 0
0 0 1 1 1 1 1 5 5 5 4 4 4 4 0
0 0 1 1 1 1 1 5 5 5 4 4 4 4 0
0 0 1 1 1 1 1 5 5 5 4 4 4 4 0
0 0 1 1 1 1 1 5 5 5 4 4 4 4 0
0 0 5 5 5 5 5 5 5 5 4 4 4 4 0
0 0 5 5 5 5 5 5 5 5 4 4 4 4 0
0 0 5 5 5 5 5 5 5 5 4 4 4 4 0
0 0 6 6 6 6 5 5 5 5 5 5 5 5 0
0 0 6 6 6 6 5 5 5 5 5 5 5 5 0
0 0 6 6 6 6 5 5 5 5 5 5 5 5 0
0 0 6 6 6 6 5 5 5 5 5 5 5 5 0
0 0 6 6 6 6 5 5 5 5 5 5 5 5 0
0 0 6 6 6 6 5 5 5 5 5 5 5 5 0
0 0 0 0 0 0 0 0 0 0 0 0 0 0 0

Test input (15x15):
0 0 0 0 6 0 0 1 0 0 0 0 0 0 0
0 6 5 5 5 5 5 5 5 5 5 5 5 1 0
0 5 5 5 5 5 5 5 5 5 5 5 5 5 0
0 5 5 5 5 5 5 5 5 5 5 5 5 5 0
0 5 5 5 5 5 5 5 5 5 5 5 5 5 0
0 5 5 5 5 5 5 5 5 5 5 5 5 5 1
0 5 5 5 5 5 5 5 5 5 5 5 5 5 0
6 5 5 5 5 5 5 5 5 5 5 5 5 5 0
0 5 5 5 5 5 5 5 5 5 5 5 5 5 3
0 5 5 5 5 5 5 5 5 5 5 5 5 5 0
7 5 5 5 5 5 5 5 5 5 5 5 5 5 0
0 5 5 5 5 5 5 5 5 5 5 5 5 5 0
0 5 5 5 5 5 5 5 5 5 5 5 5 5 0
0 7 5 5 5 5 5 5 5 5 5 5 5 3 0
0 0 0 0 0 0 0 0 7 0 0 3 0 0 0
