Example 1 input (5x13):
0 0 0 0 0 0 0 0 0 0 0 0 0
0 8 0 8 0 8 0 0 0 8 8 0 0
0 8 0 8 0 0 8 0 0 0 8 0 0
0 8 8 8 0 8 8 8 0 0 8 8 0
0 0 0 0 0 0 0 0 0 0 0 0 0

Example 1 output (5x13):
0 0 0 0 0 0 0 0 0 0 0 0 0
0 0 2 0 0 0 2 2 0 0 0 2 0
0 0 2 0 0 2 0 2 0 2 0 2 0
0 0 0 0 0 0 0 0 0 2 0 0 0
0 0 0 0 0 0 0 0 0 0 0 0 0

Example 2 input (9x13):
0 0 0 0 0 0 0 0 0 0 0 0 0
0 8 0 8 0 8 0 8 0 8 0 0 0
0 0 8 0 0 8 8 8 0 8 8 0 0
0 8 0 8 0 8 0 8 0 0 8 8 0
0 0 0 0 0 0 0 0 0 0 0 0 0
0 8 8 8 0 8 8 8 0 8 8 0 0
0 8 0 8 0 0 0 0 0 0 0 8 0
0 0 8 0 0 8 8 8 0 8 8 0 0
0 0 0 0 0 0 0 0 0 0 0 0 0

Example 2 output (9x13):
0 0 0 0 0 0 0 0 0 0 0 0 0
0 0 2 0 0 0 2 0 0 0 2 2 0
0 2 0 2 0 0 0 0 0 0 0 2 0
0 0 2 0 0 0 2 0 0 2 0 0 0
0 0 0 0 0 0 0 0 0 0 0 0 0
0 0 0 0 0 0 0 0 0 0 0 2 0
0 0 2 0 0 2 2 2 0 2 2 0 0
0 2 0 2 0 0 0 0 0 0 0 2 0
0 0 0 0 0 0 0 0 0 0 0 0 0

Example 3 input (9x9):
0 0 0 0 0 0 0 0 0
0 8 8 8 0 8 0 8 0
0 0 0 0 0 0 8 8 0
0 0 8 0 0 8 0 8 0
0 0 0 0 0 0 0 0 0
0 8 8 0 0 8 0 0 0
0 0 8 8 0 8 8 8 0
0 8 0 0 0 0 8 0 0
0 0 0 0 0 0 0 0 0

Example 3 output (9x9):
0 0 0 0 0 0 0 0 0
0 0 0 0 0 0 2 0 0
0 2 2 2 0 2 0 0 0
0 2 0 2 0 0 2 0 0
0 0 0 0 0 0 0 0 0
0 0 0 2 0 0 2 2 0
0 2 0 0 0 0 0 0 0
0 0 2 2 0 2 0 2 0
0 0 0 0 0 0 0 0 0

Test input (13x13):
0 0 0 0 0 0 0 0 0 0 0 0 0
0 8 0 0 0 8 0 8 0 0 8 0 0
0 8 0 8 0 8 8 8 0 0 8 8 0
0 8 8 8 0 8 0 0 0 8 0 8 0
0 0 0 0 0 0 0 0 0 0 0 0 0
0 8 0 8 0 8 0 0 0 8 8 8 0
0 8 8 8 0 0 8 0 0 8 0 8 0
0 0 8 8 0 8 0 8 0 0 8 0 0
0 0 0 0 0 0 0 0 0 0 0 0 0
0 8 8 8 0 8 0 8 0 0 0 8 0
0 8 8 0 0 8 8 0 0 8 8 8 0
0 0 8 0 0 0 8 8 0 8 0 0 0
0 0 0 0 0 0 0 0 0 0 0 0 0
