Example 1 input (13x14):
0 0 0 0 0 0 0 0 0 0 0 0 0 0
0 0 0 0 0 0 0 0 0 0 0 0 0 0
0 0 0 0 0 0 0 0 0 0 0 0 0 0
0 0 0 0 0 0 0 0 0 0 0 0 0 0
0 0 0 3 3 3 3 3 3 3 3 3 0 0
0 0 0 3 0 0 0 3 0 0 0 3 0 0
0 0 0 3 0 0 0 3 0 0 0 3 0 0
0 0 0 3 3 3 3 3 3 3 3 3 0 0
0 0 0 3 0 0 0 3 0 0 0 3 0 0
0 0 0 3 0 0 0 3 0 0 0 3 0 0
0 0 0 3 3 3 3 3 3 3 3 3 0 0
0 0 0 0 0 0 0 0 0 0 0 0 0 0
0 0 0 0 0 0 0 0 0 0 0 0 0 0

Example 1 output (13x14):
0 0 0 0 0 0 0 0 0 0 0 0 0 0
0 0 0 0 0 0 0 0 0 0 0 0 0 0
0 0 0 0 0 0 0 0 0 0 0 0 0 0
0 0 0 0 0 0 0 0 0 0 0 0 0 0
0 0 0 3 3 3 3 3 3 3 3 3 0 0
0 0 3 0 0 0 3 0 0 0 3 0 0 0
0 0 0 3 0 0 0 3 0 0 0 3 0 0
0 0 0 0 3 3 3 3 3 3 3 3 3 0
0 0 0 3 0 0 0 3 0 0 0 3 0 0
0 0 3 0 0 0 3 0 0 0 3 0 0 0
0 0 0 3 3 3 3 3 3 3 3 3 0 0
0 0 0 0 0 0 0 0 0 0 0 0 0 0
0 0 0 0 0 0 0 0 0 0 0 0 0 0

Example 2 input (15x14):
0 0 0 0 0 0 0 0 0 0 0 0 0 0
0 0 0 0 0 0 0 0 0 0 0 0 0 0
0 0 0 0 0 0 0 0 0 0 0 0 0 0
0 0 0 2 2 2 2 2 2 0 0 0 0 0
0 0 0 2 0 0 0 0 2 0 0 0 0 0
0 0 0 2 0 0 0 0 2 0 0 0 0 0
0 0 0 2 0 0 0 0 2 0 0 0 0 0
0 0 0 2 0 0 0 0 2 0 0 0 0 0
0 0 0 2 0 0 0 0 2 0 0 0 0 0
0 0 0 2 0 0 0 0 2 0 0 0 0 0
0 0 0 2 0 0 0 0 2 0 0 0 0 0
0 0 0 2 0 0 0 0 2 0 0 0 0 0
0 0 0 2 0 0 0 0 2 0 0 0 0 0
0 0 0 2 2 2 2 2 2 0 0 0 0 0
0 0 0 0 0 0 0 0 0 0 0 0 0 0

Example 2 output (15x14):
0 0 0 0 0 0 0 0 0 0 0 0 0 0
0 0 0 0 0 0 0 0 0 0 0 0 0 0
0 0 0 0 0 0 0 0 0 0 0 0 0 0
0 0 0 2 2 2 2 2 2 0 0 0 0 0
0 0 2 0 0 0 0 2 0 0 0 0 0 0
0 0 0 2 0 0 0 0 2 0 0 0 0 0
0 0 0 0 2 0 0 0 0 2 0 0 0 0
0 0 0 2 0 0 0 0 2 0 0 0 0 0
0 0 2 0 0 0 0 2 0 0 0 0 0 0
0 0 0 2 0 0 0 0 2 0 0 0 0 0
0 0 0 0 2 0 0 0 0 2 0 0 0 0
0 0 0 2 0 0 0 0 2 0 0 0 0 0
0 0 2 0 0 0 0 2 0 0 0 0 0 0
0 0 0 2 2 2 2 2 2 0 0 0 0 0
0 0 0 0 0 0 0 0 0 0 0 0 0 0

Example 3 input (15x15):
0 0 0 0 0 0 0 0 0 0 0 0 0 0 0
0 0 0 0 0 0 0 0 0 0 0 0 0 0 0
0 0 0 0 5 5 5 5 5 5 5 5 0 0 0
0 0 0 0 5 0 0 5 5 0 0 5 0 0 0
0 0 0 0 5 0 0 5 5 0 0 5 0 0 0
0 0 0 0 5 5 5 5 5 5 5 5 0 0 0
0 0 0 0 5 0 0 5 5 0 0 5 0 0 0
0 0 0 0 5 0 0 5 5 0 0 5 0 0 0
0 0 0 0 5 5 5 5 5 5 5 5 0 0 0
0 0 0 0 5 0 0 5 5 0 0 5 0 0 0
0 0 0 0 5 0 0 5 5 0 0 5 0 0 0
0 0 0 0 5 5 5 5 5 5 5 5 0 0 0
0 0 0 0 0 0 0 0 0 0 0 0 0 0 0
0 0 0 0 0 0 0 0 0 0 0 0 0 0 0
0 0 0 0 0 0 0 0 0 0 0 0 0 0 0

Example 3 output (15x15):
0 0 0 0 0 0 0 0 0 0 0 0 0 0 0
0 0 0 0 0 0 0 0 0 0 0 0 0 0 0
0 0 0 5 5 5 5 5 5 5 5 0 0 0 0
0 0 0 0 5 0 0 5 5 0 0 5 0 0 0
0 0 0 0 0 5 0 0 5 5 0 0 5 0 0
0 0 0 0 5 5 5 5 5 5 5 5 0 0 0
0 0 0 5 0 0 5 5 0 0 5 0 0 0 0
0 0 0 0 5 0 0 5 5 0 0 5 0 0 0
0 0 0 0 0 5 5 5 5 5 5 5 5 0 0
0 0 0 0 5 0 0 5 5 0 0 5 0 0 0
0 0 0 5 0 0 5 5 0 0 5 0 0 0 0
0 0 0 0 5 5 5 5 5 5 5 5 0 0 0
0 0 0 0 0 0 0 0 0 0 0 0 0 0 0
0 0 0 0 0 0 0 0 0 0 0 0 0 0 0
0 0 0 0 0 0 0 0 0 0 0 0 0 0 0

Example 4 input (15x15):
0 0 0 0 0 0 0 0 0 0 0 0 0 0 0
0 0 0 0 0 0 0 0 0 0 0 0 0 0 0
0 0 0 0 8 8 8 8 8 0 0 0 0 0 0
0 0 0 0 8 0 8 0 8 0 0 0 0 0 0
0 0 0 0 8 0 8 0 8 0 0 0 0 0 0
0 0 0 0 8 0 8 0 8 0 0 0 0 0 0
0 0 0 0 8 0 8 0 8 0 0 0 0 0 0
0 0 0 0 8 0 8 0 8 0 0 0 0 0 0
0 0 0 0 8 0 8 0 8 0 0 0 0 0 0
0 0 0 0 8 0 8 0 8 0 0 0 0 0 0
0 0 0 0 8 0 8 0 8 0 0 0 0 0 0
0 0 0 0 8 0 8 0 8 0 0 0 0 0 0
0 0 0 0 8 0 8 0 8 0 0 0 0 0 0
0 0 0 0 8 8 8 8 8 0 0 0 0 0 0
0 0 0 0 0 0 0 0 0 0 0 0 0 0 0

Example 4 output (15x15):
0 0 0 0 0 0 0 0 0 0 0 0 0 0 0
0 0 0 0 0 0 0 0 0 0 0 0 0 0 0
0 0 0 0 0 8 8 8 8 8 0 0 0 0 0
0 0 0 0 8 0 8 0 8 0 0 0 0 0 0
0 0 0 8 0 8 0 8 0 0 0 0 0 0 0
0 0 0 0 8 0 8 0 8 0 0 0 0 0 0
0 0 0 0 0 8 0 8 0 8 0 0 0 0 0
0 0 0 0 8 0 8 0 8 0 0 0 0 0 0
0 0 0 8 0 8 0 8 0 0 0 0 0 0 0
0 0 0 0 8 0 8 0 8 0 0 0 0 0 0
0 0 0 0 0 8 0 8 0 8 0 0 0 0 0
0 0 0 0 8 0 8 0 8 0 0 0 0 0 0
0 0 0 8 0 8 0 8 0 0 0 0 0 0 0
0 0 0 0 8 8 8 8 8 0 0 0 0 0 0
0 0 0 0 0 0 0 0 0 0 0 0 0 0 0

Test input (15x15):
0 0 0 0 0 0 0 0 0 0 0 0 0 0 0
0 0 0 0 7 7 7 7 7 7 7 0 0 0 0
0 0 0 0 7 0 0 7 0 0 7 0 0 0 0
0 0 0 0 7 0 0 7 0 0 7 0 0 0 0
0 0 0 0 7 0 0 7 0 0 7 0 0 0 0
0 0 0 0 7 0 0 7 0 0 7 0 0 0 0
0 0 0 0 7 0 0 7 0 0 7 0 0 0 0
0 0 0 0 7 0 0 7 0 0 7 0 0 0 0
0 0 0 0 7 0 0 7 0 0 7 0 0 0 0
0 0 0 0 7 0 0 7 0 0 7 0 0 0 0
0 0 0 0 7 0 0 7 0 0 7 0 0 0 0
0 0 0 0 7 0 0 7 0 0 7 0 0 0 0
0 0 0 0 7 0 0 7 0 0 7 0 0 0 0
0 0 0 0 7 7 7 7 7 7 7 0 0 0 0
0 0 0 0 0 0 0 0 0 0 0 0 0 0 0
