Example 1 input (15x15):
0 0 0 0 0 0 0 0 0 0 0 0 0 0 0
0 0 2 5 7 0 0 0 0 0 0 0 0 0 0
0 0 2 8 7 0 0 0 0 0 0 0 0 0 0
0 0 3 3 3 0 0 0 0 0 0 0 0 0 0
0 0 0 0 0 0 0 0 0 0 0 0 0 0 0
0 0 0 0 0 0 0 0 0 0 0 0 0 0 0
0 0 0 0 0 0 0 0 0 0 0 0 0 0 0
0 0 0 0 0 0 0 0 0 0 0 0 0 0 0
0 0 0 0 0 0 0 0 0 0 0 0 0 0 0
0 0 0 0 0 0 0 0 0 0 0 0 0 0 0
0 0 0 0 0 0 0 0 0 0 0 0 0 0 0
0 0 0 0 0 0 0 0 0 0 0 0 0 0 0
0 0 0 0 0 0 0 0 0 0 0 0 0 0 0
0 0 0 0 0 0 0 0 0 0 0 0 0 0 0
0 0 0 0 0 0 0 0 0 0 0 0 0 0 0

Example 1 output (15x15):
0 2 0 5 0 7 0 0 0 0 0 0 0 0 0
0 0 2 5 7 0 0 0 0 0 0 0 0 0 0
2 2 2 8 7 7 7 7 7 7 7 7 7 7 7
0 0 3 3 3 0 0 0 0 0 0 0 0 0 0
0 3 0 3 0 3 0 0 0 0 0 0 0 0 0
3 0 0 3 0 0 3 0 0 0 0 0 0 0 0
0 0 0 3 0 0 0 3 0 0 0 0 0 0 0
0 0 0 3 0 0 0 0 3 0 0 0 0 0 0
0 0 0 3 0 0 0 0 0 3 0 0 0 0 0
0 0 0 3 0 0 0 0 0 0 3 0 0 0 0
0 0 0 3 0 0 0 0 0 0 0 3 0 0 0
0 0 0 3 0 0 0 0 0 0 0 0 3 0 0
0 0 0 3 0 0 0 0 0 0 0 0 0 3 0
0 0 0 3 0 0 0 0 0 0 0 0 0 0 3
0 0 0 3 0 0 0 0 0 0 0 0 0 0 0

Example 2 input (10x10):
0 0 0 0 0 0 0 0 0 0
0 0 0 0 0 0 0 0 0 0
0 0 0 3 1 2 0 0 0 0
0 0 0 2 6 2 0 0 0 0
0 0 0 2 7 7 0 0 0 0
0 0 0 0 0 0 0 0 0 0
0 0 0 0 0 0 0 0 0 0
0 0 0 0 0 0 0 0 0 0
0 0 0 0 0 0 0 0 0 0
0 0 0 0 0 0 0 0 0 0

Example 2 output (10x10):
0 3 0 0 1 0 0 2 0 0
0 0 3 0 1 0 2 0 0 0
0 0 0 3 1 2 0 0 0 0
2 2 2 2 6 2 2 2 2 2
0 0 0 2 7 7 0 0 0 0
0 0 2 0 7 0 7 0 0 0
0 2 0 0 7 0 0 7 0 0
2 0 0 0 7 0 0 0 7 0
0 0 0 0 7 0 0 0 0 7
0 0 0 0 7 0 0 0 0 0

Example 3 input (20x20):
0 0 0 0 0 0 0 0 0 0 0 0 0 0 0 0 0 0 0 0
0 0 0 0 0 0 0 0 0 0 0 0 0 0 0 0 0 0 0 0
0 0 0 0 0 0 0 0 0 0 0 0 0 0 0 0 0 0 0 0
0 0 0 0 0 0 0 0 0 0 0 0 0 0 0 0 0 0 0 0
0 0 0 0 0 0 0 0 0 0 0 0 0 0 0 0 0 0 0 0
0 0 0 0 0 0 0 0 0 0 0 0 0 0 0 0 0 0 0 0
0 0 0 0 0 0 0 0 0 0 0 0 0 0 0 6 2 2 0 0
0 0 0 0 0 0 0 0 0 0 0 0 0 0 0 4 5 4 0 0
0 0 0 0 0 0 0 0 0 0 0 0 0 0 0 6 8 8 0 0
0 0 0 0 0 0 0 0 0 0 0 0 0 0 0 0 0 0 0 0
0 0 0 0 0 0 0 0 0 0 0 0 0 0 0 0 0 0 0 0
0 0 0 0 0 0 0 0 0 0 0 0 0 0 0 0 0 0 0 0
0 0 0 0 0 0 0 0 0 0 0 0 0 0 0 0 0 0 0 0
0 0 0 0 0 0 0 0 0 0 0 0 0 0 0 0 0 0 0 0
0 0 0 0 0 0 0 0 0 0 0 0 0 0 0 0 0 0 0 0
0 0 0 0 0 0 0 0 0 0 0 0 0 0 0 0 0 0 0 0
0 0 0 0 0 0 0 0 0 0 0 0 0 0 0 0 0 0 0 0
0 0 0 0 0 0 0 0 0 0 0 0 0 0 0 0 0 0 0 0
0 0 0 0 0 0 0 0 0 0 0 0 0 0 0 0 0 0 0 0
0 0 0 0 0 0 0 0 0 0 0 0 0 0 0 0 0 0 0 0

Example 3 output (20x20):
0 0 0 0 0 0 0 0 0 6 0 0 0 0 0 0 2 0 0 0
0 0 0 0 0 0 0 0 0 0 6 0 0 0 0 0 2 0 0 0
0 0 0 0 0 0 0 0 0 0 0 6 0 0 0 0 2 0 0 0
0 0 0 0 0 0 0 0 0 0 0 0 6 0 0 0 2 0 0 0
0 0 0 0 0 0 0 0 0 0 0 0 0 6 0 0 2 0 0 2
0 0 0 0 0 0 0 0 0 0 0 0 0 0 6 0 2 0 2 0
0 0 0 0 0 0 0 0 0 0 0 0 0 0 0 6 2 2 0 0
4 4 4 4 4 4 4 4 4 4 4 4 4 4 4 4 5 4 4 4
0 0 0 0 0 0 0 0 0 0 0 0 0 0 0 6 8 8 0 0
0 0 0 0 0 0 0 0 0 0 0 0 0 0 6 0 8 0 8 0
0 0 0 0 0 0 0 0 0 0 0 0 0 6 0 0 8 0 0 8
0 0 0 0 0 0 0 0 0 0 0 0 6 0 0 0 8 0 0 0
0 0 0 0 0 0 0 0 0 0 0 6 0 0 0 0 8 0 0 0
0 0 0 0 0 0 0 0 0 0 6 0 0 0 0 0 8 0 0 0
0 0 0 0 0 0 0 0 0 6 0 0 0 0 0 0 8 0 0 0
0 0 0 0 0 0 0 0 6 0 0 0 0 0 0 0 8 0 0 0
0 0 0 0 0 0 0 6 0 0 0 0 0 0 0 0 8 0 0 0
0 0 0 0 0 0 6 0 0 0 0 0 0 0 0 0 8 0 0 0
0 0 0 0 0 6 0 0 0 0 0 0 0 0 0 0 8 0 0 0
0 0 0 0 6 0 0 0 0 0 0 0 0 0 0 0 8 0 0 0

Test 1 input (12x12):
0 0 0 0 0 0 0 0 0 0 0 0
0 0 0 0 0 0 0 0 0 0 0 0
0 0 0 6 1 1 0 0 0 0 0 0
0 0 0 6 7 1 0 0 0 0 0 0
0 0 0 3 3 1 0 0 0 0 0 0
0 0 0 0 0 0 0 0 0 0 0 0
0 0 0 0 0 0 0 0 0 0 0 0
0 0 0 0 0 0 0 0 0 0 0 0
0 0 0 0 0 0 0 0 0 0 0 0
0 0 0 0 0 0 0 0 0 0 0 0
0 0 0 0 0 0 0 0 0 0 0 0
0 0 0 0 0 0 0 0 0 0 0 0

Test 2 input (16x16):
0 0 0 0 0 0 0 0 0 0 0 0 0 0 0 0
0 0 0 0 0 0 0 0 0 0 0 0 0 0 0 0
0 0 0 4 2 5 0 0 0 0 0 0 0 0 0 0
0 0 0 2 9 5 0 0 0 0 0 0 0 0 0 0
0 0 0 4 1 1 0 0 0 0 0 0 0 0 0 0
0 0 0 0 0 0 0 0 0 0 0 0 0 0 0 0
0 0 0 0 0 0 0 0 0 0 0 0 0 0 0 0
0 0 0 0 0 0 0 0 0 0 0 0 0 0 0 0
0 0 0 0 0 0 0 0 0 0 0 0 0 0 0 0
0 0 0 0 0 0 0 0 0 0 0 0 0 0 0 0
0 0 0 0 0 0 0 0 0 0 0 0 0 0 0 0
0 0 0 0 0 0 0 0 0 0 0 0 0 0 0 0
0 0 0 0 0 0 0 0 0 0 0 0 0 0 0 0
0 0 0 0 0 0 0 0 0 0 0 0 0 0 0 0
0 0 0 0 0 0 0 0 0 0 0 0 0 0 0 0
0 0 0 0 0 0 0 0 0 0 0 0 0 0 0 0
