Example 1 input (19x22):
0 0 0 0 0 0 0 0 0 0 0 0 0 0 0 0 5 5 5 5 5 5
0 8 8 8 8 8 8 0 0 0 0 0 0 0 0 0 5 2 5 5 5 5
0 0 8 8 8 8 0 0 0 0 0 0 0 0 0 0 5 5 5 5 5 5
0 8 8 0 0 8 8 0 0 0 0 0 0 0 0 0 5 5 5 5 5 5
0 0 0 0 0 0 0 0 0 0 0 0 0 0 0 0 5 5 5 3 5 5
0 0 0 0 0 0 0 0 0 0 0 0 0 0 0 0 5 5 5 5 5 5
0 0 0 0 0 0 0 0 0 8 8 8 0 0 0 0 5 5 5 5 5 5
0 0 0 0 0 0 0 0 8 8 8 8 8 0 0 0 5 4 5 5 5 5
0 0 0 0 0 0 0 0 8 8 8 8 8 0 0 0 5 5 5 5 5 5
0 0 0 0 0 0 0 0 0 8 0 8 0 0 0 0 0 0 0 0 0 0
0 0 0 0 0 0 0 0 0 0 0 0 0 0 0 0 0 0 0 0 0 0
0 0 0 0 0 0 0 0 0 0 0 0 0 0 0 0 0 0 0 0 0 0
0 0 0 0 0 0 0 0 0 0 0 0 0 0 0 0 0 0 0 0 0 0
0 0 0 8 0 0 0 8 0 0 0 0 0 0 0 0 0 0 0 0 0 0
0 0 0 8 8 8 8 8 0 0 0 0 0 0 0 0 0 0 0 0 0 0
0 0 0 0 8 8 8 0 0 0 0 0 0 0 0 0 0 0 0 0 0 0
0 0 0 8 8 0 8 8 0 0 0 0 0 0 0 0 0 0 0 0 0 0
0 0 0 0 0 0 0 0 0 0 0 0 0 0 0 0 0 0 0 0 0 0
0 0 0 0 0 0 0 0 0 0 0 0 0 0 0 0 0 0 0 0 0 0

Example 1 output (19x22):
0 0 0 0 0 0 0 0 0 0 0 0 0 0 0 0 5 5 5 5 5 5
0 2 2 2 2 2 2 0 0 0 0 0 0 0 0 0 5 2 5 5 5 5
0 0 2 2 2 2 0 0 0 0 0 0 0 0 0 0 5 5 5 5 5 5
0 2 2 0 0 2 2 0 0 0 0 0 0 0 0 0 5 5 5 5 5 5
0 0 0 0 0 0 0 0 0 0 0 0 0 0 0 0 5 5 5 3 5 5
0 0 0 0 0 0 0 0 0 0 0 0 0 0 0 0 5 5 5 5 5 5
0 0 0 0 0 0 0 0 0 3 3 3 0 0 0 0 5 5 5 5 5 5
0 0 0 0 0 0 0 0 3 3 3 3 3 0 0 0 5 4 5 5 5 5
0 0 0 0 0 0 0 0 3 3 3 3 3 0 0 0 5 5 5 5 5 5
0 0 0 0 0 0 0 0 0 3 0 3 0 0 0 0 0 0 0 0 0 0
0 0 0 0 0 0 0 0 0 0 0 0 0 0 0 0 0 0 0 0 0 0
0 0 0 0 0 0 0 0 0 0 0 0 0 0 0 0 0 0 0 0 0 0
0 0 0 0 0 0 0 0 0 0 0 0 0 0 0 0 0 0 0 0 0 0
0 0 0 4 0 0 0 4 0 0 0 0 0 0 0 0 0 0 0 0 0 0
0 0 0 4 4 4 4 4 0 0 0 0 0 0 0 0 0 0 0 0 0 0
0 0 0 0 4 4 4 0 0 0 0 0 0 0 0 0 0 0 0 0 0 0
0 0 0 4 4 0 4 4 0 0 0 0 0 0 0 0 0 0 0 0 0 0
0 0 0 0 0 0 0 0 0 0 0 0 0 0 0 0 0 0 0 0 0 0
0 0 0 0 0 0 0 0 0 0 0 0 0 0 0 0 0 0 0 0 0 0

Example 2 input (14x20):
0 0 0 0 0 0 0 0 0 0 0 0 0 0 0 0 0 0 0 0
0 0 0 0 0 0 0 0 0 1 1 1 1 0 0 0 0 0 0 0
0 0 0 0 0 0 0 0 0 0 1 1 0 0 0 0 0 0 0 0
0 0 0 0 0 0 0 0 0 0 0 0 0 0 0 0 0 0 0 0
0 0 0 0 0 0 0 0 0 0 0 0 0 0 1 0 1 0 0 0
0 0 0 0 0 0 0 0 0 0 0 0 0 1 1 1 1 1 0 0
0 5 2 5 5 5 5 0 0 0 0 0 0 0 1 0 1 0 0 0
0 5 5 5 5 5 5 0 0 0 0 0 0 0 0 0 0 0 0 0
0 5 5 5 4 5 5 0 0 0 0 0 0 0 0 0 0 0 0 0
0 5 5 5 5 5 5 0 0 1 1 0 0 0 0 0 0 1 0 0
0 5 6 5 5 3 5 0 1 1 1 1 0 0 0 0 1 1 1 0
0 5 5 5 5 5 5 0 0 1 1 0 0 0 0 0 0 1 0 0
0 0 0 0 0 0 0 0 0 0 0 0 0 0 0 0 0 0 0 0
0 0 0 0 0 0 0 0 0 0 0 0 0 0 0 0 0 0 0 0

Example 2 output (14x20):
0 0 0 0 0 0 0 0 0 0 0 0 0 0 0 0 0 0 0 0
0 0 0 0 0 0 0 0 0 2 2 2 2 0 0 0 0 0 0 0
0 0 0 0 0 0 0 0 0 0 2 2 0 0 0 0 0 0 0 0
0 0 0 0 0 0 0 0 0 0 0 0 0 0 0 0 0 0 0 0
0 0 0 0 0 0 0 0 0 0 0 0 0 0 4 0 4 0 0 0
0 0 0 0 0 0 0 0 0 0 0 0 0 4 4 4 4 4 0 0
0 5 2 5 5 5 5 0 0 0 0 0 0 0 4 0 4 0 0 0
0 5 5 5 5 5 5 0 0 0 0 0 0 0 0 0 0 0 0 0
0 5 5 5 4 5 5 0 0 0 0 0 0 0 0 0 0 0 0 0
0 5 5 5 5 5 5 0 0 6 6 0 0 0 0 0 0 3 0 0
0 5 6 5 5 3 5 0 6 6 6 6 0 0 0 0 3 3 3 0
0 5 5 5 5 5 5 0 0 6 6 0 0 0 0 0 0 3 0 0
0 0 0 0 0 0 0 0 0 0 0 0 0 0 0 0 0 0 0 0
0 0 0 0 0 0 0 0 0 0 0 0 0 0 0 0 0 0 0 0

Test input (19x25):
0 0 0 0 0 0 0 0 0 0 0 0 0 0 0 0 0 0 0 0 0 0 0 0 0
0 0 0 2 2 0 0 0 0 2 2 2 0 0 0 0 0 0 0 0 0 0 0 0 0
0 0 2 2 2 2 0 0 2 0 2 0 2 0 0 0 0 0 0 0 0 0 0 0 0
0 0 0 2 2 0 0 0 0 0 2 0 0 0 0 0 0 0 0 0 0 0 0 0 0
0 0 0 0 0 0 0 0 0 0 0 0 0 0 0 0 0 0 0 0 0 0 0 0 0
0 0 0 0 0 0 0 0 0 0 0 0 0 0 0 0 0 0 0 0 0 0 0 0 0
0 0 0 0 0 0 0 0 0 0 0 0 0 0 0 0 0 0 0 0 0 0 0 0 0
0 0 0 0 0 0 2 2 2 0 0 0 0 0 0 0 0 0 0 0 0 0 0 0 0
0 0 0 0 0 2 2 0 2 2 0 0 0 0 0 0 0 0 0 0 0 0 0 0 0
0 0 0 0 0 0 2 2 2 0 0 0 0 0 0 0 5 5 5 5 5 5 5 5 0
0 0 0 0 0 0 0 0 0 0 0 0 0 0 0 0 5 3 5 5 5 4 5 5 0
0 0 0 0 0 0 0 0 0 0 0 0 0 0 0 0 5 5 5 5 5 5 5 5 0
0 0 0 0 0 0 0 0 0 0 0 0 0 0 0 0 5 5 5 5 5 5 5 5 0
0 0 0 2 0 0 0 0 0 0 2 0 0 2 0 0 5 5 5 8 5 5 5 5 0
0 0 2 2 2 0 0 0 0 2 2 2 2 2 2 0 5 5 5 5 5 5 5 5 0
0 0 0 2 0 0 0 0 0 0 0 2 2 0 0 0 5 5 5 5 5 5 5 5 0
0 0 0 0 0 0 0 0 0 0 0 0 0 0 0 0 5 1 5 5 5 6 5 5 0
0 0 0 0 0 0 0 0 0 0 0 0 0 0 0 0 5 5 5 5 5 5 5 5 0
0 0 0 0 0 0 0 0 0 0 0 0 0 0 0 0 5 5 5 5 5 5 5 5 0
