Example 1 input (23x23):
5 6 1 2 3 4 5 6 1 2 3 4 5 6 0 0 0 4 5 6 1 2 3
6 6 1 2 3 4 5 6 1 2 3 4 5 6 0 0 0 4 5 6 1 2 3
6 1 1 2 3 4 5 6 1 2 3 4 5 6 0 0 0 4 5 6 1 2 3
6 1 2 2 3 4 5 6 1 2 3 4 5 6 1 2 3 4 5 6 1 2 3
6 1 2 3 3 4 5 6 1 2 3 4 5 6 1 2 3 4 5 6 1 2 3
6 1 2 3 4 4 5 6 1 2 3 4 5 6 1 2 3 4 5 6 1 2 3
6 1 2 3 4 5 5 6 1 2 3 4 5 6 1 2 3 4 5 6 1 2 3
6 1 0 0 0 0 6 6 1 2 3 4 5 6 1 2 3 4 5 6 1 2 3
6 1 0 0 0 0 6 1 1 2 3 4 5 6 1 2 3 4 5 6 1 2 3
6 1 0 0 0 0 6 1 2 2 3 4 5 6 1 2 3 4 5 6 1 2 3
6 1 0 0 0 0 6 1 2 3 3 4 5 6 1 2 3 4 5 6 1 2 3
6 1 2 3 4 5 6 1 2 3 4 4 5 6 1 2 3 4 5 6 1 2 3
6 1 2 3 4 5 6 1 2 3 4 5 5 6 1 2 3 4 5 6 1 2 3
6 1 2 3 4 5 6 1 2 3 4 5 6 6 1 2 3 4 5 6 1 2 3
6 0 0 0 4 5 6 1 2 3 4 5 6 1 1 2 3 4 5 6 1 2 3
6 0 0 0 4 5 6 1 2 0 0 0 0 0 2 2 3 4 5 6 1 2 3
6 0 0 0 4 5 6 1 2 0 0 0 0 0 2 3 3 4 5 6 1 2 3
6 0 0 0 4 5 6 1 2 0 0 0 0 0 2 3 4 4 5 6 1 2 3
6 1 2 3 4 5 6 1 2 0 0 0 0 0 2 3 4 5 5 6 1 2 3
6 1 2 3 4 5 6 1 2 3 4 0 0 0 2 3 4 5 6 6 1 2 3
6 1 2 3 4 5 6 1 2 3 4 0 0 0 2 3 4 5 6 1 1 2 3
6 1 2 3 4 5 6 1 2 3 4 0 0 0 2 3 4 5 6 1 2 2 3
6 1 2 3 4 5 6 1 2 3 4 5 6 1 2 3 4 5 6 1 2 3 3

Example 1 output (23x23):
5 6 1 2 3 4 5 6 1 2 3 4 5 6 1 2 3 4 5 6 1 2 3
6 6 1 2 3 4 5 6 1 2 3 4 5 6 1 2 3 4 5 6 1 2 3
6 1 1 2 3 4 5 6 1 2 3 4 5 6 1 2 3 4 5 6 1 2 3
6 1 2 2 3 4 5 6 1 2 3 4 5 6 1 2 3 4 5 6 1 2 3
6 1 2 3 3 4 5 6 1 2 3 4 5 6 1 2 3 4 5 6 1 2 3
6 1 2 3 4 4 5 6 1 2 3 4 5 6 1 2 3 4 5 6 1 2 3
6 1 2 3 4 5 5 6 1 2 3 4 5 6 1 2 3 4 5 6 1 2 3
6 1 2 3 4 5 6 6 1 2 3 4 5 6 1 2 3 4 5 6 1 2 3
6 1 2 3 4 5 6 1 1 2 3 4 5 6 1 2 3 4 5 6 1 2 3
6 1 2 3 4 5 6 1 2 2 3 4 5 6 1 2 3 4 5 6 1 2 3
6 1 2 3 4 5 6 1 2 3 3 4 5 6 1 2 3 4 5 6 1 2 3
6 1 2 3 4 5 6 1 2 3 4 4 5 6 1 2 3 4 5 6 1 2 3
6 1 2 3 4 5 6 1 2 3 4 5 5 6 1 2 3 4 5 6 1 2 3
6 1 2 3 4 5 6 1 2 3 4 5 6 6 1 2 3 4 5 6 1 2 3
6 1 2 3 4 5 6 1 2 3 4 5 6 1 1 2 3 4 5 6 1 2 3
6 1 2 3 4 5 6 1 2 3 4 5 6 1 2 2 3 4 5 6 1 2 3
6 1 2 3 4 5 6 1 2 3 4 5 6 1 2 3 3 4 5 6 1 2 3
6 1 2 3 4 5 6 1 2 3 4 5 6 1 2 3 4 4 5 6 1 2 3
6 1 2 3 4 5 6 1 2 3 4 5 6 1 2 3 4 5 5 6 1 2 3
6 1 2 3 4 5 6 1 2 3 4 5 6 1 2 3 4 5 6 6 1 2 3
6 1 2 3 4 5 6 1 2 3 4 5 6 1 2 3 4 5 6 1 1 2 3
6 1 2 3 4 5 6 1 2 3 4 5 6 1 2 3 4 5 6 1 2 2 3
6 1 2 3 4 5 6 1 2 3 4 5 6 1 2 3 4 5 6 1 2 3 3

Example 2 input (23x23):
3 4 5 6 7 1 2 3 4 5 6 7 1 2 3 4 5 6 7 1 2 3 4
4 4 5 6 7 1 2 3 4 5 6 7 1 2 3 4 5 6 7 1 2 3 4
4 5 5 6 7 1 2 3 4 5 6 7 1 2 3 4 5 6 7 1 2 3 4
4 5 6 6 7 1 2 3 4 5 6 7 1 2 0 0 0 6 7 1 2 3 4
4 5 6 7 7 1 2 3 4 5 6 7 1 2 0 0 0 6 7 1 2 3 4
4 5 6 7 1 1 2 3 4 5 6 7 1 2 0 0 0 6 7 1 2 3 4
4 5 6 7 1 2 2 3 4 5 6 7 1 2 0 0 0 6 7 1 2 3 4
4 5 6 7 1 2 3 3 4 5 6 7 1 2 3 4 5 6 7 1 2 3 4
4 5 6 7 1 2 0 0 0 0 0 7 1 2 3 4 5 6 7 1 2 3 4
4 5 6 7 1 2 0 0 0 0 0 7 1 2 0 0 0 6 7 1 2 3 4
4 5 6 7 1 2 3 4 5 6 6 7 1 2 0 0 0 6 7 1 2 3 4
4 5 6 7 1 2 3 4 5 6 7 7 1 2 0 0 0 6 7 1 2 3 4
4 5 6 7 0 0 0 0 0 6 7 1 1 2 0 0 5 6 7 1 2 3 4
4 5 6 7 0 0 0 0 0 6 7 1 2 2 0 0 5 6 7 1 2 3 4
4 5 6 7 0 0 0 0 0 6 7 1 2 3 3 4 5 6 7 1 2 3 4
4 5 6 7 1 2 3 4 5 6 7 1 2 3 4 4 5 6 7 1 2 3 4
4 5 6 7 1 2 3 4 5 6 7 1 2 3 4 5 5 6 7 1 2 3 4
4 5 6 7 1 2 3 4 5 6 7 1 2 3 4 5 6 6 7 1 2 3 4
4 5 6 7 1 2 3 4 5 6 7 1 2 3 4 5 6 7 7 1 2 3 4
4 5 6 7 1 2 3 4 5 6 7 1 2 3 4 5 6 7 1 1 2 3 4
4 5 6 7 1 2 3 4 5 6 7 1 2 3 4 5 6 7 1 2 2 3 4
4 5 6 7 1 2 3 4 5 6 7 1 2 3 4 5 6 7 1 2 3 3 4
4 5 6 7 1 2 3 4 5 6 7 1 2 3 4 5 6 7 1 2 3 4 4

Example 2 output (23x23):
3 4 5 6 7 1 2 3 4 5 6 7 1 2 3 4 5 6 7 1 2 3 4
4 4 5 6 7 1 2 3 4 5 6 7 1 2 3 4 5 6 7 1 2 3 4
4 5 5 6 7 1 2 3 4 5 6 7 1 2 3 4 5 6 7 1 2 3 4
4 5 6 6 7 1 2 3 4 5 6 7 1 2 3 4 5 6 7 1 2 3 4
4 5 6 7 7 1 2 3 4 5 6 7 1 2 3 4 5 6 7 1 2 3 4
4 5 6 7 1 1 2 3 4 5 6 7 1 2 3 4 5 6 7 1 2 3 4
4 5 6 7 1 2 2 3 4 5 6 7 1 2 3 4 5 6 7 1 2 3 4
4 5 6 7 1 2 3 3 4 5 6 7 1 2 3 4 5 6 7 1 2 3 4
4 5 6 7 1 2 3 4 4 5 6 7 1 2 3 4 5 6 7 1 2 3 4
4 5 6 7 1 2 3 4 5 5 6 7 1 2 3 4 5 6 7 1 2 3 4
4 5 6 7 1 2 3 4 5 6 6 7 1 2 3 4 5 6 7 1 2 3 4
4 5 6 7 1 2 3 4 5 6 7 7 1 2 3 4 5 6 7 1 2 3 4
4 5 6 7 1 2 3 4 5 6 7 1 1 2 3 4 5 6 7 1 2 3 4
4 5 6 7 1 2 3 4 5 6 7 1 2 2 3 4 5 6 7 1 2 3 4
4 5 6 7 1 2 3 4 5 6 7 1 2 3 3 4 5 6 7 1 2 3 4
4 5 6 7 1 2 3 4 5 6 7 1 2 3 4 4 5 6 7 1 2 3 4
4 5 6 7 1 2 3 4 5 6 7 1 2 3 4 5 5 6 7 1 2 3 4
4 5 6 7 1 2 3 4 5 6 7 1 2 3 4 5 6 6 7 1 2 3 4
4 5 6 7 1 2 3 4 5 6 7 1 2 3 4 5 6 7 7 1 2 3 4
4 5 6 7 1 2 3 4 5 6 7 1 2 3 4 5 6 7 1 1 2 3 4
4 5 6 7 1 2 3 4 5 6 7 1 2 3 4 5 6 7 1 2 2 3 4
4 5 6 7 1 2 3 4 5 6 7 1 2 3 4 5 6 7 1 2 3 3 4
4 5 6 7 1 2 3 4 5 6 7 1 2 3 4 5 6 7 1 2 3 4 4

Example 3 input (23x23):
5 6 7 8 0 0 0 0 5 6 7 8 1 2 3 4 5 6 7 8 1 2 3
6 6 7 8 0 0 0 0 5 6 7 8 1 2 3 4 5 6 7 8 1 2 3
6 7 7 8 0 0 0 0 5 6 7 8 1 2 3 4 5 6 7 8 1 2 3
6 7 8 8 0 0 0 0 5 6 7 8 1 2 3 4 5 6 7 8 1 2 3
6 7 8 1 1 2 3 4 5 6 7 8 1 2 3 4 5 6 7 8 1 2 3
6 7 8 1 2 2 3 4 5 6 7 8 1 2 3 4 5 6 7 8 1 2 3
6 7 8 1 2 3 3 4 5 6 7 8 1 2 3 4 5 6 7 8 1 2 3
6 7 0 0 0 0 4 4 5 6 7 8 1 2 3 4 5 6 7 8 1 2 3
6 7 0 0 0 0 4 5 5 6 7 8 1 2 3 4 5 6 7 8 1 2 3
6 7 0 0 0 0 4 5 6 6 7 8 1 2 3 4 5 6 7 8 1 2 3
6 7 0 0 0 0 4 5 6 7 7 8 1 2 3 4 5 6 7 8 1 2 3
6 7 8 1 2 3 4 5 6 7 8 8 1 2 3 0 0 0 0 8 1 2 3
6 7 8 1 0 0 4 5 6 7 8 1 1 2 3 0 0 0 0 8 1 2 3
6 7 8 1 0 0 4 5 6 7 8 1 2 2 3 0 0 0 0 8 1 2 3
6 7 8 1 2 3 4 5 6 7 8 1 2 3 3 0 0 0 0 8 1 2 3
6 7 8 1 2 3 4 5 6 7 8 1 2 3 4 4 5 6 7 8 1 2 3
6 7 8 1 2 3 4 5 6 7 8 1 2 3 4 5 5 6 7 8 1 2 3
6 7 8 1 2 3 4 5 6 7 8 1 2 3 4 5 6 6 7 0 0 2 3
6 7 8 1 2 3 4 5 6 7 8 1 2 3 4 5 6 7 7 0 0 2 3
6 7 8 1 2 3 4 5 6 7 8 1 2 3 4 5 6 7 8 0 0 2 3
6 7 8 1 2 3 4 5 6 7 8 1 2 3 4 5 6 7 8 0 0 2 3
6 7 8 1 2 3 4 5 6 7 8 1 2 3 4 5 6 7 8 0 0 2 3
6 7 8 1 2 3 4 5 6 7 8 1 2 3 4 5 6 7 8 1 2 3 3

Example 3 output (23x23):
5 6 7 8 1 2 3 4 5 6 7 8 1 2 3 4 5 6 7 8 1 2 3
6 6 7 8 1 2 3 4 5 6 7 8 1 2 3 4 5 6 7 8 1 2 3
6 7 7 8 1 2 3 4 5 6 7 8 1 2 3 4 5 6 7 8 1 2 3
6 7 8 8 1 2 3 4 5 6 7 8 1 2 3 4 5 6 7 8 1 2 3
6 7 8 1 1 2 3 4 5 6 7 8 1 2 3 4 5 6 7 8 1 2 3
6 7 8 1 2 2 3 4 5 6 7 8 1 2 3 4 5 6 7 8 1 2 3
6 7 8 1 2 3 3 4 5 6 7 8 1 2 3 4 5 6 7 8 1 2 3
6 7 8 1 2 3 4 4 5 6 7 8 1 2 3 4 5 6 7 8 1 2 3
6 7 8 1 2 3 4 5 5 6 7 8 1 2 3 4 5 6 7 8 1 2 3
6 7 8 1 2 3 4 5 6 6 7 8 1 2 3 4 5 6 7 8 1 2 3
6 7 8 1 2 3 4 5 6 7 7 8 1 2 3 4 5 6 7 8 1 2 3
6 7 8 1 2 3 4 5 6 7 8 8 1 2 3 4 5 6 7 8 1 2 3
6 7 8 1 2 3 4 5 6 7 8 1 1 2 3 4 5 6 7 8 1 2 3
6 7 8 1 2 3 4 5 6 7 8 1 2 2 3 4 5 6 7 8 1 2 3
6 7 8 1 2 3 4 5 6 7 8 1 2 3 3 4 5 6 7 8 1 2 3
6 7 8 1 2 3 4 5 6 7 8 1 2 3 4 4 5 6 7 8 1 2 3
6 7 8 1 2 3 4 5 6 7 8 1 2 3 4 5 5 6 7 8 1 2 3
6 7 8 1 2 3 4 5 6 7 8 1 2 3 4 5 6 6 7 8 1 2 3
6 7 8 1 2 3 4 5 6 7 8 1 2 3 4 5 6 7 7 8 1 2 3
6 7 8 1 2 3 4 5 6 7 8 1 2 3 4 5 6 7 8 8 1 2 3
6 7 8 1 2 3 4 5 6 7 8 1 2 3 4 5 6 7 8 1 1 2 3
6 7 8 1 2 3 4 5 6 7 8 1 2 3 4 5 6 7 8 1 2 2 3
6 7 8 1 2 3 4 5 6 7 8 1 2 3 4 5 6 7 8 1 2 3 3

Test input (23x23):
2 3 4 5 6 7 8 9 1 2 3 4 5 6 7 8 9 1 2 3 4 5 6
3 3 4 5 6 7 8 9 1 2 3 4 5 6 7 8 9 1 2 3 4 5 6
3 4 4 5 6 7 8 9 1 2 3 4 5 6 7 8 9 1 2 3 4 5 6
3 4 5 5 6 7 8 9 1 2 3 4 5 6 7 8 9 1 2 3 4 5 6
0 0 0 0 0 0 0 0 0 2 3 4 5 6 7 8 9 1 2 3 4 5 6
0 0 0 0 0 0 0 0 0 2 3 4 5 6 7 8 9 1 2 3 4 5 6
3 4 5 6 0 0 0 0 0 2 3 4 5 6 7 8 9 1 2 3 4 5 6
3 4 5 6 0 0 0 0 0 0 0 4 5 6 7 8 9 1 2 3 4 5 6
3 4 5 6 0 0 0 0 0 0 0 4 5 6 7 8 9 1 2 3 4 5 6
3 4 5 6 7 8 9 1 0 0 0 4 5 6 7 8 9 1 2 3 4 5 6
3 4 5 6 7 8 9 1 0 0 0 4 5 6 7 8 9 1 0 0 4 5 6
3 4 5 6 7 8 9 1 2 3 4 4 5 6 7 8 9 1 0 0 4 5 6
3 4 5 6 7 8 9 1 2 3 4 5 5 6 7 8 9 1 0 0 4 5 6
3 4 5 6 7 8 9 1 2 0 0 0 0 0 7 8 9 1 0 0 4 5 6
3 4 5 6 7 8 9 1 2 0 0 0 0 0 7 8 9 1 0 0 4 5 6
3 4 5 6 7 8 9 1 2 0 0 0 0 0 8 8 9 1 2 3 4 5 6
3 4 5 6 7 8 9 1 2 0 0 0 0 0 8 9 9 1 2 3 4 5 6
3 4 5 6 7 8 9 1 2 3 4 5 6 7 8 9 1 1 2 3 4 5 6
3 4 5 6 7 8 9 1 2 3 4 5 6 7 8 9 1 2 2 3 4 5 6
3 4 5 6 7 8 9 1 2 3 4 5 6 7 8 9 1 2 3 3 4 5 6
3 4 5 6 7 8 9 1 2 3 4 5 6 7 8 9 1 2 3 4 4 5 6
3 4 5 6 7 8 9 1 2 3 4 5 6 7 8 9 1 2 3 4 5 5 6
3 4 5 6 7 8 9 1 2 3 4 5 6 7 8 9 1 2 3 4 5 6 6
