Example 1 input (23x25):
0 0 0 0 0 0 0 0 0 0 0 0 0 0 4 4 4 0 0 0 0 0 0 0 0
0 0 0 0 0 0 0 0 0 0 0 0 3 3 4 6 4 3 3 0 0 0 0 0 0
0 0 0 0 0 0 0 0 0 0 0 0 3 2 4 6 4 2 3 0 0 0 0 0 0
0 0 0 0 0 0 0 0 0 0 0 0 3 2 4 6 4 2 3 0 0 0 0 0 0
0 0 0 0 0 0 0 0 0 0 0 0 3 2 4 6 4 2 3 0 0 0 0 0 0
0 0 0 0 0 4 4 4 0 0 0 0 3 2 4 6 4 2 3 0 0 0 0 0 0
0 0 0 3 3 4 6 4 3 3 0 0 3 2 4 6 4 2 3 0 0 0 0 0 0
0 0 0 3 2 4 6 4 2 3 0 0 3 2 4 6 4 2 3 0 0 0 0 0 0
0 0 0 3 2 4 6 4 2 3 0 0 3 2 4 6 4 2 3 0 0 0 0 0 0
0 0 0 3 2 4 6 4 2 3 0 0 3 2 4 6 4 2 3 0 0 0 0 0 0
0 0 0 3 2 4 6 4 2 3 0 0 3 2 4 6 4 2 3 0 0 0 0 0 0
0 0 0 3 2 4 6 4 2 3 0 0 3 2 4 6 4 2 3 0 0 0 0 0 0
0 0 0 3 2 4 6 4 2 3 0 0 3 2 4 6 4 2 3 0 0 0 0 0 0
0 0 0 3 2 4 6 4 2 3 0 0 3 3 4 6 4 3 3 0 0 0 0 0 0
0 0 0 0 2 4 6 4 2 0 0 0 0 0 4 4 4 0 0 0 0 0 0 0 0
0 0 0 0 0 4 6 4 0 0 0 0 0 0 0 0 0 0 0 0 0 0 0 0 0
0 0 0 0 2 4 6 4 2 0 0 0 0 0 0 0 0 0 0 0 0 0 0 0 0
0 0 0 3 2 4 6 4 2 3 0 0 0 0 0 0 0 0 0 0 0 0 0 0 0
0 0 0 3 3 4 6 4 3 3 0 0 0 0 0 0 0 0 0 0 0 0 0 0 0
0 0 0 0 0 4 4 4 0 0 0 0 0 0 0 0 0 0 0 0 0 0 0 0 0
0 0 0 0 0 0 0 0 0 0 0 0 0 0 0 0 0 0 0 0 0 0 0 0 0
0 0 0 0 0 0 0 0 0 0 0 0 0 0 0 0 0 0 0 0 0 0 0 0 0
0 0 0 0 0 0 0 0 0 0 0 0 0 0 0 0 0 0 0 0 0 0 0 0 0

Example 1 output (3x7):
8 0 0 0 0 0 8
8 8 0 0 0 8 8
8 0 0 0 0 0 8

Example 2 input (25x25):
0 0 0 0 0 0 0 0 0 0 0 0 0 0 0 0 0 0 0 0 0 0 0 0 0
0 0 0 0 0 0 0 0 0 0 0 0 0 0 0 0 0 0 0 0 0 0 0 0 0
0 0 0 0 0 4 4 4 4 0 0 0 0 0 0 0 0 0 0 0 0 0 0 0 0
0 0 0 1 1 4 6 6 4 1 1 0 0 0 0 0 0 0 0 0 0 0 0 0 0
0 0 0 3 3 3 3 3 3 3 3 0 0 0 0 0 0 0 0 0 0 0 0 0 0
0 0 0 1 3 4 6 6 4 3 1 0 0 0 0 0 0 0 0 0 0 0 0 0 0
0 0 0 1 0 4 6 6 4 0 0 0 0 0 0 0 0 0 0 0 0 0 0 0 0
0 0 0 0 0 0 0 6 0 0 0 0 0 0 0 0 0 0 0 0 0 0 0 0 0
0 0 0 1 3 0 6 6 4 3 0 0 0 0 0 0 0 0 0 0 0 0 0 0 0
0 0 0 1 1 4 6 6 4 1 0 0 0 0 0 0 0 4 4 4 4 0 0 0 0
0 0 0 2 4 4 7 7 4 4 2 0 0 0 0 1 1 4 6 6 4 1 1 0 0
0 0 0 2 4 4 7 7 4 4 2 0 0 0 0 3 3 3 3 3 3 3 3 0 0
0 0 0 2 0 0 7 7 0 0 2 0 0 0 0 1 3 4 6 6 4 3 1 0 0
0 0 0 0 0 0 0 0 0 0 0 0 0 0 0 1 3 4 6 6 4 3 1 0 0
0 0 0 0 0 0 0 0 0 0 0 0 0 0 0 1 3 4 6 6 4 3 1 0 0
0 0 0 0 0 0 0 0 0 0 0 0 0 0 0 1 3 4 6 6 4 3 1 0 0
0 0 0 0 0 0 0 0 0 0 0 0 0 0 0 1 1 4 6 6 4 1 1 0 0
0 0 0 0 0 0 0 0 0 0 0 0 0 0 0 2 4 4 7 7 4 4 2 0 0
0 0 0 0 0 0 0 0 0 0 0 0 0 0 0 2 4 4 7 7 4 4 2 0 0
0 0 0 0 0 0 0 0 0 0 0 0 0 0 0 2 0 0 7 7 0 0 2 0 0
0 0 0 0 0 0 0 0 0 0 0 0 0 0 0 0 0 0 0 0 0 0 0 0 0
0 0 0 0 0 0 0 0 0 0 0 0 0 0 0 0 0 0 0 0 0 0 0 0 0
0 0 0 0 0 0 0 0 0 0 0 0 0 0 0 0 0 0 0 0 0 0 0 0 0
0 0 0 0 0 0 0 0 0 0 0 0 0 0 0 0 0 0 0 0 0 0 0 0 0
0 0 0 0 0 0 0 0 0 0 0 0 0 0 0 0 0 0 0 0 0 0 0 0 0

Example 2 output (4x8):
0 8 0 0 0 0 8 8
8 8 8 8 0 8 8 8
0 0 8 0 0 0 0 8
0 0 0 0 0 0 0 8

Example 3 input (22x22):
0 0 0 0 0 0 0 0 0 0 0 0 0 0 0 0 0 0 0 0 0 0
0 0 0 0 0 0 0 0 0 0 0 0 0 0 0 0 0 0 0 0 0 0
0 0 0 0 0 0 0 0 0 0 0 0 0 0 0 0 0 0 0 0 0 0
0 0 0 3 3 3 3 3 3 0 0 0 0 0 0 0 0 0 0 0 0 0
0 0 0 4 4 4 4 4 4 0 0 0 0 0 0 0 0 0 0 0 0 0
0 0 0 0 3 3 3 3 0 0 0 0 0 0 0 0 0 0 0 0 0 0
0 0 0 2 3 7 7 3 2 0 0 0 0 0 0 0 0 0 0 0 0 0
0 0 0 2 3 7 7 3 2 0 0 0 0 0 0 0 0 0 0 0 0 0
0 0 0 2 3 7 7 3 2 0 0 0 0 0 0 0 0 0 0 0 0 0
0 0 0 0 3 7 7 3 0 0 0 0 0 0 0 0 0 0 0 0 0 0
0 0 0 0 3 3 3 3 0 0 0 0 0 0 0 0 0 0 0 0 0 0
0 0 0 0 0 0 0 0 0 0 0 0 0 0 0 0 0 0 0 0 0 0
0 0 0 0 0 0 0 0 0 0 0 0 0 0 3 3 3 3 3 3 0 0
0 0 0 0 0 0 0 0 0 0 0 0 0 0 4 4 4 4 4 4 0 0
0 0 0 0 0 0 0 0 0 0 0 0 0 0 0 3 3 3 3 0 0 0
0 0 0 0 0 0 0 0 0 0 0 0 0 0 2 3 7 7 3 2 0 0
0 0 0 0 0 0 0 0 0 0 0 0 0 0 2 3 7 7 3 2 0 0
0 0 0 0 0 0 0 0 0 0 0 0 0 0 0 0 0 7 0 0 0 0
0 0 0 0 0 0 0 0 0 0 0 0 0 0 0 3 0 7 3 0 0 0
0 0 0 0 0 0 0 0 0 0 0 0 0 0 0 3 3 3 3 0 0 0
0 0 0 0 0 0 0 0 0 0 0 0 0 0 0 0 0 0 0 0 0 0
0 0 0 0 0 0 0 0 0 0 0 0 0 0 0 0 0 0 0 0 0 0

Example 3 output (2x6):
8 8 8 0 8 8
0 0 8 0 0 0

Test input (24x25):
0 0 0 0 0 0 0 0 0 0 0 0 0 0 0 0 0 0 0 0 0 0 0 0 0
0 0 0 0 0 0 0 0 0 0 0 0 0 0 0 0 0 0 0 0 0 0 0 0 0
0 0 0 0 0 0 0 0 0 0 0 0 0 0 0 1 1 1 0 0 1 1 1 0 0
0 0 0 0 0 0 0 0 0 0 0 0 0 0 0 0 4 4 6 6 4 4 0 0 0
0 0 0 0 0 0 0 0 0 0 0 0 0 0 3 1 4 2 6 6 2 4 1 3 0
0 0 0 0 0 0 0 0 0 0 0 0 0 0 0 0 4 2 6 6 0 0 0 0 0
0 0 1 1 1 0 0 1 1 1 0 0 0 0 0 0 1 2 6 6 2 1 0 0 0
0 0 0 4 4 6 6 4 4 0 0 0 0 0 0 0 0 2 2 2 2 0 0 0 0
0 3 1 4 2 6 6 2 4 1 3 0 0 0 0 1 1 1 1 1 1 1 1 0 0
0 3 1 4 2 6 6 2 4 1 3 0 0 0 0 1 3 3 3 3 3 3 1 0 0
0 3 1 1 2 6 6 2 1 1 3 0 0 0 0 1 1 1 1 1 1 1 1 0 0
0 0 0 0 2 2 2 2 0 0 0 0 0 0 0 0 0 0 0 0 0 0 0 0 0
0 0 1 1 1 1 1 1 1 1 0 0 0 0 0 0 0 0 0 0 0 0 0 0 0
0 0 1 3 3 3 3 3 3 1 0 0 0 0 0 0 0 0 0 0 0 0 0 0 0
0 0 1 1 1 1 1 1 1 1 0 0 0 0 0 0 0 0 0 0 0 0 0 0 0
0 0 0 0 0 0 0 0 0 0 0 0 0 0 0 0 0 0 0 0 0 0 0 0 0
0 0 0 0 0 0 0 0 0 0 0 0 0 0 0 0 0 0 0 0 0 0 0 0 0
0 0 0 0 0 0 0 0 0 0 0 0 0 0 0 0 0 0 0 0 0 0 0 0 0
0 0 0 0 0 0 0 0 0 0 0 0 0 0 0 0 0 0 0 0 0 0 0 0 0
0 0 0 0 0 0 0 0 0 0 0 0 0 0 0 0 0 0 0 0 0 0 0 0 0
0 0 0 0 0 0 0 0 0 0 0 0 0 0 0 0 0 0 0 0 0 0 0 0 0
0 0 0 0 0 0 0 0 0 0 0 0 0 0 0 0 0 0 0 0 0 0 0 0 0
0 0 0 0 0 0 0 0 0 0 0 0 0 0 0 0 0 0 0 0 0 0 0 0 0
0 0 0 0 0 0 0 0 0 0 0 0 0 0 0 0 0 0 0 0 0 0 0 0 0
