Example 1 input (14x15):
4 4 4 4 4 4 4 4 4 4 4 4 4 4 4
4 4 2 2 2 2 2 2 2 2 4 4 4 4 4
4 4 2 2 2 2 2 2 2 2 4 4 4 4 4
4 4 2 2 2 2 2 2 2 2 4 4 4 4 4
4 4 2 2 2 2 1 1 1 1 1 4 4 4 4
4 4 2 2 2 2 1 1 1 1 1 4 4 4 4
4 4 2 2 2 2 1 1 1 1 1 4 4 4 4
4 4 4 4 4 4 1 1 1 1 1 4 4 4 4
4 4 4 4 4 4 1 1 1 1 1 4 4 4 4
4 3 3 3 3 4 4 4 4 4 4 4 4 4 4
4 3 3 3 3 4 4 4 4 4 4 4 4 4 4
4 4 4 4 4 4 4 4 4 4 4 4 4 4 4
4 4 4 4 4 4 4 4 4 4 4 4 4 4 4
4 4 4 4 4 4 4 4 4 4 4 4 4 4 4

Example 1 output (6x8):
3 3 3 3 1 2 2 2
3 3 3 3 1 2 2 2
1 1 1 1 1 2 2 2
1 1 1 1 1 2 2 2
1 1 1 1 1 2 2 2
2 2 2 2 2 2 2 2

Example 2 input (16x15):
8 8 8 8 8 2 2 2 2 2 2 2 2 2 8
8 8 8 8 8 2 2 2 2 2 2 2 2 2 8
8 8 8 8 8 2 2 2 2 2 2 2 2 2 8
8 8 8 8 8 2 2 2 2 2 2 2 2 2 8
8 8 8 8 8 2 2 2 2 2 2 2 2 2 8
8 8 3 3 3 2 2 2 2 2 2 2 2 2 8
8 8 3 3 3 3 3 3 8 8 8 8 8 8 8
8 8 3 3 3 3 3 3 8 8 8 8 8 8 8
8 8 3 3 3 3 3 3 8 8 8 8 8 8 8
8 8 3 3 3 3 3 3 8 8 8 8 8 8 8
8 8 3 3 3 3 3 3 8 8 8 8 8 8 8
8 8 8 8 8 8 8 8 8 8 5 5 8 8 8
8 8 8 8 8 8 8 8 8 8 5 5 8 8 8
8 8 8 8 8 8 8 8 8 8 8 8 8 8 8
8 8 8 8 8 8 8 8 8 8 8 8 8 8 8
8 8 8 8 8 8 8 8 8 8 8 8 8 8 8

Example 2 output (6x9):
5 5 3 3 3 3 2 2 2
5 5 3 3 3 3 2 2 2
3 3 3 3 3 3 2 2 2
3 3 3 3 3 3 2 2 2
3 3 3 3 3 3 2 2 2
3 3 3 3 3 3 2 2 2

Example 3 input (15x15):
0 0 0 0 0 0 0 0 0 0 0 0 0 0 0
0 4 4 4 4 4 0 0 0 0 0 8 8 0 0
0 4 4 4 4 4 0 0 0 0 0 0 0 0 0
0 4 4 4 6 6 6 6 6 6 6 6 0 0 0
0 4 4 4 6 6 6 6 6 6 6 6 0 0 0
0 4 4 4 6 6 6 6 6 6 6 6 0 0 0
0 0 0 0 6 6 6 6 6 6 6 6 0 0 0
0 0 0 0 6 6 6 6 6 6 6 6 0 0 0
0 0 0 0 6 6 6 6 6 6 6 6 0 0 0
0 0 3 3 3 3 6 6 6 6 6 6 0 0 0
0 0 3 3 3 3 6 6 6 6 6 6 0 0 0
0 0 3 3 3 3 0 0 0 0 0 0 0 0 0
0 0 0 0 0 0 0 0 0 0 0 0 0 0 0
0 0 0 0 0 0 0 0 0 0 0 0 0 0 0
0 0 0 0 0 0 0 0 0 0 0 0 0 0 0

Example 3 output (8x8):
8 8 3 3 4 6 6 6
3 3 3 3 4 6 6 6
3 3 3 3 4 6 6 6
4 4 4 4 4 6 6 6
4 4 4 4 4 6 6 6
6 6 6 6 6 6 6 6
6 6 6 6 6 6 6 6
6 6 6 6 6 6 6 6

Test input (16x16):
1 1 1 1 1 1 1 1 1 1 1 1 1 1 1 1
1 1 2 2 2 2 2 2 2 2 2 2 1 1 1 1
1 1 2 2 2 2 2 2 2 2 2 2 1 1 1 1
1 1 2 2 2 2 2 2 2 2 2 2 1 1 1 1
1 1 2 2 2 2 2 2 2 2 2 2 1 1 1 1
1 1 2 2 2 2 3 3 3 3 2 2 1 1 1 1
1 1 2 2 2 2 3 3 3 3 2 2 1 1 1 1
1 1 1 1 1 1 3 3 3 3 1 1 1 1 1 1
1 1 1 1 1 1 3 3 3 3 1 1 1 1 1 1
1 1 1 1 1 1 1 1 1 1 1 1 1 1 1 1
1 1 1 1 1 1 1 1 8 8 8 1 1 1 1 1
1 1 1 1 1 1 1 1 8 8 8 1 1 1 1 1
1 1 1 1 1 1 1 1 1 1 1 1 1 1 1 1
1 1 1 6 6 1 1 1 1 1 1 1 1 1 1 1
1 1 1 1 1 1 1 1 1 1 1 1 1 1 1 1
1 1 1 1 1 1 1 1 1 1 1 1 1 1 1 1
