Example 1 input (13x19):
0 0 0 0 0 0 0 0 0 0 0 0 0 0 0 0 0 0 0
0 0 0 0 0 0 0 0 0 0 0 0 0 0 0 0 0 0 0
0 0 2 0 0 0 0 2 0 0 0 0 2 0 0 0 0 2 0
0 0 0 1 0 0 0 0 0 0 0 0 0 0 0 0 1 0 0
0 0 0 1 1 0 0 0 0 1 1 0 0 0 0 1 1 0 0
0 0 0 0 0 0 0 0 0 0 1 0 0 0 0 0 0 0 0
0 0 0 0 0 0 0 0 0 0 0 0 0 0 0 0 0 0 0
0 0 2 0 0 0 0 2 0 0 0 0 2 0 0 0 0 2 0
0 0 0 0 0 0 0 0 0 1 1 0 0 0 0 0 0 0 0
0 0 0 0 0 0 0 0 0 1 1 0 0 1 1 0 0 0 0
0 0 0 1 0 0 0 0 0 0 0 0 0 1 0 0 0 0 0
0 0 0 1 1 0 0 0 0 0 0 0 0 0 0 0 0 0 0
0 0 2 0 0 0 0 2 0 0 0 0 2 0 0 0 0 2 0

Example 1 output (13x19):
0 0 0 0 0 0 0 0 0 0 0 0 0 0 0 0 0 0 0
0 0 0 0 0 0 0 0 0 0 0 0 0 0 0 0 0 0 0
0 0 2 0 0 0 0 2 0 0 0 0 2 0 0 0 0 2 0
0 0 0 0 0 0 0 0 0 0 0 0 0 0 0 0 0 0 0
0 0 0 0 1 0 0 0 0 1 1 0 0 0 0 1 0 0 0
0 0 0 0 1 1 0 0 0 0 1 0 0 0 1 1 0 0 0
0 0 0 0 0 0 0 0 0 0 0 0 0 0 0 0 0 0 0
0 0 2 0 0 0 0 2 0 0 0 0 2 0 0 0 0 2 0
0 0 0 0 0 0 0 0 0 0 0 0 0 0 0 0 0 0 0
0 0 0 0 1 0 0 0 0 1 1 0 0 0 1 1 0 0 0
0 0 0 0 1 1 0 0 0 1 1 0 0 0 1 0 0 0 0
0 0 0 0 0 0 0 0 0 0 0 0 0 0 0 0 0 0 0
0 0 2 0 0 0 0 2 0 0 0 0 2 0 0 0 0 2 0

Example 2 input (14x16):
0 0 0 0 0 0 0 0 0 0 0 0 0 0 0 0
0 2 0 0 0 0 2 0 0 0 0 2 0 0 0 0
0 0 1 1 0 0 0 0 0 0 0 0 0 1 1 0
0 0 1 1 0 0 0 0 0 0 0 0 0 1 0 0
0 0 0 0 0 0 0 1 0 0 0 0 0 0 0 0
0 0 0 0 0 0 0 1 1 0 0 0 0 0 0 0
0 2 0 0 0 0 2 0 0 0 0 2 0 0 0 0
0 0 0 0 0 0 0 0 0 0 0 0 0 0 0 0
0 0 0 0 0 0 0 0 1 1 0 0 0 1 0 0
0 0 0 0 1 0 0 0 1 0 0 0 0 1 1 0
0 0 0 1 1 0 0 0 0 0 0 0 0 0 0 0
0 2 0 0 0 0 2 0 0 0 0 2 0 0 0 0
0 0 0 0 0 0 0 0 0 0 0 0 0 0 0 0
0 0 0 0 0 0 0 0 0 0 0 0 0 0 0 0

Example 2 output (14x16):
0 0 0 0 0 0 0 0 0 0 0 0 0 0 0 0
0 2 0 0 0 0 2 0 0 0 0 2 0 0 0 0
0 0 0 0 0 0 0 0 0 0 0 0 0 0 0 0
0 0 0 1 1 0 0 0 1 0 0 0 0 1 1 0
0 0 0 1 1 0 0 0 1 1 0 0 0 1 0 0
0 0 0 0 0 0 0 0 0 0 0 0 0 0 0 0
0 2 0 0 0 0 2 0 0 0 0 2 0 0 0 0
0 0 0 0 0 0 0 0 0 0 0 0 0 0 0 0
0 0 0 0 1 0 0 0 1 1 0 0 0 1 0 0
0 0 0 1 1 0 0 0 1 0 0 0 0 1 1 0
0 0 0 0 0 0 0 0 0 0 0 0 0 0 0 0
0 2 0 0 0 0 2 0 0 0 0 2 0 0 0 0
0 0 0 0 0 0 0 0 0 0 0 0 0 0 0 0
0 0 0 0 0 0 0 0 0 0 0 0 0 0 0 0

Example 3 input (17x10):
0 0 0 0 0 0 0 0 0 0
2 0 0 0 0 2 0 0 0 0
0 0 0 0 0 0 0 1 0 0
0 1 1 0 0 0 0 1 1 0
0 1 1 0 0 0 0 0 0 0
0 0 0 0 0 0 0 0 0 0
2 0 0 0 0 2 0 0 0 0
0 0 0 0 0 0 0 0 0 0
0 0 0 0 0 0 0 1 0 0
0 1 1 0 0 0 0 1 1 0
0 1 0 0 0 0 0 0 0 0
2 0 0 0 0 2 0 0 0 0
0 0 0 0 1 0 0 0 0 0
0 0 0 1 1 0 0 1 1 0
0 0 0 0 0 0 0 1 0 0
0 0 0 0 0 0 0 0 0 0
2 0 0 0 0 2 0 0 0 0

Example 3 output (17x10):
0 0 0 0 0 0 0 0 0 0
2 0 0 0 0 2 0 0 0 0
0 0 0 0 0 0 0 0 0 0
0 0 1 1 0 0 0 1 0 0
0 0 1 1 0 0 0 1 1 0
0 0 0 0 0 0 0 0 0 0
2 0 0 0 0 2 0 0 0 0
0 0 0 0 0 0 0 0 0 0
0 0 1 1 0 0 0 1 0 0
0 0 1 0 0 0 0 1 1 0
0 0 0 0 0 0 0 0 0 0
2 0 0 0 0 2 0 0 0 0
0 0 0 0 0 0 0 0 0 0
0 0 0 1 0 0 0 1 1 0
0 0 1 1 0 0 0 1 0 0
0 0 0 0 0 0 0 0 0 0
2 0 0 0 0 2 0 0 0 0

Test input (17x13):
0 0 0 0 0 0 0 0 0 0 0 0 0
0 0 2 0 0 0 0 2 0 0 0 0 2
0 0 0 0 0 0 0 0 0 0 0 0 0
0 0 0 0 0 0 0 0 0 0 0 0 0
0 0 0 1 1 0 0 0 0 1 1 0 0
0 0 0 1 1 0 0 0 0 1 0 0 0
0 0 2 0 0 0 0 2 0 0 0 0 2
0 0 0 0 0 0 0 0 0 0 0 1 0
0 0 0 0 0 0 0 0 0 0 1 1 0
0 0 0 0 1 1 0 0 0 0 0 0 0
0 0 0 0 1 1 0 0 0 0 0 0 0
0 0 2 0 0 0 0 2 0 0 0 0 2
0 0 0 0 0 0 0 0 0 1 1 0 0
0 0 0 0 1 1 0 0 0 1 0 0 0
0 0 0 0 0 1 0 0 0 0 0 0 0
0 0 0 0 0 0 0 0 0 0 0 0 0
0 0 2 0 0 0 0 2 0 0 0 0 2
