Example 1 input (20x20):
0 5 0 0 0 0 0 0 0 0 0 0 0 0 0 0 0 0 0 0
0 0 0 0 0 0 0 0 0 0 0 0 0 0 0 0 0 0 0 0
0 0 5 0 5 0 0 0 0 0 0 0 5 0 0 0 0 0 0 5
0 0 0 5 0 0 0 0 0 0 0 0 0 0 0 0 0 5 0 0
0 0 0 0 0 0 0 0 0 0 0 0 0 0 0 5 0 0 0 0
0 0 0 0 0 0 0 0 0 0 0 0 0 0 0 0 0 0 0 0
0 0 0 0 0 0 0 8 8 8 0 0 0 0 5 0 5 0 0 0
0 0 0 0 0 0 0 8 8 8 0 0 0 0 0 0 0 5 0 0
0 0 0 0 0 0 0 8 8 8 0 0 0 0 0 0 0 0 0 0
0 0 0 0 0 0 0 0 0 0 0 5 0 5 0 0 0 0 0 5
5 0 0 0 0 0 0 0 0 0 0 0 0 0 0 0 0 0 0 0
0 0 0 0 0 0 0 0 5 0 0 0 0 0 0 0 0 0 0 0
0 0 0 0 0 0 0 0 0 0 0 0 0 0 0 0 0 0 0 0
0 0 0 0 0 0 0 0 0 0 0 0 0 0 0 5 0 0 0 0
0 0 0 5 0 0 0 5 0 0 0 0 5 0 0 0 0 0 0 0
5 0 0 0 0 0 0 0 0 0 0 0 5 0 5 0 0 0 0 0
0 0 0 0 0 0 0 0 0 0 0 0 0 0 0 0 0 0 0 0
0 0 0 0 0 0 0 0 0 0 0 0 0 0 0 0 0 0 0 0
0 0 0 5 0 0 0 0 0 0 0 0 0 0 0 0 0 0 0 0
0 0 0 0 0 0 0 0 0 0 0 0 0 0 0 0 0 0 0 0

Example 1 output (20x20):
0 5 0 0 0 0 0 0 0 0 0 0 0 0 0 2 0 0 0 0
0 0 0 0 0 0 0 0 0 0 0 0 0 0 2 0 0 0 0 0
0 0 5 0 5 0 0 0 0 0 4 4 5 2 0 0 0 0 0 5
0 0 0 5 2 0 0 0 0 0 4 0 2 0 0 0 0 5 0 0
0 0 0 4 0 2 0 0 4 4 4 2 0 0 0 5 0 0 0 0
0 0 0 4 4 4 2 0 4 0 2 0 0 0 0 0 0 0 0 0
0 0 0 0 0 4 0 8 8 8 0 0 0 0 5 0 5 0 0 0
0 0 0 0 0 4 4 8 8 8 4 4 0 0 0 0 0 5 0 0
0 0 0 0 0 0 0 8 8 8 0 4 0 0 0 0 0 0 0 0
0 0 0 0 0 0 2 0 4 0 2 5 0 5 0 0 0 0 0 5
5 0 0 0 0 2 4 4 4 0 0 2 0 0 0 0 0 0 0 0
0 0 0 0 2 0 4 0 5 0 0 0 2 0 0 0 0 0 0 0
0 0 0 2 4 4 4 0 0 0 0 0 0 2 0 0 0 0 0 0
0 0 2 0 4 0 0 0 0 0 0 0 0 0 2 5 0 0 0 0
0 2 0 5 4 0 0 5 0 0 0 0 5 0 0 2 0 0 0 0
5 0 0 0 0 0 0 0 0 0 0 0 5 0 5 0 2 0 0 0
0 0 0 0 0 0 0 0 0 0 0 0 0 0 0 0 0 2 0 0
0 0 0 0 0 0 0 0 0 0 0 0 0 0 0 0 0 0 2 0
0 0 0 5 0 0 0 0 0 0 0 0 0 0 0 0 0 0 0 2
0 0 0 0 0 0 0 0 0 0 0 0 0 0 0 0 0 0 0 0

Example 2 input (18x17):
0 0 0 0 0 0 0 0 0 0 0 0 0 0 0 5 0
0 0 0 0 0 5 0 0 5 5 0 0 0 0 0 0 0
0 0 0 0 5 0 0 0 0 0 0 0 0 0 0 0 0
0 0 0 0 0 0 0 0 0 0 0 0 0 0 0 0 0
0 0 0 0 0 0 0 0 0 0 0 0 0 0 0 0 0
0 0 0 5 0 0 0 0 0 8 8 8 0 0 5 0 0
0 0 0 0 0 0 0 5 0 8 8 8 0 5 0 0 0
0 0 5 0 0 0 0 0 0 8 8 8 0 0 0 0 0
0 0 0 0 5 0 0 0 0 0 0 0 0 5 0 0 0
0 0 0 0 0 0 0 0 0 5 0 5 0 0 5 0 0
0 0 0 5 0 0 0 0 0 0 0 0 0 0 0 0 0
0 0 0 0 0 0 0 0 0 0 0 0 5 0 0 0 0
0 0 0 0 0 0 0 0 0 0 0 0 0 0 0 0 0
0 0 5 0 0 0 0 0 0 0 5 0 0 0 0 0 0
0 0 0 0 0 0 0 0 0 0 0 0 0 0 5 0 0
0 0 5 0 0 0 0 0 0 0 0 0 0 0 5 0 0
0 0 0 0 0 0 0 0 0 5 0 0 0 0 5 0 0
0 5 0 0 0 0 0 0 0 0 0 0 0 0 0 0 0

Example 2 output (18x17):
0 0 0 0 0 0 0 0 0 0 0 0 0 0 4 5 2
0 0 0 0 0 5 0 0 5 5 0 0 4 4 4 2 0
0 0 0 0 5 0 2 0 0 0 0 0 4 0 2 0 0
0 0 0 0 0 0 0 2 0 0 4 4 4 2 0 0 0
0 0 0 0 0 0 0 0 2 0 4 0 2 0 0 0 0
0 0 0 5 0 0 0 0 0 8 8 8 0 0 5 0 0
0 0 0 0 0 0 0 5 4 8 8 8 4 5 0 0 0
0 0 5 0 0 0 0 0 0 8 8 8 0 0 0 0 0
0 0 0 0 5 0 0 0 2 0 4 0 2 5 0 0 0
0 0 0 0 0 0 0 2 0 5 4 5 0 2 5 0 0
0 0 0 5 0 0 2 0 0 0 0 0 0 0 2 0 0
0 0 0 0 0 2 0 0 0 0 0 0 5 0 0 2 0
0 0 0 0 2 0 0 0 0 0 0 0 0 0 0 0 2
0 0 5 2 0 0 0 0 0 0 5 0 0 0 0 0 0
0 0 2 0 0 0 0 0 0 0 0 0 0 0 5 0 0
0 2 5 0 0 0 0 0 0 0 0 0 0 0 5 0 0
2 0 0 0 0 0 0 0 0 5 0 0 0 0 5 0 0
0 5 0 0 0 0 0 0 0 0 0 0 0 0 0 0 0

Example 3 input (16x19):
0 0 5 0 0 0 0 0 0 0 0 0 0 0 0 0 5 0 0
0 0 0 0 0 0 0 0 0 5 0 0 0 0 0 0 0 0 0
0 0 0 0 5 0 0 0 0 0 0 5 0 0 0 0 0 5 0
0 0 0 5 0 0 0 0 0 0 0 0 0 0 5 0 0 0 0
0 5 0 5 0 0 0 5 0 0 0 0 0 0 0 0 0 0 0
0 0 0 0 0 0 0 0 0 0 0 0 0 0 0 0 5 0 0
0 0 0 0 0 0 5 0 0 8 8 8 0 0 0 0 0 0 0
0 0 0 0 0 5 0 0 0 8 8 8 5 0 0 0 0 0 0
0 0 0 0 0 0 0 0 0 8 8 8 0 0 5 0 0 0 0
0 0 0 0 0 0 0 0 0 0 0 0 5 0 0 0 0 0 5
0 0 0 0 0 0 0 0 0 0 5 0 0 5 0 0 5 0 0
0 0 0 0 0 0 0 0 0 0 0 0 0 0 0 0 5 0 5
0 0 0 0 0 0 0 0 0 0 0 0 0 0 0 0 0 5 0
0 5 0 5 0 0 0 0 0 0 0 0 0 0 0 5 0 0 0
0 0 0 0 0 0 0 0 0 0 0 0 0 0 0 0 0 0 0
0 0 0 5 0 0 5 0 0 0 0 5 0 0 0 0 0 0 0

Example 3 output (16x19):
0 0 5 0 0 0 0 0 0 0 0 0 0 0 4 4 5 0 0
0 0 0 0 0 0 0 0 0 5 0 0 0 0 4 0 0 0 0
0 0 0 0 5 0 0 0 0 0 0 5 4 4 4 0 0 5 0
0 0 0 5 4 4 0 0 0 0 0 0 4 0 5 0 0 0 0
0 5 0 5 0 4 0 5 0 0 4 4 4 2 0 0 0 0 0
0 0 0 0 0 4 4 4 2 0 4 0 2 0 0 0 5 0 0
0 0 0 0 0 0 5 4 0 8 8 8 0 0 0 0 0 0 0
0 0 0 0 0 5 0 4 4 8 8 8 5 0 0 0 0 0 0
0 0 0 0 0 0 0 0 0 8 8 8 0 0 5 0 0 0 0
0 0 0 0 0 0 0 0 2 0 4 0 5 0 0 0 0 0 5
0 0 0 0 0 0 0 2 0 0 5 0 0 5 0 0 5 0 0
0 0 0 0 0 0 2 0 0 0 0 0 0 0 0 0 5 0 5
0 0 0 0 0 2 0 0 0 0 0 0 0 0 0 0 0 5 0
0 5 0 5 2 0 0 0 0 0 0 0 0 0 0 5 0 0 0
0 0 0 2 0 0 0 0 0 0 0 0 0 0 0 0 0 0 0
0 0 2 5 0 0 5 0 0 0 0 5 0 0 0 0 0 0 0

Test input (21x23):
0 0 0 5 0 0 0 0 0 0 0 0 0 0 0 0 0 0 0 0 0 0 0
0 0 5 0 0 0 0 0 0 0 0 0 0 0 0 0 0 0 0 0 0 0 0
0 0 5 0 0 0 5 0 0 0 0 0 0 0 5 5 0 0 0 0 0 0 5
0 0 0 5 0 0 0 0 0 0 5 5 0 5 0 0 0 0 0 0 0 0 0
0 0 0 0 0 0 0 0 0 0 0 0 0 0 0 5 5 0 0 0 0 5 5
0 0 0 0 0 0 8 8 8 0 0 0 0 0 0 0 0 0 5 5 0 0 0
0 0 0 0 0 0 8 8 8 0 0 0 0 0 0 0 0 0 0 0 0 0 0
0 0 0 0 0 0 8 8 8 0 0 5 0 0 0 0 0 0 0 5 0 0 0
0 0 0 0 0 0 0 0 0 0 0 0 0 0 5 0 0 0 5 0 0 5 0
0 0 5 0 5 0 0 0 0 0 0 0 0 0 0 5 0 0 5 0 0 5 0
0 0 0 0 0 0 0 0 0 0 0 5 0 5 0 0 0 0 0 0 0 0 0
0 0 5 0 5 5 0 0 5 0 0 0 0 0 0 0 0 0 5 5 0 5 0
0 0 0 0 0 0 0 0 0 5 0 0 0 0 0 0 0 0 0 0 0 0 0
0 0 0 0 0 0 5 0 0 0 0 0 0 5 0 0 0 0 0 5 0 0 0
5 0 0 0 5 0 5 5 0 0 0 0 5 0 0 0 0 0 0 0 5 0 0
0 0 5 0 0 0 0 0 0 0 0 0 5 0 5 0 0 5 0 0 0 0 5
0 5 0 0 0 0 0 0 0 0 0 0 0 0 0 0 5 0 0 0 5 5 0
5 0 0 0 5 0 5 0 0 0 0 0 0 0 5 0 0 0 0 0 0 0 0
0 0 0 0 0 0 0 0 0 5 0 0 0 0 0 0 0 0 0 0 0 0 5
0 0 0 0 0 0 0 5 0 0 0 0 0 0 0 0 0 0 5 0 0 0 0
0 0 0 0 0 0 0 0 0 0 0 0 0 0 0 0 5 0 0 0 0 0 0
