Example 1 input (13x13):
0 0 0 0 0 0 0 0 0 0 0 0 0
0 0 0 0 0 0 0 0 0 0 0 0 0
0 0 0 0 0 0 0 0 0 0 0 0 0
0 0 0 2 0 0 0 0 0 0 0 0 0
0 0 0 0 0 0 0 0 0 0 0 0 0
0 0 0 0 0 0 0 0 0 0 0 0 0
0 0 0 0 0 0 0 0 0 0 0 0 0
0 0 0 0 0 0 0 0 0 0 0 0 0
0 0 0 0 0 0 0 0 0 0 0 0 0
0 0 0 0 0 0 0 0 2 0 0 0 0
0 0 0 0 0 0 0 0 0 0 0 0 0
0 0 0 0 0 0 0 0 0 0 0 0 0
0 0 0 0 0 0 0 0 0 0 0 0 0

Example 1 output (13x13):
0 0 0 2 0 0 0 0 2 0 0 0 0
0 0 0 2 0 0 0 0 2 0 0 0 0
0 0 0 2 0 0 0 0 2 0 0 0 0
2 2 2 2 2 2 2 2 2 2 2 2 2
0 0 0 2 1 1 1 1 2 0 0 0 0
0 0 0 2 1 1 1 1 2 0 0 0 0
0 0 0 2 1 1 1 1 2 0 0 0 0
0 0 0 2 1 1 1 1 2 0 0 0 0
0 0 0 2 1 1 1 1 2 0 0 0 0
2 2 2 2 2 2 2 2 2 2 2 2 2
0 0 0 2 0 0 0 0 2 0 0 0 0
0 0 0 2 0 0 0 0 2 0 0 0 0
0 0 0 2 0 0 0 0 2 0 0 0 0

Example 2 input (13x13):
0 0 0 0 0 0 0 0 0 0 0 0 0
0 0 0 0 0 0 0 0 0 0 0 0 0
0 0 0 0 0 0 0 0 0 0 0 0 0
0 0 0 0 0 0 0 0 0 0 0 0 0
0 0 2 0 0 0 0 0 0 0 0 0 0
0 0 0 0 0 0 0 0 0 0 0 0 0
0 0 0 0 0 0 0 0 0 0 0 0 0
0 0 0 0 0 0 0 0 0 0 0 0 0
0 0 0 0 0 0 0 0 0 0 2 0 0
0 0 0 0 0 0 0 0 0 0 0 0 0
0 0 0 0 0 0 0 0 0 0 0 0 0
0 0 0 0 0 0 0 0 0 0 0 0 0
0 0 0 0 0 0 0 0 0 0 0 0 0

Example 2 output (13x13):
0 0 2 0 0 0 0 0 0 0 2 0 0
0 0 2 0 0 0 0 0 0 0 2 0 0
0 0 2 0 0 0 0 0 0 0 2 0 0
0 0 2 0 0 0 0 0 0 0 2 0 0
2 2 2 2 2 2 2 2 2 2 2 2 2
0 0 2 1 1 1 1 1 1 1 2 0 0
0 0 2 1 1 1 1 1 1 1 2 0 0
0 0 2 1 1 1 1 1 1 1 2 0 0
2 2 2 2 2 2 2 2 2 2 2 2 2
0 0 2 0 0 0 0 0 0 0 2 0 0
0 0 2 0 0 0 0 0 0 0 2 0 0
0 0 2 0 0 0 0 0 0 0 2 0 0
0 0 2 0 0 0 0 0 0 0 2 0 0

Test input (13x13):
0 0 0 0 0 0 0 0 0 0 0 0 0
0 0 0 0 2 0 0 0 0 0 0 0 0
0 0 0 0 0 0 0 0 0 0 0 0 0
0 0 0 0 0 0 0 0 0 0 0 0 0
0 0 0 0 0 0 0 0 0 0 0 0 0
0 0 0 0 0 0 0 0 0 0 0 0 0
0 0 0 0 0 0 0 0 0 0 0 0 0
0 0 0 0 0 0 0 0 0 0 0 0 0
0 0 0 0 0 0 0 0 0 0 0 0 0
0 0 0 0 0 0 0 0 0 0 0 0 0
0 0 0 0 0 0 0 0 0 2 0 0 0
0 0 0 0 0 0 0 0 0 0 0 0 0
0 0 0 0 0 0 0 0 0 0 0 0 0
