Example 1 input (15x3):
1 1 0
1 1 0
8 8 8
8 8 8
0 1 1
0 1 1
8 8 0
1 1 1
8 8 0
8 8 0
1 1 1
1 1 1
1 1 1
8 8 8
8 8 8

Example 1 output (15x3):
2 2 0
2 2 0
8 8 8
8 8 8
0 1 1
0 1 1
2 2 0
1 1 1
8 8 0
8 8 0
2 2 2
2 2 2
2 2 2
8 8 8
8 8 8

Example 2 input (19x5):
0 8 8 8 0
0 8 8 8 0
1 1 1 0 0
0 8 8 8 0
0 8 8 8 0
1 1 1 1 1
0 8 8 8 8
0 8 8 8 8
1 1 1 1 0
1 1 1 1 0
0 8 8 8 0
0 1 1 1 1
0 1 1 1 1
8 8 8 0 0
0 0 0 1 1
8 8 8 0 0
8 8 8 0 0
0 0 1 1 0
0 0 1 1 0

Example 2 output (19x5):
0 2 2 2 0
0 2 2 2 0
1 1 1 0 0
0 8 8 8 0
0 8 8 8 0
2 2 2 2 2
0 8 8 8 8
0 8 8 8 8
1 1 1 1 0
1 1 1 1 0
0 2 2 2 0
0 1 1 1 1
0 1 1 1 1
8 8 8 0 0
0 0 0 2 2
8 8 8 0 0
8 8 8 0 0
0 0 1 1 0
0 0 1 1 0

Example 3 input (20x4):
1 1 1 0
1 1 1 0
8 8 8 8
0 0 1 1
0 0 1 1
8 8 8 8
8 8 8 8
0 1 1 0
8 8 0 0
1 1 1 1
0 8 8 0
0 8 8 0
1 1 1 1
8 8 8 0
8 8 8 0
0 1 1 1
0 1 1 1
8 8 8 0
0 1 1 0
8 8 8 8

Example 3 output (20x4):
2 2 2 0
2 2 2 0
8 8 8 8
0 0 1 1
0 0 1 1
2 2 2 2
2 2 2 2
0 1 1 0
8 8 0 0
2 2 2 2
0 8 8 0
0 8 8 0
1 1 1 1
2 2 2 0
2 2 2 0
0 1 1 1
0 1 1 1
8 8 8 0
0 2 2 0
8 8 8 8

Example 4 input (14x5):
1 1 1 0 0
0 8 8 8 8
1 1 1 1 0
0 8 8 0 0
0 0 1 1 1
0 0 1 1 1
8 8 8 8 0
0 1 1 0 0
0 1 1 0 0
8 8 8 8 8
8 8 8 8 8
1 1 1 0 0
0 8 8 8 0
0 0 0 1 1

Example 4 output (14x5):
2 2 2 0 0
0 8 8 8 8
1 1 1 1 0
0 2 2 0 0
0 0 1 1 1
0 0 1 1 1
8 8 8 8 0
0 2 2 0 0
0 2 2 0 0
8 8 8 8 8
8 8 8 8 8
1 1 1 0 0
0 2 2 2 0
0 0 0 1 1

Test input (22x4):
8 8 8 0
0 1 1 1
0 8 8 0
1 1 1 1
8 8 8 0
8 8 8 0
0 1 1 1
0 8 8 0
0 8 8 0
1 1 1 1
1 1 1 1
8 8 8 8
1 1 0 0
0 8 8 8
1 1 1 0
8 8 8 8
0 1 1 0
0 1 1 0
8 8 8 8
8 8 8 8
0 1 1 1
0 1 1 1
