Example 1 input (17x19):
0 0 0 0 6 0 0 0 0 6 0 0 0 0 6 0 0 0 0
0 0 0 0 6 0 0 0 0 6 0 0 0 0 6 0 0 0 0
0 0 0 0 6 0 0 0 0 6 0 0 0 0 6 0 0 0 0
0 0 0 0 6 0 0 0 0 6 0 0 0 0 6 0 0 0 0
6 6 6 6 6 6 6 6 6 6 6 6 6 6 6 6 6 6 6
0 0 0 0 6 0 0 0 4 6 4 0 0 0 6 0 0 0 0
0 0 0 0 6 0 0 4 0 6 0 4 0 0 6 0 0 0 0
0 0 0 0 6 0 4 4 0 6 0 4 4 0 6 0 0 0 0
0 0 0 0 6 0 0 4 0 6 0 4 0 0 6 0 0 0 0
6 6 6 6 6 6 6 6 6 6 6 6 6 6 6 6 6 6 6
0 0 0 0 6 0 0 4 0 6 0 0 0 0 6 0 0 0 0
0 0 0 0 6 0 4 4 0 6 0 0 0 0 6 0 0 0 0
0 0 0 0 6 0 0 4 0 6 0 0 0 0 6 0 0 0 0
0 0 0 0 6 0 0 0 4 6 0 0 0 0 6 0 0 0 0
6 6 6 6 6 6 6 6 6 6 6 6 6 6 6 6 6 6 6
0 0 0 0 6 0 0 0 0 6 0 0 0 0 6 0 0 0 0
0 0 0 0 6 0 0 0 0 6 0 0 0 0 6 0 0 0 0

Example 1 output (17x19):
0 0 0 0 6 0 0 0 0 6 0 0 0 0 6 0 0 0 0
0 0 0 0 6 0 0 0 0 6 0 0 0 0 6 0 0 0 0
0 0 0 0 6 0 0 0 0 6 0 0 0 0 6 0 0 0 0
0 0 0 0 6 0 0 0 0 6 0 0 0 0 6 0 0 0 0
6 6 6 6 6 6 6 6 6 6 6 6 6 6 6 6 6 6 6
0 0 0 0 6 0 0 0 4 6 4 0 0 0 6 0 0 0 0
0 0 0 0 6 0 0 4 0 6 0 4 0 0 6 0 0 0 0
0 0 0 0 6 0 4 4 0 6 0 4 4 0 6 0 0 0 0
0 0 0 0 6 0 0 4 0 6 0 4 0 0 6 0 0 0 0
6 6 6 6 6 6 6 6 6 6 6 6 6 6 6 6 6 6 6
0 0 0 0 6 0 0 4 0 6 0 4 0 0 6 0 0 0 0
0 0 0 0 6 0 4 4 0 6 0 4 4 0 6 0 0 0 0
0 0 0 0 6 0 0 4 0 6 0 4 0 0 6 0 0 0 0
0 0 0 0 6 0 0 0 4 6 4 0 0 0 6 0 0 0 0
6 6 6 6 6 6 6 6 6 6 6 6 6 6 6 6 6 6 6
0 0 0 0 6 0 0 0 0 6 0 0 0 0 6 0 0 0 0
0 0 0 0 6 0 0 0 0 6 0 0 0 0 6 0 0 0 0

Example 2 input (19x18):
0 0 0 0 2 0 0 0 0 2 0 0 0 0 2 0 0 0
3 0 3 3 2 0 0 0 0 2 0 0 0 0 2 0 0 0
0 3 3 0 2 0 0 0 0 2 0 0 0 0 2 0 0 0
0 0 3 0 2 0 0 0 0 2 0 0 0 0 2 0 0 0
2 2 2 2 2 2 2 2 2 2 2 2 2 2 2 2 2 2
0 0 3 0 2 0 3 0 0 2 0 0 0 0 2 0 0 0
0 3 3 0 2 0 3 3 0 2 0 0 0 0 2 0 0 0
3 0 3 3 2 3 3 0 3 2 0 0 0 0 2 0 0 0
0 0 0 0 2 0 0 0 0 2 0 0 0 0 2 0 0 0
2 2 2 2 2 2 2 2 2 2 2 2 2 2 2 2 2 2
0 0 0 0 2 0 0 0 0 2 0 0 0 0 2 0 0 0
0 0 0 0 2 0 1 0 0 2 0 0 1 0 2 0 0 0
0 0 0 0 2 0 0 1 1 2 1 1 0 0 2 0 0 0
0 0 0 0 2 0 0 1 0 2 0 1 0 0 2 0 0 0
2 2 2 2 2 2 2 2 2 2 2 2 2 2 2 2 2 2
0 0 0 0 2 0 0 0 0 2 0 1 0 0 2 0 0 0
0 0 0 0 2 0 0 0 0 2 1 1 0 0 2 0 0 0
0 0 0 0 2 0 0 0 0 2 0 0 1 0 2 0 0 0
0 0 0 0 2 0 0 0 0 2 0 0 0 0 2 0 0 0

Example 2 output (19x18):
0 0 0 0 2 0 0 0 0 2 0 0 0 0 2 0 0 0
3 0 3 3 2 3 3 0 3 2 0 0 0 0 2 0 0 0
0 3 3 0 2 0 3 3 0 2 0 0 0 0 2 0 0 0
0 0 3 0 2 0 3 0 0 2 0 0 0 0 2 0 0 0
2 2 2 2 2 2 2 2 2 2 2 2 2 2 2 2 2 2
0 0 3 0 2 0 3 0 0 2 0 0 0 0 2 0 0 0
0 3 3 0 2 0 3 3 0 2 0 0 0 0 2 0 0 0
3 0 3 3 2 3 3 0 3 2 0 0 0 0 2 0 0 0
0 0 0 0 2 0 0 0 0 2 0 0 0 0 2 0 0 0
2 2 2 2 2 2 2 2 2 2 2 2 2 2 2 2 2 2
0 0 0 0 2 0 0 0 0 2 0 0 0 0 2 0 0 0
0 0 0 0 2 0 1 0 0 2 0 0 1 0 2 0 0 0
0 0 0 0 2 0 0 1 1 2 1 1 0 0 2 0 0 0
0 0 0 0 2 0 0 1 0 2 0 1 0 0 2 0 0 0
2 2 2 2 2 2 2 2 2 2 2 2 2 2 2 2 2 2
0 0 0 0 2 0 0 1 0 2 0 1 0 0 2 0 0 0
0 0 0 0 2 0 0 1 1 2 1 1 0 0 2 0 0 0
0 0 0 0 2 0 1 0 0 2 0 0 1 0 2 0 0 0
0 0 0 0 2 0 0 0 0 2 0 0 0 0 2 0 0 0

Test input (26x23):
0 0 0 0 0 8 0 0 0 0 0 8 0 0 0 0 0 8 0 0 0 0 0
0 0 0 0 0 8 0 0 0 0 0 8 0 0 0 0 0 8 0 0 0 0 0
0 0 2 0 0 8 0 0 2 0 0 8 0 0 0 0 0 8 0 0 0 0 0
0 0 2 2 2 8 2 2 2 0 0 8 0 0 0 0 0 8 0 0 0 0 0
0 0 0 2 0 8 0 2 0 0 0 8 0 0 0 0 0 8 0 0 0 0 0
8 8 8 8 8 8 8 8 8 8 8 8 8 8 8 8 8 8 8 8 8 8 8
0 0 0 2 0 8 0 0 0 0 0 8 0 0 0 0 0 8 0 0 0 0 0
0 0 2 2 2 8 0 0 0 0 0 8 0 0 0 0 0 8 0 0 0 0 0
0 0 2 0 0 8 0 0 0 0 0 8 0 0 1 1 0 8 0 0 0 0 0
0 0 0 0 0 8 0 0 0 0 0 8 0 0 1 0 1 8 0 0 0 0 0
0 0 0 0 0 8 0 0 0 0 0 8 0 0 0 1 0 8 0 0 0 0 0
8 8 8 8 8 8 8 8 8 8 8 8 8 8 8 8 8 8 8 8 8 8 8
0 0 0 0 0 8 0 0 0 0 0 8 0 0 0 1 0 8 0 1 0 0 0
0 0 0 0 0 8 0 0 0 0 0 8 0 0 1 0 1 8 1 0 1 0 0
0 0 0 0 0 8 0 0 0 0 0 8 0 0 1 1 0 8 0 1 1 0 0
0 0 4 4 4 8 4 4 4 0 0 8 0 0 0 0 0 8 0 0 0 0 0
0 0 0 4 0 8 0 4 0 0 0 8 0 0 0 0 0 8 0 0 0 0 0
8 8 8 8 8 8 8 8 8 8 8 8 8 8 8 8 8 8 8 8 8 8 8
0 0 0 0 0 8 0 4 0 0 0 8 0 0 0 0 0 8 0 0 0 0 0
0 0 0 0 0 8 4 4 4 0 0 8 0 0 0 0 0 8 0 0 0 0 0
0 0 0 0 0 8 0 0 0 0 0 8 0 0 0 0 0 8 0 0 0 0 0
0 0 0 0 0 8 0 0 0 0 0 8 0 0 0 0 0 8 0 0 0 0 0
0 0 0 0 0 8 0 0 0 0 0 8 0 0 0 0 0 8 0 0 0 0 0
8 8 8 8 8 8 8 8 8 8 8 8 8 8 8 8 8 8 8 8 8 8 8
0 0 0 0 0 8 0 0 0 0 0 8 0 0 0 0 0 8 0 0 0 0 0
0 0 0 0 0 8 0 0 0 0 0 8 0 0 0 0 0 8 0 0 0 0 0
