Example 1 input (10x10):
8 8 8 0 0 0 0 0 0 0
0 0 0 0 0 0 0 0 0 0
0 0 0 0 0 0 0 0 0 0
0 0 0 0 0 0 0 0 0 0
0 0 0 0 0 0 0 0 0 0
0 0 0 0 0 0 0 0 0 0
5 5 5 5 5 5 5 5 5 5
0 0 0 0 0 0 0 0 0 0
8 6 4 3 4 7 3 8 3 7
0 0 0 0 0 0 0 0 0 0

Example 1 output (10x10):
8 8 8 0 0 0 0 0 0 0
0 0 0 0 0 0 0 0 0 0
0 0 0 0 0 0 0 0 0 0
0 0 0 3 0 0 3 0 3 0
0 0 0 3 0 0 3 0 3 0
0 0 0 3 0 0 3 0 3 0
5 5 5 5 5 5 5 5 5 5
0 0 0 0 0 0 0 0 0 0
8 6 4 3 4 7 3 8 3 7
0 0 0 0 0 0 0 0 0 0

Example 2 input (10x10):
8 0 0 0 0 0 0 0 0 0
0 0 0 0 0 0 0 0 0 0
0 0 0 0 0 0 0 0 0 0
0 0 0 0 0 0 0 0 0 0
0 0 0 0 0 0 0 0 0 0
0 0 0 0 0 0 0 0 0 0
5 5 5 5 5 5 5 5 5 5
0 0 0 0 0 0 0 0 0 0
6 6 4 6 2 1 9 2 9 4
0 0 0 0 0 0 0 0 0 0

Example 2 output (10x10):
8 0 0 0 0 0 0 0 0 0
0 0 0 0 0 0 0 0 0 0
0 0 0 0 0 0 0 0 0 0
0 0 0 0 0 0 0 0 0 0
0 0 0 0 0 0 0 0 0 0
0 0 0 0 0 1 0 0 0 0
5 5 5 5 5 5 5 5 5 5
0 0 0 0 0 0 0 0 0 0
6 6 4 6 2 1 9 2 9 4
0 0 0 0 0 0 0 0 0 0

Example 3 input (10x10):
8 8 8 0 0 0 0 0 0 0
0 0 0 0 0 0 0 0 0 0
0 0 0 0 0 0 0 0 0 0
0 0 0 0 0 0 0 0 0 0
0 0 0 0 0 0 0 0 0 0
0 0 0 0 0 0 0 0 0 0
5 5 5 5 5 5 5 5 5 5
0 0 0 0 0 0 0 0 0 0
4 1 4 4 6 3 1 6 3 6
0 0 0 0 0 0 0 0 0 0

Example 3 output (10x10):
8 8 8 0 0 0 0 0 0 0
0 0 0 0 0 0 0 0 0 0
0 0 0 0 0 0 0 0 0 0
4 0 4 4 6 0 0 6 0 6
4 0 4 4 6 0 0 6 0 6
4 0 4 4 6 0 0 6 0 6
5 5 5 5 5 5 5 5 5 5
0 0 0 0 0 0 0 0 0 0
4 1 4 4 6 3 1 6 3 6
0 0 0 0 0 0 0 0 0 0

Example 4 input (10x10):
8 8 0 0 0 0 0 0 0 0
0 0 0 0 0 0 0 0 0 0
0 0 0 0 0 0 0 0 0 0
0 0 0 0 0 0 0 0 0 0
0 0 0 0 0 0 0 0 0 0
0 0 0 0 0 0 0 0 0 0
5 5 5 5 5 5 5 5 5 5
0 0 0 0 0 0 0 0 0 0
2 3 3 2 3 1 1 3 1 1
0 0 0 0 0 0 0 0 0 0

Example 4 output (10x10):
8 8 0 0 0 0 0 0 0 0
0 0 0 0 0 0 0 0 0 0
0 0 0 0 0 0 0 0 0 0
0 0 0 0 0 0 0 0 0 0
2 0 0 2 0 0 0 0 0 0
2 0 0 2 0 0 0 0 0 0
5 5 5 5 5 5 5 5 5 5
0 0 0 0 0 0 0 0 0 0
2 3 3 2 3 1 1 3 1 1
0 0 0 0 0 0 0 0 0 0

Example 5 input (10x10):
8 8 8 8 0 0 0 0 0 0
0 0 0 0 0 0 0 0 0 0
0 0 0 0 0 0 0 0 0 0
0 0 0 0 0 0 0 0 0 0
0 0 0 0 0 0 0 0 0 0
0 0 0 0 0 0 0 0 0 0
5 5 5 5 5 5 5 5 5 5
0 0 0 0 0 0 0 0 0 0
2 1 2 1 2 1 1 2 2 2
0 0 0 0 0 0 0 0 0 0

Example 5 output (10x10):
8 8 8 8 0 0 0 0 0 0
0 0 0 0 0 0 0 0 0 0
0 1 0 1 0 1 1 0 0 0
0 1 0 1 0 1 1 0 0 0
0 1 0 1 0 1 1 0 0 0
0 1 0 1 0 1 1 0 0 0
5 5 5 5 5 5 5 5 5 5
0 0 0 0 0 0 0 0 0 0
2 1 2 1 2 1 1 2 2 2
0 0 0 0 0 0 0 0 0 0

Example 6 input (10x10):
8 0 0 0 0 0 0 0 0 0
0 0 0 0 0 0 0 0 0 0
0 0 0 0 0 0 0 0 0 0
0 0 0 0 0 0 0 0 0 0
0 0 0 0 0 0 0 0 0 0
0 0 0 0 0 0 0 0 0 0
5 5 5 5 5 5 5 5 5 5
0 0 0 0 0 0 0 0 0 0
1 3 1 1 1 1 4 1 1 1
0 0 0 0 0 0 0 0 0 0

Example 6 output (10x10):
8 0 0 0 0 0 0 0 0 0
0 0 0 0 0 0 0 0 0 0
0 0 0 0 0 0 0 0 0 0
0 0 0 0 0 0 0 0 0 0
0 0 0 0 0 0 0 0 0 0
0 3 0 0 0 0 4 0 0 0
5 5 5 5 5 5 5 5 5 5
0 0 0 0 0 0 0 0 0 0
1 3 1 1 1 1 4 1 1 1
0 0 0 0 0 0 0 0 0 0

Test input (10x10):
8 8 0 0 0 0 0 0 0 0
0 0 0 0 0 0 0 0 0 0
0 0 0 0 0 0 0 0 0 0
0 0 0 0 0 0 0 0 0 0
0 0 0 0 0 0 0 0 0 0
0 0 0 0 0 0 0 0 0 0
5 5 5 5 5 5 5 5 5 5
0 0 0 0 0 0 0 0 0 0
2 3 6 4 6 2 4 4 3 9
0 0 0 0 0 0 0 0 0 0
