Example 1 input (9x7):
0 0 0 0 0 0 0
0 4 4 4 0 4 0
0 0 0 4 4 4 0
0 0 0 0 4 0 0
0 0 0 4 4 4 0
0 4 4 4 0 4 0
0 0 0 0 0 0 0
0 0 0 0 0 0 0
0 0 0 0 0 0 0

Example 1 output (15x15):
0 0 0 0 0 4 0 0 0 4 0 0 0 0 0
0 0 0 0 0 4 0 0 0 4 0 0 0 0 0
0 0 0 0 0 4 4 0 4 4 0 0 0 0 0
0 0 0 0 0 0 4 4 4 0 0 0 0 0 0
0 0 0 0 0 4 4 0 4 4 0 0 0 0 0
4 4 4 0 4 0 0 0 0 0 4 0 4 4 4
0 0 4 4 4 0 0 0 0 0 4 4 4 0 0
0 0 0 4 0 0 0 0 0 0 0 4 0 0 0
0 0 4 4 4 0 0 0 0 0 4 4 4 0 0
4 4 4 0 4 0 0 0 0 0 4 0 4 4 4
0 0 0 0 0 4 4 0 4 4 0 0 0 0 0
0 0 0 0 0 0 4 4 4 0 0 0 0 0 0
0 0 0 0 0 4 4 0 4 4 0 0 0 0 0
0 0 0 0 0 4 0 0 0 4 0 0 0 0 0
0 0 0 0 0 4 0 0 0 4 0 0 0 0 0

Example 2 input (7x7):
0 0 0 0 0 0 0
0 0 0 0 0 0 0
0 0 4 4 0 0 0
0 4 0 4 4 0 0
0 0 4 4 0 0 0
0 0 0 0 0 0 0
0 0 0 0 0 0 0

Example 2 output (11x11):
0 0 0 0 0 4 0 0 0 0 0
0 0 0 0 4 0 4 0 0 0 0
0 0 0 0 4 4 4 0 0 0 0
0 0 0 0 0 4 0 0 0 0 0
0 4 4 0 0 0 0 0 4 4 0
4 0 4 4 0 0 0 4 4 0 4
0 4 4 0 0 0 0 0 4 4 0
0 0 0 0 0 4 0 0 0 0 0
0 0 0 0 4 4 4 0 0 0 0
0 0 0 0 4 0 4 0 0 0 0
0 0 0 0 0 4 0 0 0 0 0

Example 3 input (7x8):
0 0 0 0 0 0 0 0
0 0 0 0 0 0 0 0
0 0 0 0 0 0 0 0
0 0 0 4 0 4 0 0
0 0 4 4 4 4 0 0
0 0 0 4 0 4 0 0
0 0 0 0 0 0 0 0

Example 3 output (11x11):
0 0 0 0 0 4 0 0 0 0 0
0 0 0 0 4 4 4 0 0 0 0
0 0 0 0 0 4 0 0 0 0 0
0 0 0 0 4 4 4 0 0 0 0
0 4 0 4 0 0 0 4 0 4 0
4 4 4 4 0 0 0 4 4 4 4
0 4 0 4 0 0 0 4 0 4 0
0 0 0 0 4 4 4 0 0 0 0
0 0 0 0 0 4 0 0 0 0 0
0 0 0 0 4 4 4 0 0 0 0
0 0 0 0 0 4 0 0 0 0 0

Example 4 input (8x8):
0 0 0 0 0 0 0 0
0 0 0 0 0 0 0 0
0 0 0 0 0 0 0 0
4 0 0 0 4 0 0 0
4 0 4 4 4 0 0 0
0 4 4 0 0 0 0 0
4 0 4 4 4 0 0 0
4 0 0 0 4 0 0 0

Example 4 output (15x15):
0 0 0 0 0 4 4 0 4 4 0 0 0 0 0
0 0 0 0 0 0 0 4 0 0 0 0 0 0 0
0 0 0 0 0 0 4 4 4 0 0 0 0 0 0
0 0 0 0 0 0 4 0 4 0 0 0 0 0 0
0 0 0 0 0 4 4 0 4 4 0 0 0 0 0
4 0 0 0 4 0 0 0 0 0 4 0 0 0 4
4 0 4 4 4 0 0 0 0 0 4 4 4 0 4
0 4 4 0 0 0 0 0 0 0 0 0 4 4 0
4 0 4 4 4 0 0 0 0 0 4 4 4 0 4
4 0 0 0 4 0 0 0 0 0 4 0 0 0 4
0 0 0 0 0 4 4 0 4 4 0 0 0 0 0
0 0 0 0 0 0 4 0 4 0 0 0 0 0 0
0 0 0 0 0 0 4 4 4 0 0 0 0 0 0
0 0 0 0 0 0 0 4 0 0 0 0 0 0 0
0 0 0 0 0 4 4 0 4 4 0 0 0 0 0

Test input (8x10):
0 0 0 0 0 0 0 0 0 0
0 0 4 0 4 4 4 0 0 0
0 0 4 4 0 0 4 0 0 0
0 4 0 0 0 4 0 0 0 0
0 0 4 4 0 0 4 0 0 0
0 0 4 0 4 4 4 0 0 0
0 0 0 0 0 0 0 0 0 0
0 0 0 0 0 0 0 0 0 0
