Example 1 input (16x16):
8 8 8 8 8 0 0 0 0 0 0 0 0 0 0 0
8 8 8 8 8 0 0 0 0 0 0 0 0 0 0 0
8 8 8 8 8 0 0 0 8 8 8 8 0 0 0 0
8 8 8 8 8 0 0 0 8 8 8 8 0 0 0 0
8 8 8 8 8 0 0 0 8 8 8 8 0 0 0 0
0 0 0 0 0 0 0 0 8 8 8 8 0 0 0 0
0 0 0 0 0 0 0 0 0 0 0 0 0 0 0 0
0 0 0 0 0 8 8 8 8 0 0 1 1 0 0 0
0 0 0 0 0 8 8 8 8 0 0 1 1 0 0 0
0 0 0 0 0 8 8 8 8 0 0 0 0 0 0 0
0 0 0 0 0 8 8 8 8 0 0 0 0 0 0 0
0 2 2 0 0 0 0 0 0 0 0 0 0 0 0 0
0 2 2 0 0 0 0 2 2 2 0 0 0 0 0 0
0 0 0 0 0 0 0 2 2 2 0 0 0 0 0 0
0 0 0 0 0 0 0 2 2 2 0 0 0 0 0 0
0 0 0 0 0 0 0 0 0 0 0 0 0 0 0 0

Example 1 output (3x3):
8 8 8
0 2 2
0 0 1

Example 2 input (16x16):
0 0 0 0 0 0 0 0 4 4 0 0 0 2 2 0
0 0 0 2 2 2 0 0 4 4 0 0 0 2 2 0
0 0 0 2 2 2 0 0 0 0 0 0 0 0 0 0
0 0 0 2 2 2 0 0 0 0 2 2 2 0 0 0
0 0 0 0 0 0 0 0 0 0 2 2 2 0 0 0
0 0 0 0 0 0 3 3 0 0 2 2 2 0 0 0
8 8 8 8 0 0 3 3 0 0 0 0 0 0 0 0
8 8 8 8 0 0 0 0 0 0 0 0 2 2 2 2
8 8 8 8 0 0 0 3 3 3 0 0 2 2 2 2
8 8 8 8 0 0 0 3 3 3 0 0 2 2 2 2
0 0 0 0 0 0 0 3 3 3 0 0 2 2 2 2
0 0 0 8 8 0 0 0 0 0 0 0 0 0 0 0
0 0 0 8 8 0 0 0 0 0 0 0 0 0 0 0
0 0 0 0 0 0 0 0 0 0 0 0 3 3 0 0
0 0 0 0 0 0 0 0 0 0 0 0 3 3 0 0
0 0 0 0 0 0 0 0 0 0 0 0 0 0 0 0

Example 2 output (4x4):
2 2 2 2
0 3 3 3
0 0 8 8
0 0 0 4

Example 3 input (16x16):
0 0 0 0 0 0 0 0 8 8 0 8 8 8 0 0
0 1 1 0 0 0 0 0 8 8 0 8 8 8 0 0
0 1 1 0 1 1 1 0 0 0 0 8 8 8 0 0
0 0 0 0 1 1 1 0 0 0 0 0 0 0 0 0
0 0 0 0 1 1 1 0 0 0 0 0 0 8 8 0
0 0 0 0 0 0 0 0 0 0 0 0 0 8 8 0
0 0 0 0 0 0 0 3 3 3 0 0 0 0 0 0
2 2 2 0 0 0 0 3 3 3 0 1 1 1 1 1
2 2 2 0 0 0 0 3 3 3 0 1 1 1 1 1
2 2 2 0 0 0 0 0 0 0 0 1 1 1 1 1
0 0 0 0 0 0 0 0 0 0 0 1 1 1 1 1
0 0 0 0 1 1 1 1 0 0 0 1 1 1 1 1
1 1 0 0 1 1 1 1 0 0 0 0 0 0 0 0
1 1 0 0 1 1 1 1 0 2 2 2 0 0 0 0
0 0 0 0 1 1 1 1 0 2 2 2 0 0 0 0
0 0 0 0 0 0 0 0 0 2 2 2 0 0 0 0

Example 3 output (4x5):
1 1 1 1 1
0 0 8 8 8
0 0 0 2 2
0 0 0 0 3

Test input (16x16):
0 0 0 0 0 0 8 8 0 0 0 0 0 0 0 0
0 3 3 3 0 0 8 8 0 0 0 0 0 0 0 0
0 3 3 3 0 0 0 0 0 0 3 3 0 0 8 8
0 3 3 3 0 0 0 0 0 0 3 3 0 0 8 8
0 0 0 0 0 0 0 0 0 0 0 0 0 0 0 0
0 0 0 0 4 4 4 0 0 0 0 0 0 0 0 0
0 0 0 0 4 4 4 0 0 4 4 0 0 0 0 0
0 0 0 0 4 4 4 0 0 4 4 0 0 0 3 3
0 0 0 0 0 0 0 0 0 0 0 0 0 0 3 3
0 0 0 0 0 4 4 4 0 0 0 0 0 0 0 0
0 0 0 0 0 4 4 4 0 0 0 0 0 0 0 0
0 3 3 0 0 4 4 4 0 3 3 3 3 0 0 0
0 3 3 0 0 0 0 0 0 3 3 3 3 0 0 0
0 0 0 0 4 4 0 0 0 3 3 3 3 0 0 0
0 0 0 0 4 4 0 0 0 3 3 3 3 0 0 0
0 0 0 0 0 0 0 0 0 0 0 0 0 0 0 0
