Example 1 input (3x3):
2 2 3
5 5 5
0 0 0

Example 1 output (3x3):
2 2 3
5 5 5
0 2 0

Example 2 input (5x5):
3 6 4 2 4
8 4 3 3 4
5 5 5 5 5
0 0 0 0 0
0 0 0 0 0

Example 2 output (5x5):
3 6 4 2 4
8 4 3 3 4
5 5 5 5 5
0 0 0 0 0
0 0 4 0 0

Example 3 input (7x7):
1 9 9 6 1 8 4
4 6 7 8 9 7 1
9 3 1 4 1 3 6
5 5 5 5 5 5 5
0 0 0 0 0 0 0
0 0 0 0 0 0 0
0 0 0 0 0 0 0

Example 3 output (7x7):
1 9 9 6 1 8 4
4 6 7 8 9 7 1
9 3 1 4 1 3 6
5 5 5 5 5 5 5
0 0 0 0 0 0 0
0 0 0 0 0 0 0
0 0 0 1 0 0 0

Test input (9x9):
9 1 2 8 4 9 8 2 1
4 4 3 1 2 7 6 7 9
2 1 6 9 7 8 4 3 6
9 8 6 3 4 2 9 1 7
5 5 5 5 5 5 5 5 5
0 0 0 0 0 0 0 0 0
0 0 0 0 0 0 0 0 0
0 0 0 0 0 0 0 0 0
0 0 0 0 0 0 0 0 0
