Example 1 input (3x3):
8 8 1
8 6 1
4 9 6

Example 1 output (9x9):
8 8 1 8 8 1 0 0 0
8 6 1 8 6 1 0 0 0
4 9 6 4 9 6 0 0 0
8 8 1 0 0 0 0 0 0
8 6 1 0 0 0 0 0 0
4 9 6 0 0 0 0 0 0
0 0 0 0 0 0 0 0 0
0 0 0 0 0 0 0 0 0
0 0 0 0 0 0 0 0 0

Example 2 input (3x3):
7 7 1
4 7 1
3 3 7

Example 2 output (9x9):
7 7 1 7 7 1 0 0 0
4 7 1 4 7 1 0 0 0
3 3 7 3 3 7 0 0 0
0 0 0 7 7 1 0 0 0
0 0 0 4 7 1 0 0 0
0 0 0 3 3 7 0 0 0
0 0 0 0 0 0 7 7 1
0 0 0 0 0 0 4 7 1
0 0 0 0 0 0 3 3 7

Example 3 input (3x3):
4 5 4
2 2 5
5 5 4

Example 3 output (9x9):
0 0 0 4 5 4 0 0 0
0 0 0 2 2 5 0 0 0
0 0 0 5 5 4 0 0 0
0 0 0 0 0 0 4 5 4
0 0 0 0 0 0 2 2 5
0 0 0 0 0 0 5 5 4
4 5 4 4 5 4 0 0 0
2 2 5 2 2 5 0 0 0
5 5 4 5 5 4 0 0 0

Example 4 input (3x3):
1 2 3
9 9 1
2 9 4

Example 4 output (9x9):
0 0 0 0 0 0 0 0 0
0 0 0 0 0 0 0 0 0
0 0 0 0 0 0 0 0 0
1 2 3 1 2 3 0 0 0
9 9 1 9 9 1 0 0 0
2 9 4 2 9 4 0 0 0
0 0 0 1 2 3 0 0 0
0 0 0 9 9 1 0 0 0
0 0 0 2 9 4 0 0 0

Test input (3x3):
9 6 7
8 7 7
2 8 7
