Example 1 input (4x19):
8 8 8 0 3 5 5 5 0 3 9 9 9 0 3 4 4 4 4
8 0 8 0 3 5 5 5 5 3 9 9 0 9 3 0 0 0 0
0 0 0 8 3 5 5 0 0 3 0 0 0 0 3 0 4 4 0
0 8 0 0 3 0 5 5 5 3 9 0 0 0 3 4 4 4 4

Example 1 output (4x4):
9 9 9 4
9 9 8 9
5 4 4 8
9 4 4 4

Example 2 input (4x19):
0 0 8 8 3 5 5 0 0 3 0 9 9 9 3 4 0 4 0
8 8 8 8 3 0 5 0 5 3 0 9 0 9 3 4 0 4 0
8 8 0 8 3 5 0 5 5 3 0 0 0 9 3 0 4 0 4
0 8 8 0 3 0 0 0 5 3 9 0 0 9 3 0 0 0 0

Example 2 output (4x4):
4 9 9 9
4 9 4 9
8 4 5 9
9 8 8 9

Example 3 input (4x19):
8 8 0 0 3 5 5 5 0 3 9 0 9 9 3 4 4 0 4
8 8 0 8 3 5 5 5 5 3 0 9 0 0 3 0 0 4 4
8 0 0 0 3 0 5 0 5 3 9 0 0 9 3 4 0 0 4
8 0 8 8 3 5 0 5 0 3 0 0 0 0 3 0 0 4 0

Example 3 output (4x4):
9 4 9 9
8 9 4 4
9 5 0 9
8 0 4 8

Example 4 input (4x19):
0 0 8 8 3 5 0 0 5 3 9 0 0 9 3 4 0 0 4
0 8 8 0 3 5 5 0 5 3 9 9 0 9 3 0 0 4 4
8 8 8 0 3 0 5 5 0 3 9 9 0 0 3 4 0 0 0
8 8 0 0 3 0 0 0 0 3 0 0 0 0 3 4 4 4 0

Example 4 output (4x4):
9 0 8 9
9 9 4 9
9 9 8 0
4 4 4 0

Example 5 input (4x19):
0 8 0 0 3 0 0 0 0 3 0 0 0 9 3 4 0 4 0
0 8 0 0 3 5 5 0 0 3 0 9 9 0 3 4 0 0 4
8 8 8 0 3 5 0 0 5 3 9 9 9 0 3 4 0 4 0
0 0 0 0 3 5 5 5 5 3 0 0 9 0 3 0 0 0 0

Example 5 output (4x4):
4 8 4 9
4 9 9 4
9 9 9 5
5 5 9 5

Example 6 input (4x19):
0 8 8 0 3 5 5 5 5 3 9 9 0 9 3 4 0 0 4
8 0 8 0 3 0 5 0 5 3 0 0 0 9 3 4 0 4 4
8 8 0 8 3 0 0 0 0 3 9 9 0 9 3 0 4 0 4
8 8 0 8 3 5 5 0 0 3 9 9 0 0 3 0 0 0 0

Example 6 output (4x4):
9 9 8 9
4 5 4 9
9 9 0 9
9 9 0 8

Test input (4x19):
8 8 8 0 3 5 0 5 5 3 9 0 0 0 3 0 0 0 0
8 0 8 8 3 5 5 5 5 3 0 0 9 9 3 4 4 0 4
8 0 0 8 3 5 0 5 5 3 0 0 0 9 3 0 4 0 4
0 0 8 8 3 0 0 5 5 3 9 9 9 0 3 0 4 4 0
