Example 1 input (11x10):
8 8 8 8 8 8 8 8 8 8
8 8 8 8 8 8 8 8 8 8
8 1 1 8 1 8 8 8 8 8
8 1 8 8 1 8 8 8 8 8
8 1 8 8 1 8 8 8 8 8
8 1 1 1 1 8 8 8 8 8
8 8 8 8 8 8 1 1 1 1
8 8 8 8 8 8 1 8 8 1
8 8 8 8 8 8 1 8 8 1
8 8 8 8 8 8 1 1 8 1
8 8 8 8 8 8 8 8 8 8

Example 1 output (11x10):
8 8 8 2 8 8 8 8 8 8
8 8 8 2 8 8 8 8 8 8
8 1 1 2 1 8 8 8 8 8
8 1 2 2 1 8 8 8 8 8
8 1 2 2 1 8 8 8 8 8
8 1 1 1 1 8 8 8 8 8
8 8 8 8 8 8 1 1 1 1
8 8 8 8 8 8 1 2 2 1
8 8 8 8 8 8 1 2 2 1
8 8 8 8 8 8 1 1 2 1
8 8 8 8 8 8 8 8 2 8

Example 2 input (7x9):
5 5 5 5 5 5 5 5 5
5 5 5 5 5 5 5 5 5
5 5 1 1 1 1 5 5 5
5 5 1 5 5 1 5 5 5
5 5 5 5 5 1 5 5 5
5 5 1 1 1 1 5 5 5
5 5 5 5 5 5 5 5 5

Example 2 output (7x9):
5 5 5 5 5 5 5 5 5
5 5 5 5 5 5 5 5 5
5 5 1 1 1 1 5 5 5
5 5 1 2 2 1 5 5 5
2 2 2 2 2 1 5 5 5
5 5 1 1 1 1 5 5 5
5 5 5 5 5 5 5 5 5

Example 3 input (11x9):
9 1 9 1 1 9 9 9 9
9 1 9 9 1 9 9 9 9
9 1 9 9 1 9 9 9 9
9 1 1 1 1 9 9 9 9
9 9 9 9 9 9 9 9 9
9 9 9 9 9 9 9 9 9
9 9 1 1 1 1 9 9 9
9 9 1 9 9 1 9 9 9
9 9 1 9 9 9 9 9 9
9 9 1 1 1 1 9 9 9
9 9 9 9 9 9 9 9 9

Example 3 output (11x9):
9 1 2 1 1 9 9 9 9
9 1 2 2 1 9 9 9 9
9 1 2 2 1 9 9 9 9
9 1 1 1 1 9 9 9 9
9 9 9 9 9 9 9 9 9
9 9 9 9 9 9 9 9 9
9 9 1 1 1 1 9 9 9
9 9 1 2 2 1 9 9 9
9 9 1 2 2 2 2 2 2
9 9 1 1 1 1 9 9 9
9 9 9 9 9 9 9 9 9

Test input (11x15):
4 4 4 4 4 4 4 4 4 4 4 4 4 4 4
4 4 4 4 4 4 4 4 1 1 1 1 4 4 4
4 1 4 1 1 4 4 4 1 4 4 4 4 4 4
4 1 4 4 1 4 4 4 1 4 4 1 4 4 4
4 1 4 4 1 4 4 4 1 1 1 1 4 4 4
4 1 1 1 1 4 4 4 4 4 4 4 4 4 4
4 4 4 4 4 4 4 1 1 1 1 4 4 4 4
4 4 4 4 4 4 4 1 4 4 1 4 4 4 4
4 4 4 4 4 4 4 1 4 4 1 4 4 4 4
4 4 4 4 4 4 4 1 4 1 1 4 4 4 4
4 4 4 4 4 4 4 4 4 4 4 4 4 4 4
