Example 1 input (15x15):
0 0 0 0 0 6 5 3 0 0 0 0 0 0 0
0 0 0 0 0 0 0 0 0 0 0 0 0 0 0
0 0 0 0 0 0 0 0 0 0 0 0 0 0 3
0 0 0 0 0 0 0 0 0 0 0 0 0 0 0
6 0 0 0 0 0 0 0 0 0 0 0 0 0 0
0 0 0 0 0 0 0 0 0 0 0 0 0 0 0
0 0 0 0 0 0 0 0 0 0 0 0 0 0 0
0 0 0 0 0 0 0 0 0 0 0 0 0 0 0
0 0 0 0 0 0 0 0 0 0 0 0 0 0 0
0 0 0 0 0 0 0 0 0 0 0 0 0 0 0
0 0 0 0 0 0 0 0 0 0 0 0 0 0 0
0 0 0 0 0 0 0 0 0 0 0 0 0 0 0
0 0 0 0 0 0 0 0 0 0 0 0 0 0 0
0 0 0 0 0 0 0 0 0 0 0 0 0 0 0
0 0 0 0 0 0 0 0 0 0 0 0 0 0 0

Example 1 output (15x15):
0 0 0 0 0 6 5 3 0 0 0 0 0 0 0
0 0 0 0 0 6 5 3 0 0 0 0 0 0 0
0 0 0 0 0 6 5 3 3 3 3 3 3 3 3
0 0 0 0 0 6 5 0 0 0 0 0 0 0 0
6 6 6 6 6 6 5 0 0 0 0 0 0 0 0
0 0 0 0 0 0 5 0 0 0 0 0 0 0 0
0 0 0 0 0 0 5 0 0 0 0 0 0 0 0
0 0 0 0 0 0 5 0 0 0 0 0 0 0 0
0 0 0 0 0 0 5 0 0 0 0 0 0 0 0
0 0 0 0 0 0 5 0 0 0 0 0 0 0 0
0 0 0 0 0 0 5 0 0 0 0 0 0 0 0
0 0 0 0 0 0 5 0 0 0 0 0 0 0 0
0 0 0 0 0 0 5 0 0 0 0 0 0 0 0
0 0 0 0 0 0 5 0 0 0 0 0 0 0 0
0 0 0 0 0 0 5 0 0 0 0 0 0 0 0

Example 2 input (12x12):
0 0 0 0 5 3 8 0 0 0 0 0
0 0 0 0 0 0 0 0 0 0 0 0
0 0 0 0 0 0 0 0 0 0 0 0
0 0 0 0 0 0 0 0 0 0 0 0
5 0 0 0 0 0 0 0 0 0 0 0
0 0 0 0 0 0 0 0 0 0 0 8
0 0 0 0 0 0 0 0 0 0 0 0
0 0 0 0 0 0 0 0 0 0 0 0
3 0 0 0 0 0 0 0 0 0 0 0
0 0 0 0 0 0 0 0 0 0 0 0
0 0 0 0 0 0 0 0 0 0 0 0
0 0 0 0 0 0 0 0 0 0 0 0

Example 2 output (12x12):
0 0 0 0 5 3 8 0 0 0 0 0
0 0 0 0 5 3 8 0 0 0 0 0
0 0 0 0 5 3 8 0 0 0 0 0
0 0 0 0 5 3 8 0 0 0 0 0
5 5 5 5 5 3 8 0 0 0 0 0
0 0 0 0 0 3 8 8 8 8 8 8
0 0 0 0 0 3 0 0 0 0 0 0
0 0 0 0 0 3 0 0 0 0 0 0
3 3 3 3 3 3 0 0 0 0 0 0
0 0 0 0 0 0 0 0 0 0 0 0
0 0 0 0 0 0 0 0 0 0 0 0
0 0 0 0 0 0 0 0 0 0 0 0

Example 3 input (11x11):
0 0 0 4 6 2 0 0 0 0 0
0 0 0 0 0 0 0 0 0 0 0
0 0 0 0 0 0 0 0 0 0 0
0 0 0 0 0 0 0 0 0 0 0
4 0 0 0 0 0 0 0 0 0 2
0 0 0 0 0 0 0 0 0 0 0
0 0 0 0 0 0 0 0 0 0 0
0 0 0 0 0 0 0 0 0 0 0
0 0 0 0 0 0 0 0 0 0 0
0 0 0 0 0 0 0 0 0 0 6
0 0 0 0 0 0 0 0 0 0 0

Example 3 output (11x11):
0 0 0 4 6 2 0 0 0 0 0
0 0 0 4 6 2 0 0 0 0 0
0 0 0 4 6 2 0 0 0 0 0
0 0 0 4 6 2 0 0 0 0 0
4 4 4 4 6 2 2 2 2 2 2
0 0 0 0 6 0 0 0 0 0 0
0 0 0 0 6 0 0 0 0 0 0
0 0 0 0 6 0 0 0 0 0 0
0 0 0 0 6 0 0 0 0 0 0
0 0 0 0 6 6 6 6 6 6 6
0 0 0 0 0 0 0 0 0 0 0

Test input (11x11):
0 0 0 4 8 5 0 0 0 0 0
0 0 0 0 0 0 0 0 0 0 0
0 0 0 0 0 0 0 0 0 0 0
0 0 0 0 0 0 0 0 0 0 0
0 0 0 0 0 0 0 0 0 0 0
0 0 0 0 0 0 0 0 0 0 0
0 0 0 0 0 0 0 0 0 0 0
4 0 0 0 0 0 0 0 0 0 0
0 0 0 0 0 0 0 0 0 0 0
0 0 0 0 0 0 0 0 0 0 5
0 0 0 0 0 0 0 0 0 0 0
