Example 1 input (6x6):
0 1 0 0 0 0
1 1 1 0 0 0
0 1 0 0 0 0
0 0 0 0 8 0
0 0 0 8 8 8
0 0 0 0 8 0

Example 1 output (6x6):
0 8 0 0 0 0
8 8 8 0 0 0
0 8 0 0 0 0
0 0 0 0 8 0
0 0 0 8 8 8
0 0 0 0 8 0

Example 2 input (9x9):
0 0 0 0 0 0 0 0 0
0 1 1 1 0 0 1 0 0
0 1 0 1 0 0 1 1 0
0 0 0 0 0 0 0 0 0
0 0 0 0 0 0 0 9 9
0 0 1 1 0 0 0 0 9
0 0 0 1 0 7 0 0 0
6 6 6 0 0 7 7 0 0
6 0 6 0 0 0 0 0 0

Example 2 output (9x9):
0 0 0 0 0 0 0 0 0
0 6 6 6 0 0 7 0 0
0 6 0 6 0 0 7 7 0
0 0 0 0 0 0 0 0 0
0 0 0 0 0 0 0 9 9
0 0 9 9 0 0 0 0 9
0 0 0 9 0 7 0 0 0
6 6 6 0 0 7 7 0 0
6 0 6 0 0 0 0 0 0

Example 3 input (11x11):
0 1 0 0 0 1 0 0 0 0 9
1 1 1 0 0 1 0 0 0 9 9
0 0 1 0 0 0 0 0 0 0 9
0 0 0 0 0 0 0 0 1 0 0
0 3 0 0 0 6 0 1 1 0 0
3 3 3 0 0 6 0 0 1 0 0
0 0 0 0 0 0 0 0 0 0 0
0 0 0 0 0 0 0 0 7 0 0
0 0 0 1 0 0 0 7 7 7 0
0 0 1 1 1 0 0 0 0 7 0
0 0 0 0 0 0 0 0 0 0 0

Example 3 output (11x11):
0 7 0 0 0 6 0 0 0 0 9
7 7 7 0 0 6 0 0 0 9 9
0 0 7 0 0 0 0 0 0 0 9
0 0 0 0 0 0 0 0 9 0 0
0 3 0 0 0 6 0 9 9 0 0
3 3 3 0 0 6 0 0 9 0 0
0 0 0 0 0 0 0 0 0 0 0
0 0 0 0 0 0 0 0 7 0 0
0 0 0 3 0 0 0 7 7 7 0
0 0 3 3 3 0 0 0 0 7 0
0 0 0 0 0 0 0 0 0 0 0

Test input (13x13):
0 0 0 0 0 0 8 8 0 0 0 0 0
0 0 1 0 0 8 8 8 0 1 1 0 0
0 1 1 1 0 0 8 0 1 1 1 0 0
0 0 0 0 0 0 0 0 0 1 0 0 0
0 0 0 0 0 0 1 0 0 0 0 0 0
0 0 4 0 0 1 1 1 0 0 0 0 0
0 4 4 0 0 0 1 0 0 0 0 2 0
0 0 4 0 0 0 0 0 0 0 2 2 2
0 0 0 0 0 0 1 0 0 0 0 0 0
0 0 0 0 0 1 1 0 0 0 0 6 0
0 0 1 0 0 0 1 0 0 0 6 6 6
8 0 1 0 0 0 0 0 0 0 0 6 0
8 0 0 0 0 0 0 0 0 0 0 0 0
