Example 1 input (12x9):
0 0 0 2 0 2 0 0 0
0 0 2 3 2 2 0 0 0
0 0 0 0 2 0 0 0 0
0 0 0 0 0 0 0 0 0
1 1 1 1 1 1 1 1 1
0 0 0 0 0 0 0 0 0
0 0 0 0 0 0 0 0 0
0 0 0 0 0 0 0 0 0
0 0 0 0 0 0 0 0 0
0 0 0 0 0 0 0 0 0
0 0 0 0 0 0 0 0 0
0 0 0 0 0 0 0 0 0

Example 1 output (12x9):
0 0 0 3 0 3 0 0 0
0 0 3 2 3 3 0 0 0
0 0 0 0 3 0 0 0 0
0 0 0 0 0 0 0 0 0
1 1 1 1 1 1 1 1 1
0 0 0 0 0 0 0 0 0
0 0 0 0 2 0 0 0 0
0 0 2 3 2 2 0 0 0
0 0 0 2 0 2 0 0 0
0 0 0 0 0 0 0 0 0
0 0 0 0 0 0 0 0 0
0 0 0 0 0 0 0 0 0

Example 2 input (11x12):
0 0 0 0 0 0 1 0 0 0 0 0
0 0 0 0 0 0 1 0 0 0 0 0
0 0 0 0 0 0 1 0 8 0 8 0
0 0 0 0 0 0 1 0 0 8 4 0
0 0 0 0 0 0 1 0 8 8 8 0
0 0 0 0 0 0 1 0 0 0 0 0
0 0 0 0 0 0 1 0 0 0 0 0
0 0 0 0 0 0 1 0 0 0 0 0
0 0 0 0 0 0 1 0 0 0 0 0
0 0 0 0 0 0 1 0 0 0 0 0
0 0 0 0 0 0 1 0 0 0 0 0

Example 2 output (11x12):
0 0 0 0 0 0 1 0 0 0 0 0
0 0 0 0 0 0 1 0 0 0 0 0
0 0 8 0 8 0 1 0 4 0 4 0
0 0 4 8 0 0 1 0 0 4 8 0
0 0 8 8 8 0 1 0 4 4 4 0
0 0 0 0 0 0 1 0 0 0 0 0
0 0 0 0 0 0 1 0 0 0 0 0
0 0 0 0 0 0 1 0 0 0 0 0
0 0 0 0 0 0 1 0 0 0 0 0
0 0 0 0 0 0 1 0 0 0 0 0
0 0 0 0 0 0 1 0 0 0 0 0

Example 3 input (14x11):
0 0 0 0 0 0 0 0 0 0 0
0 0 0 0 0 0 0 0 0 0 0
0 0 0 0 0 0 0 0 0 0 0
0 0 0 0 0 0 0 0 0 0 0
0 0 0 0 0 0 0 0 0 0 0
0 0 0 0 0 0 0 0 0 0 0
0 0 0 0 0 0 0 0 0 0 0
0 0 0 0 0 0 0 0 0 0 0
1 1 1 1 1 1 1 1 1 1 1
0 0 0 0 0 0 0 0 0 0 0
0 0 5 6 6 5 0 0 0 0 0
0 0 6 6 6 6 0 0 0 0 0
0 0 6 0 0 6 0 0 0 0 0
0 0 0 0 0 0 0 0 0 0 0

Example 3 output (14x11):
0 0 0 0 0 0 0 0 0 0 0
0 0 0 0 0 0 0 0 0 0 0
0 0 0 0 0 0 0 0 0 0 0
0 0 0 0 0 0 0 0 0 0 0
0 0 6 0 0 6 0 0 0 0 0
0 0 6 6 6 6 0 0 0 0 0
0 0 5 6 6 5 0 0 0 0 0
0 0 0 0 0 0 0 0 0 0 0
1 1 1 1 1 1 1 1 1 1 1
0 0 0 0 0 0 0 0 0 0 0
0 0 6 5 5 6 0 0 0 0 0
0 0 5 5 5 5 0 0 0 0 0
0 0 5 0 0 5 0 0 0 0 0
0 0 0 0 0 0 0 0 0 0 0

Test input (14x16):
0 0 0 0 0 0 0 0 1 0 0 0 0 0 0 0
0 0 0 0 0 0 0 0 1 0 0 0 0 0 0 0
0 0 0 0 0 0 0 0 1 0 0 0 0 0 0 0
0 0 0 2 0 0 2 0 1 0 0 0 0 0 0 0
0 0 0 8 8 8 8 0 1 0 0 0 0 0 0 0
0 0 0 2 0 0 2 0 1 0 0 0 0 0 0 0
0 0 8 8 8 0 0 0 1 0 0 0 0 0 0 0
0 0 0 0 0 0 0 0 1 0 0 0 0 0 0 0
0 0 0 0 0 0 0 0 1 0 0 0 0 0 0 0
0 0 0 0 0 0 0 0 1 0 0 0 0 0 0 0
0 0 0 0 0 0 0 0 1 0 0 0 0 0 0 0
0 0 0 0 0 0 0 0 1 0 0 0 0 0 0 0
0 0 0 0 0 0 0 0 1 0 0 0 0 0 0 0
0 0 0 0 0 0 0 0 1 0 0 0 0 0 0 0
