Example 1 input (23x23):
0 0 0 0 0 0 0 0 0 0 0 0 0 0 0 0 0 0 0 0 0 0 0
0 0 0 0 0 0 0 0 0 0 0 0 0 0 0 0 0 0 0 0 0 0 0
0 0 8 3 8 8 8 8 8 8 0 0 0 0 0 0 0 0 0 0 0 0 0
0 0 8 8 3 8 8 8 3 8 0 0 0 8 8 3 3 8 8 8 0 0 0
0 0 8 3 3 3 8 3 3 3 0 0 0 3 8 8 8 8 8 3 0 0 0
0 0 8 8 3 8 8 8 3 8 0 0 0 8 8 8 3 8 8 8 0 0 0
0 0 8 8 8 8 3 8 8 8 0 0 0 8 8 3 3 3 8 3 0 0 0
0 0 0 0 0 0 0 0 0 0 0 0 0 8 8 8 3 8 8 8 0 0 0
0 0 0 0 0 0 0 0 0 0 0 0 0 8 3 8 8 8 8 8 0 0 0
0 8 3 8 8 8 8 8 3 8 0 0 0 8 8 8 8 3 8 8 0 0 0
0 8 8 3 8 8 8 3 3 3 0 0 0 0 0 0 0 0 0 0 0 0 0
0 8 3 3 3 8 3 8 3 8 0 8 3 8 8 8 8 8 3 0 0 0 0
0 8 8 3 8 8 8 8 8 8 0 3 3 3 8 8 3 8 8 0 0 0 0
0 8 8 8 8 8 8 8 8 8 0 8 3 8 8 3 3 3 8 0 0 0 0
0 8 3 8 8 8 3 8 8 8 0 8 8 8 8 8 3 8 8 0 0 0 0
0 8 8 8 8 3 3 3 8 8 0 8 3 8 8 8 8 3 8 0 0 0 0
0 8 3 8 8 8 3 8 3 8 0 3 3 3 8 8 3 3 3 0 0 0 0
0 3 8 8 8 8 8 8 8 3 0 8 3 8 8 8 8 3 8 0 0 0 0
0 8 8 3 8 8 8 3 8 8 0 0 0 0 0 0 0 0 0 0 0 0 0
0 0 0 0 0 0 0 0 0 0 0 0 0 0 0 0 0 0 0 0 0 0 0
0 0 0 0 0 0 0 0 0 0 0 0 0 0 0 0 0 0 0 0 0 0 0
0 0 0 0 0 0 0 0 0 0 0 0 0 0 0 0 0 0 0 0 0 0 0
0 0 0 0 0 0 0 0 0 0 0 0 0 0 0 0 0 0 0 0 0 0 0

Example 1 output (7x8):
8 3 8 8 8 8 8 3
3 3 3 8 8 3 8 8
8 3 8 8 3 3 3 8
8 8 8 8 8 3 8 8
8 3 8 8 8 8 3 8
3 3 3 8 8 3 3 3
8 3 8 8 8 8 3 8

Example 2 input (24x24):
0 0 0 0 0 0 0 0 0 0 0 0 0 0 0 0 0 0 0 0 0 0 0 0
0 3 8 8 3 8 8 8 3 8 0 0 3 8 8 8 3 8 8 8 3 8 0 0
0 8 8 3 3 3 8 8 8 3 0 0 8 8 3 8 8 8 8 3 3 3 0 0
0 8 8 8 3 8 8 8 8 8 0 0 8 3 3 3 8 8 8 8 3 8 0 0
0 8 3 8 8 8 8 3 8 8 0 0 8 8 3 8 3 8 3 8 8 8 0 0
0 8 8 8 3 8 3 3 3 8 0 0 8 8 8 8 8 8 8 8 3 3 0 0
0 3 8 8 8 8 8 3 8 8 0 0 8 3 8 3 8 8 3 8 8 8 0 0
0 8 8 3 8 8 8 8 3 8 0 0 8 8 8 8 8 3 3 3 8 8 0 0
0 0 0 0 0 0 0 0 0 0 0 0 8 8 3 8 8 8 3 8 8 8 0 0
0 0 0 0 0 0 0 0 0 0 0 0 8 8 8 8 8 8 8 8 3 8 0 0
0 0 0 0 0 0 0 0 0 0 0 0 0 0 0 0 0 0 0 0 0 0 0 0
0 0 0 0 0 0 0 0 0 0 0 0 0 0 0 0 0 0 0 0 0 0 0 0
0 8 8 3 8 8 8 8 3 8 0 0 0 0 0 0 0 0 0 0 0 0 0 0
0 8 3 3 3 8 8 3 3 3 0 8 8 3 8 8 8 8 8 8 8 8 0 0
0 8 8 3 8 8 8 8 3 8 0 8 8 8 3 8 8 8 8 3 3 8 0 0
0 3 8 8 8 3 8 8 8 8 0 8 8 3 3 3 8 8 8 8 8 8 0 0
0 8 3 8 8 8 8 3 8 3 0 8 8 8 3 8 8 8 3 8 8 3 0 0
0 3 3 3 8 8 3 3 3 8 0 3 8 8 8 8 8 3 3 3 8 8 0 0
0 8 3 8 8 8 8 3 8 8 0 8 8 3 8 3 8 8 3 8 8 8 0 0
0 8 8 8 8 3 8 8 8 8 0 8 3 3 3 8 8 8 8 8 3 8 0 0
0 0 0 0 0 0 0 0 0 0 0 8 8 3 8 8 8 3 3 8 8 8 0 0
0 0 0 0 0 0 0 0 0 0 0 0 0 0 0 0 0 0 0 0 0 0 0 0
0 0 0 0 0 0 0 0 0 0 0 0 0 0 0 0 0 0 0 0 0 0 0 0
0 0 0 0 0 0 0 0 0 0 0 0 0 0 0 0 0 0 0 0 0 0 0 0

Example 2 output (8x9):
8 8 3 8 8 8 8 3 8
8 3 3 3 8 8 3 3 3
8 8 3 8 8 8 8 3 8
3 8 8 8 3 8 8 8 8
8 3 8 8 8 8 3 8 3
3 3 3 8 8 3 3 3 8
8 3 8 8 8 8 3 8 8
8 8 8 8 3 8 8 8 8

Example 3 input (24x24):
0 0 0 0 0 0 0 0 0 0 0 0 0 0 0 0 0 0 0 0 0 0 0 0
0 0 0 0 0 0 0 0 0 0 0 0 0 0 0 0 0 0 0 0 0 0 0 0
0 0 0 0 0 0 0 0 0 0 0 0 0 0 0 0 0 0 0 0 0 0 0 0
0 0 8 8 8 8 8 3 8 8 0 0 8 8 3 8 8 3 8 8 0 0 0 0
0 0 8 3 8 8 8 8 8 8 0 0 8 3 3 3 8 8 3 8 0 0 0 0
0 0 8 8 8 3 8 8 8 3 0 0 8 8 3 8 8 3 3 3 0 0 0 0
0 0 8 8 3 3 3 8 8 3 0 0 8 8 8 8 8 8 3 8 0 0 0 0
0 0 8 8 8 3 8 8 8 8 0 0 3 8 8 8 3 8 8 3 0 0 0 0
0 0 8 8 8 8 8 8 8 8 0 0 8 8 8 3 3 3 8 8 0 0 0 0
0 0 8 3 8 8 8 8 8 8 0 0 8 3 8 8 3 8 8 8 0 0 0 0
0 0 8 8 8 8 8 3 8 8 0 0 8 8 8 8 8 8 3 3 0 0 0 0
0 0 0 0 0 0 0 0 0 0 0 0 0 0 0 0 0 0 0 0 0 0 0 0
0 0 0 0 0 0 0 0 0 0 0 0 0 0 0 0 0 0 0 0 0 0 0 0
0 0 0 0 0 0 0 0 8 8 8 8 8 8 8 8 8 8 0 0 0 0 0 0
0 0 0 0 0 0 0 0 8 8 3 8 8 8 3 8 8 8 0 0 0 0 0 0
0 0 0 0 0 0 0 0 8 3 3 3 8 8 8 8 8 8 0 0 0 0 0 0
0 0 0 0 0 0 0 0 8 8 3 8 8 8 8 8 3 8 0 0 0 0 0 0
0 0 0 0 0 0 0 0 8 8 8 8 8 8 8 3 3 3 0 0 0 0 0 0
0 0 0 0 0 0 0 0 8 8 8 8 8 8 8 8 3 8 0 0 0 0 0 0
0 0 0 0 0 0 0 0 8 8 3 8 8 8 8 8 8 8 0 0 0 0 0 0
0 0 0 0 0 0 0 0 8 8 8 8 8 8 8 8 8 8 0 0 0 0 0 0
0 0 0 0 0 0 0 0 0 0 0 0 0 0 0 0 0 0 0 0 0 0 0 0
0 0 0 0 0 0 0 0 0 0 0 0 0 0 0 0 0 0 0 0 0 0 0 0
0 0 0 0 0 0 0 0 0 0 0 0 0 0 0 0 0 0 0 0 0 0 0 0

Example 3 output (8x8):
8 8 3 8 8 3 8 8
8 3 3 3 8 8 3 8
8 8 3 8 8 3 3 3
8 8 8 8 8 8 3 8
3 8 8 8 3 8 8 3
8 8 8 3 3 3 8 8
8 3 8 8 3 8 8 8
8 8 8 8 8 8 3 3

Example 4 input (22x20):
0 0 0 0 0 0 0 0 0 0 0 0 0 0 0 0 0 0 0 0
0 0 0 0 0 0 0 0 0 0 0 0 0 0 0 0 0 0 0 0
0 0 8 3 8 8 8 3 8 0 0 0 3 8 8 3 8 8 3 8
0 0 3 3 3 8 3 3 3 0 0 0 8 8 3 8 8 3 3 3
0 0 8 3 8 8 8 3 8 0 0 0 8 3 3 3 8 8 3 8
0 0 8 8 8 3 8 8 8 0 0 0 8 8 3 8 8 8 8 8
0 0 8 3 8 8 8 8 8 0 0 0 3 8 8 8 8 3 8 8
0 0 0 0 0 0 0 0 0 0 0 0 8 8 8 8 3 3 3 8
0 0 0 0 0 0 0 0 0 0 0 0 8 8 3 8 8 3 8 8
0 0 0 0 0 0 0 0 0 0 0 0 3 3 8 8 8 8 8 3
0 0 0 0 0 0 0 0 0 0 0 0 0 0 0 0 0 0 0 0
0 0 3 8 8 8 8 8 8 8 8 8 8 0 0 0 0 0 0 0
0 0 8 8 8 3 8 8 3 8 8 8 8 0 0 0 0 0 0 0
0 0 8 8 3 3 3 8 8 8 3 8 8 0 0 0 0 0 0 0
0 0 8 8 8 3 8 8 8 3 3 3 8 0 0 0 0 0 0 0
0 0 8 3 8 8 8 8 8 8 3 8 8 0 0 0 0 0 0 0
0 0 3 3 3 8 8 3 8 8 8 8 8 0 0 0 0 0 0 0
0 0 8 3 8 8 3 3 3 8 8 3 8 0 0 0 0 0 0 0
0 0 8 8 8 8 8 3 8 8 8 8 8 0 0 0 0 0 0 0
0 0 0 0 0 0 0 0 0 0 0 0 0 0 0 0 0 0 0 0
0 0 0 0 0 0 0 0 0 0 0 0 0 0 0 0 0 0 0 0
0 0 0 0 0 0 0 0 0 0 0 0 0 0 0 0 0 0 0 0

Example 4 output (8x11):
3 8 8 8 8 8 8 8 8 8 8
8 8 8 3 8 8 3 8 8 8 8
8 8 3 3 3 8 8 8 3 8 8
8 8 8 3 8 8 8 3 3 3 8
8 3 8 8 8 8 8 8 3 8 8
3 3 3 8 8 3 8 8 8 8 8
8 3 8 8 3 3 3 8 8 3 8
8 8 8 8 8 3 8 8 8 8 8

Test input (22x23):
0 0 0 0 0 0 0 0 0 0 0 0 0 0 0 0 0 0 0 0 0 0 0
0 8 8 3 8 8 8 3 8 3 8 0 0 0 0 0 0 0 0 0 0 0 0
0 8 3 3 3 8 8 8 3 3 3 0 0 8 8 8 8 8 8 3 3 8 8
0 8 8 3 8 8 8 8 8 3 8 0 0 3 8 8 3 8 8 8 8 8 8
0 8 3 8 8 8 3 8 3 8 8 0 0 8 8 3 3 3 8 8 8 3 8
0 8 8 8 8 3 3 3 8 8 3 0 0 8 8 8 3 8 8 8 8 8 8
0 3 3 8 8 8 3 8 8 8 8 0 0 8 8 8 8 8 8 8 8 8 8
0 8 8 8 8 8 8 8 8 3 8 0 0 8 8 8 3 8 8 3 8 8 8
0 3 8 8 3 8 8 8 3 8 8 0 0 8 8 8 8 8 8 8 8 8 8
0 0 0 0 0 0 0 0 0 0 0 0 0 8 3 8 8 8 8 8 8 3 8
0 0 0 0 0 0 0 0 0 0 0 0 0 0 0 0 0 0 0 0 0 0 0
0 0 0 0 0 0 0 0 0 0 0 0 0 0 0 0 0 0 0 0 0 0 0
3 8 8 8 8 8 3 8 8 8 0 0 3 3 8 8 3 8 8 8 3 8 0
8 8 3 8 8 3 3 3 8 8 0 0 8 8 8 3 3 3 8 8 8 3 0
8 3 3 3 8 8 3 8 3 8 0 0 3 8 8 8 3 8 8 8 8 8 0
8 8 3 8 8 8 8 3 3 3 0 0 8 3 8 8 8 8 8 3 8 8 0
8 8 8 8 3 8 8 8 3 8 0 0 3 3 3 8 8 8 3 3 3 8 0
8 3 8 3 3 3 8 8 8 8 0 0 8 3 8 3 8 8 8 3 8 8 0
3 3 3 8 3 8 8 8 8 3 0 0 8 8 3 3 3 8 8 8 8 8 0
8 3 8 8 8 8 8 3 8 8 0 0 8 8 8 3 8 8 8 3 8 3 0
0 0 0 0 0 0 0 0 0 0 0 0 0 0 0 0 0 0 0 0 0 0 0
0 0 0 0 0 0 0 0 0 0 0 0 0 0 0 0 0 0 0 0 0 0 0
