Example 1 input (12x10):
0 0 0 3 0 0 0 0 0 0
0 0 1 3 1 0 0 0 0 0
0 4 4 5 0 0 0 0 0 0
0 0 0 1 0 0 0 0 0 0
0 0 0 7 2 0 0 0 0 0
0 0 0 0 0 0 0 0 0 0
0 0 0 0 0 0 0 0 0 0
0 0 0 0 0 0 5 0 0 0
0 0 0 0 0 0 0 0 0 0
0 0 0 0 0 0 0 0 0 0
0 0 0 0 0 0 0 0 0 0
0 0 0 0 0 0 0 0 0 0

Example 1 output (12x10):
0 0 0 3 0 0 0 0 0 0
0 0 1 3 1 0 0 0 0 0
0 4 4 5 0 0 0 0 0 0
0 0 0 1 0 0 0 0 0 0
0 0 0 7 2 0 0 0 0 0
0 0 0 0 0 0 3 0 0 0
0 0 0 0 0 1 3 1 0 0
0 0 0 0 4 4 0 0 0 0
0 0 0 0 0 0 1 0 0 0
0 0 0 0 0 0 7 2 0 0
0 0 0 0 0 0 0 0 0 0
0 0 0 0 0 0 0 0 0 0

Example 2 input (12x12):
0 0 0 0 0 0 0 0 0 0 0 0
0 0 0 0 0 0 0 0 0 0 0 0
0 0 3 3 0 0 0 0 0 0 0 0
0 0 2 2 0 0 0 0 0 0 0 0
0 0 2 5 0 0 0 0 0 0 0 0
0 0 0 0 0 0 0 0 0 0 0 0
0 0 0 0 0 0 0 0 0 0 0 0
0 0 0 0 0 0 0 0 0 0 0 0
0 0 0 0 0 0 0 5 0 0 0 0
0 0 0 0 0 0 0 0 0 0 0 0
0 0 0 0 0 0 0 0 0 0 0 0
0 0 0 0 0 0 0 0 0 0 0 0

Example 2 output (12x12):
0 0 0 0 0 0 0 0 0 0 0 0
0 0 0 0 0 0 0 0 0 0 0 0
0 0 3 3 0 0 0 0 0 0 0 0
0 0 2 2 0 0 0 0 0 0 0 0
0 0 2 5 0 0 0 0 0 0 0 0
0 0 0 0 0 0 0 0 0 0 0 0
0 0 0 0 0 0 3 3 0 0 0 0
0 0 0 0 0 0 2 2 0 0 0 0
0 0 0 0 0 0 2 0 0 0 0 0
0 0 0 0 0 0 0 0 0 0 0 0
0 0 0 0 0 0 0 0 0 0 0 0
0 0 0 0 0 0 0 0 0 0 0 0

Example 3 input (9x10):
0 0 0 1 0 0 0 0 0 0
0 0 0 1 1 0 0 0 0 0
0 0 0 5 2 0 0 0 0 0
0 0 0 0 2 3 0 0 0 0
0 0 0 0 0 0 0 0 0 0
0 0 0 0 0 0 0 0 0 0
0 0 5 0 0 0 0 0 0 0
0 0 0 0 0 0 0 0 0 0
0 0 0 0 0 0 0 0 0 0

Example 3 output (9x10):
0 0 0 1 0 0 0 0 0 0
0 0 0 1 1 0 0 0 0 0
0 0 0 5 2 0 0 0 0 0
0 0 0 0 2 3 0 0 0 0
0 0 1 0 0 0 0 0 0 0
0 0 1 1 0 0 0 0 0 0
0 0 0 2 0 0 0 0 0 0
0 0 0 2 3 0 0 0 0 0
0 0 0 0 0 0 0 0 0 0

Test input (11x10):
0 0 0 0 0 0 0 0 0 0
0 0 0 0 0 0 0 0 0 0
0 0 0 0 0 0 5 0 0 0
0 0 0 0 0 0 0 0 0 0
0 0 0 0 0 0 0 0 0 0
0 0 0 0 0 0 0 0 0 0
0 0 0 0 0 0 0 0 0 0
0 0 0 0 0 0 0 0 0 0
0 0 0 5 0 0 0 0 0 0
0 2 2 3 3 0 0 0 0 0
0 1 0 3 3 8 8 0 0 0
