Example 1 input (20x23):
8 8 8 8 8 8 8 8 8 8 8 8 8 8 8 8 8 8 8 8 8 8 8
8 8 8 8 8 8 8 8 8 8 8 8 8 8 8 8 8 8 8 8 8 8 8
8 8 0 0 0 0 0 0 0 0 0 8 8 8 8 8 8 8 8 8 8 8 8
8 8 0 0 0 0 0 0 0 0 0 8 8 8 8 8 8 8 8 8 8 8 8
8 8 0 0 0 0 0 0 0 0 0 8 8 8 8 8 8 8 8 8 8 8 8
8 8 0 0 0 0 0 0 0 0 0 8 8 8 8 8 8 8 8 8 8 8 8
8 8 0 0 0 0 0 0 0 0 0 8 8 8 8 8 8 8 8 8 8 8 8
8 8 0 0 3 0 0 0 0 0 0 8 8 8 8 8 8 8 8 8 8 8 8
8 8 0 0 0 0 0 0 0 0 0 8 8 8 8 8 8 8 8 8 8 8 8
8 8 0 0 0 0 0 0 0 0 0 8 8 8 8 8 8 8 8 8 8 8 8
8 8 0 0 0 0 0 0 0 0 0 8 8 8 8 0 0 0 0 0 0 8 8
8 8 8 8 8 8 8 8 8 8 8 8 8 8 8 0 0 0 0 0 0 8 8
8 8 8 8 8 8 8 8 8 8 8 8 8 8 8 0 0 4 0 0 0 8 8
8 8 8 8 8 8 8 8 8 8 8 8 8 8 8 0 4 4 4 0 0 8 8
8 8 8 8 8 8 8 8 8 8 8 8 8 8 8 0 3 4 0 0 0 8 8
8 8 8 8 8 8 8 8 8 8 8 8 8 8 8 0 4 4 4 0 0 8 8
8 8 8 8 8 8 8 8 8 8 8 8 8 8 8 0 0 0 0 0 0 8 8
8 8 8 8 8 8 8 8 8 8 8 8 8 8 8 8 8 8 8 8 8 8 8
8 8 8 8 8 8 8 8 8 8 8 8 8 8 8 8 8 8 8 8 8 8 8
8 8 8 8 8 8 8 8 8 8 8 8 8 8 8 8 8 8 8 8 8 8 8

Example 1 output (9x9):
0 0 0 0 0 0 0 0 0
0 0 0 0 0 0 0 0 0
0 0 0 0 0 0 0 0 0
0 0 0 4 0 0 0 0 0
0 0 4 4 4 0 0 0 0
0 0 3 4 0 0 0 0 0
0 0 4 4 4 0 0 0 0
0 0 0 0 0 0 0 0 0
0 0 0 0 0 0 0 0 0

Example 2 input (21x22):
8 8 8 8 8 8 8 8 8 8 8 8 8 8 8 8 8 8 8 8 8 8
8 8 8 8 8 8 8 8 8 8 8 0 0 0 0 0 8 8 8 8 8 8
8 8 8 8 8 8 8 8 8 8 8 0 0 0 2 0 8 8 8 8 8 8
8 8 8 8 8 8 8 8 8 8 8 0 0 0 0 0 8 8 8 8 8 8
8 8 8 8 8 8 8 8 8 8 8 0 0 0 0 0 8 8 8 8 8 8
8 8 8 8 8 8 8 8 8 8 8 0 0 0 0 0 8 8 8 8 8 8
8 8 8 8 8 8 8 8 8 8 8 8 8 8 8 8 8 8 8 8 8 8
8 8 8 8 8 8 8 8 8 8 8 8 8 8 8 8 8 8 8 8 8 8
8 8 8 8 8 8 8 8 8 8 8 8 8 8 8 8 8 8 8 8 8 8
8 8 8 8 8 8 8 8 8 8 8 8 8 8 8 8 8 8 8 8 8 8
8 8 8 8 8 8 8 8 8 8 8 8 8 8 8 8 8 8 8 8 8 8
8 8 8 8 8 8 8 8 8 8 8 8 8 8 8 8 8 8 8 8 8 8
8 8 0 0 0 0 0 0 8 8 8 8 8 8 8 8 8 8 8 8 8 8
8 8 0 0 4 4 0 0 8 8 8 8 8 8 8 8 8 8 8 8 8 8
8 8 0 4 4 2 4 0 8 8 8 8 8 8 8 8 8 8 8 8 8 8
8 8 0 0 4 4 0 0 8 8 8 8 8 8 8 8 8 8 8 8 8 8
8 8 8 8 8 8 8 8 8 8 8 8 8 8 8 8 8 8 8 8 8 8
8 8 8 8 8 8 8 8 8 8 8 8 8 8 8 8 8 8 8 8 8 8
8 8 8 8 8 8 8 8 8 8 8 8 8 8 8 8 8 8 8 8 8 8
8 8 8 8 8 8 8 8 8 8 8 8 8 8 8 8 8 8 8 8 8 8
8 8 8 8 8 8 8 8 8 8 8 8 8 8 8 8 8 8 8 8 8 8

Example 2 output (5x5):
0 0 4 4 0
0 4 4 2 4
0 0 4 4 0
0 0 0 0 0
0 0 0 0 0

Example 3 input (19x18):
8 8 8 8 8 8 8 8 8 8 8 8 8 8 8 8 8 8
8 8 8 8 8 8 8 8 8 8 8 8 8 8 8 8 8 8
8 8 0 0 0 0 4 0 0 8 8 8 8 8 8 8 8 8
8 8 0 0 4 4 4 0 0 8 8 8 8 8 8 8 8 8
8 8 0 4 4 1 4 4 0 8 8 8 8 8 8 8 8 8
8 8 0 0 4 4 0 0 0 8 8 8 8 8 8 8 8 8
8 8 8 8 8 8 8 8 8 8 8 8 8 8 8 8 8 8
8 8 8 8 8 8 8 8 8 8 8 8 8 8 8 8 8 8
8 8 8 8 8 8 8 8 8 8 8 8 8 8 8 8 8 8
8 8 8 8 8 8 8 8 0 0 0 0 0 0 0 8 8 8
8 8 8 8 8 8 8 8 0 0 0 0 0 0 0 8 8 8
8 8 8 8 8 8 8 8 0 0 0 0 0 0 0 8 8 8
8 8 8 8 8 8 8 8 0 0 0 0 1 0 0 8 8 8
8 8 8 8 8 8 8 8 0 0 0 0 0 0 0 8 8 8
8 8 8 8 8 8 8 8 0 0 0 0 0 0 0 8 8 8
8 8 8 8 8 8 8 8 0 0 0 0 0 0 0 8 8 8
8 8 8 8 8 8 8 8 0 0 0 0 0 0 0 8 8 8
8 8 8 8 8 8 8 8 8 8 8 8 8 8 8 8 8 8
8 8 8 8 8 8 8 8 8 8 8 8 8 8 8 8 8 8

Example 3 output (8x7):
0 0 0 0 0 0 0
0 0 0 0 0 4 0
0 0 0 4 4 4 0
0 0 4 4 1 4 4
0 0 0 4 4 0 0
0 0 0 0 0 0 0
0 0 0 0 0 0 0
0 0 0 0 0 0 0

Test input (19x19):
8 8 8 8 8 8 8 8 8 8 8 8 8 8 8 8 8 8 8
8 8 8 8 8 8 8 8 8 8 8 8 8 8 8 8 8 8 8
8 8 8 8 8 8 8 8 8 8 8 8 8 8 8 8 8 8 8
8 8 8 8 8 8 8 8 8 8 8 8 8 8 8 8 8 8 8
8 0 0 0 0 0 0 0 8 8 8 8 8 8 8 8 8 8 8
8 0 4 4 0 4 4 0 8 8 8 8 8 8 8 8 8 8 8
8 0 0 4 2 4 0 0 8 8 8 8 8 8 8 8 8 8 8
8 0 4 4 4 4 4 0 8 8 8 8 8 8 8 8 8 8 8
8 0 0 0 0 0 0 0 8 8 8 8 8 8 8 8 8 8 8
8 8 8 8 8 8 8 8 8 8 8 8 8 8 8 8 8 8 8
8 8 8 8 8 8 8 8 8 8 8 8 8 8 8 8 8 8 8
8 8 8 8 8 8 8 0 0 0 0 0 0 0 0 0 8 8 8
8 8 8 8 8 8 8 0 0 0 0 0 0 0 0 0 8 8 8
8 8 8 8 8 8 8 0 0 0 0 0 0 0 0 0 8 8 8
8 8 8 8 8 8 8 0 0 0 0 0 0 0 0 0 8 8 8
8 8 8 8 8 8 8 0 0 0 0 0 0 0 0 0 8 8 8
8 8 8 8 8 8 8 0 0 0 2 0 0 0 0 0 8 8 8
8 8 8 8 8 8 8 0 0 0 0 0 0 0 0 0 8 8 8
8 8 8 8 8 8 8 8 8 8 8 8 8 8 8 8 8 8 8
