Example 1 input (2x2):
0 0
0 7

Example 1 output (6x6):
2 0 2 0 2 0
0 7 0 7 0 7
2 0 2 0 2 0
0 7 0 7 0 7
2 0 2 0 2 0
0 7 0 7 0 7

Example 2 input (3x3):
0 0 0
0 0 6
6 0 0

Example 2 output (9x9):
0 2 0 0 2 0 0 2 0
0 0 6 0 0 6 0 0 6
6 0 0 6 0 0 6 0 0
0 2 0 0 2 0 0 2 0
0 0 6 0 0 6 0 0 6
6 0 0 6 0 0 6 0 0
0 2 0 0 2 0 0 2 0
0 0 6 0 0 6 0 0 6
6 0 0 6 0 0 6 0 0

Example 3 input (5x5):
0 0 0 0 0
0 8 0 0 0
0 8 0 0 0
0 0 0 0 0
0 0 0 0 0

Example 3 output (15x15):
2 0 0 0 0 2 0 0 0 0 2 0 0 0 0
2 8 0 0 0 2 8 0 0 0 2 8 0 0 0
0 8 0 0 0 0 8 0 0 0 0 8 0 0 0
0 0 0 0 0 0 0 0 0 0 0 0 0 0 0
0 0 0 0 0 0 0 0 0 0 0 0 0 0 0
2 0 0 0 0 2 0 0 0 0 2 0 0 0 0
2 8 0 0 0 2 8 0 0 0 2 8 0 0 0
0 8 0 0 0 0 8 0 0 0 0 8 0 0 0
0 0 0 0 0 0 0 0 0 0 0 0 0 0 0
0 0 0 0 0 0 0 0 0 0 0 0 0 0 0
2 0 0 0 0 2 0 0 0 0 2 0 0 0 0
2 8 0 0 0 2 8 0 0 0 2 8 0 0 0
0 8 0 0 0 0 8 0 0 0 0 8 0 0 0
0 0 0 0 0 0 0 0 0 0 0 0 0 0 0
0 0 0 0 0 0 0 0 0 0 0 0 0 0 0

Example 4 input (4x4):
0 0 0 0
0 0 5 0
0 0 0 0
0 5 0 0

Example 4 output (12x12):
0 2 0 0 0 2 0 0 0 2 0 0
0 0 5 0 0 0 5 0 0 0 5 0
2 0 0 0 2 0 0 0 2 0 0 0
0 5 0 0 0 5 0 0 0 5 0 0
0 2 0 0 0 2 0 0 0 2 0 0
0 0 5 0 0 0 5 0 0 0 5 0
2 0 0 0 2 0 0 0 2 0 0 0
0 5 0 0 0 5 0 0 0 5 0 0
0 2 0 0 0 2 0 0 0 2 0 0
0 0 5 0 0 0 5 0 0 0 5 0
2 0 0 0 2 0 0 0 2 0 0 0
0 5 0 0 0 5 0 0 0 5 0 0

Example 5 input (4x4):
0 0 0 0
0 0 0 0
0 0 0 0
1 0 0 0

Example 5 output (12x12):
0 0 0 0 0 0 0 0 0 0 0 0
0 0 0 0 0 0 0 0 0 0 0 0
0 0 0 2 0 0 0 2 0 0 0 2
1 0 0 0 1 0 0 0 1 0 0 0
0 0 0 0 0 0 0 0 0 0 0 0
0 0 0 0 0 0 0 0 0 0 0 0
0 0 0 2 0 0 0 2 0 0 0 2
1 0 0 0 1 0 0 0 1 0 0 0
0 0 0 0 0 0 0 0 0 0 0 0
0 0 0 0 0 0 0 0 0 0 0 0
0 0 0 2 0 0 0 2 0 0 0 2
1 0 0 0 1 0 0 0 1 0 0 0

Test input (4x4):
0 0 0 0
0 0 4 0
0 0 0 0
4 0 0 0
