Example 1 input (3x3):
4 4 4
0 0 0
0 0 0

Example 1 output (3x3):
4 4 5
5 5 5
5 5 5

Example 2 input (8x8):
0 0 0 0 0 0 0 0
0 0 3 3 3 3 0 0
0 0 0 0 0 0 0 0
0 0 0 0 0 0 0 0
0 3 3 0 0 0 0 0
0 0 0 0 0 0 0 0
0 0 0 0 0 0 0 0
0 0 0 0 0 0 0 0

Example 2 output (8x8):
5 5 5 5 5 5 5 5
5 3 3 3 3 5 5 5
5 5 5 5 5 5 5 5
5 5 5 5 5 5 5 5
3 3 5 5 5 5 5 5
5 5 5 5 5 5 5 5
5 5 5 5 5 5 5 5
5 5 5 5 5 5 5 5

Example 3 input (7x7):
7 7 7 7 0 0 0
0 0 0 0 0 0 0
0 0 7 7 7 0 0
0 0 0 0 0 0 0
0 7 7 7 7 7 0
0 0 0 0 0 0 0
0 0 0 0 0 0 0

Example 3 output (7x7):
7 7 7 5 5 5 5
5 5 5 5 5 5 5
5 7 7 7 5 5 5
5 5 5 5 5 5 5
7 7 7 7 7 5 5
5 5 5 5 5 5 5
5 5 5 5 5 5 5

Test input (10x10):
0 0 6 6 6 6 6 0 0 0
0 0 0 0 0 0 0 0 0 0
0 0 0 0 0 0 6 6 0 0
0 0 0 0 0 0 0 0 0 0
0 6 6 6 0 0 0 0 0 0
0 0 0 0 0 0 0 0 0 0
0 0 0 0 0 0 0 0 0 0
0 0 0 0 6 6 6 6 6 6
0 0 0 0 0 0 0 0 0 0
0 0 0 0 0 0 0 0 0 0
