Example 1 input (7x7):
0 0 0 0 0 0 0
0 0 0 0 0 0 0
0 0 0 0 0 0 0
0 0 0 0 0 0 0
0 0 0 0 0 0 0
0 0 0 0 0 0 0
0 0 0 0 0 0 0

Example 1 output (7x7):
1 1 1 1 1 1 1
1 0 1 0 1 0 1
1 1 1 1 1 1 1
1 0 1 0 1 0 1
1 1 1 1 1 1 1
1 0 1 0 1 0 1
1 1 1 1 1 1 1

Example 2 input (5x5):
0 0 0 0 0
0 0 0 0 0
0 0 0 0 0
0 0 0 0 0
0 0 0 0 0

Example 2 output (5x5):
1 1 1 1 1
1 0 1 0 1
1 1 1 1 1
1 0 1 0 1
1 1 1 1 1

Example 3 input (9x9):
0 0 0 0 0 0 0 0 0
0 0 0 0 0 0 0 0 0
0 0 0 0 0 0 0 0 0
0 0 0 0 0 0 0 0 0
0 0 0 0 0 0 0 0 0
0 0 0 0 0 0 0 0 0
0 0 0 0 0 0 0 0 0
0 0 0 0 0 0 0 0 0
0 0 0 0 0 0 0 0 0

Example 3 output (9x9):
1 1 1 1 1 1 1 1 1
1 0 1 0 1 0 1 0 1
1 1 1 1 1 1 1 1 1
1 0 1 0 1 0 1 0 1
1 1 1 1 1 1 1 1 1
1 0 1 0 1 0 1 0 1
1 1 1 1 1 1 1 1 1
1 0 1 0 1 0 1 0 1
1 1 1 1 1 1 1 1 1

Test input (11x11):
0 0 0 0 0 0 0 0 0 0 0
0 0 0 0 0 0 0 0 0 0 0
0 0 0 0 0 0 0 0 0 0 0
0 0 0 0 0 0 0 0 0 0 0
0 0 0 0 0 0 0 0 0 0 0
0 0 0 0 0 0 0 0 0 0 0
0 0 0 0 0 0 0 0 0 0 0
0 0 0 0 0 0 0 0 0 0 0
0 0 0 0 0 0 0 0 0 0 0
0 0 0 0 0 0 0 0 0 0 0
0 0 0 0 0 0 0 0 0 0 0
