Example 1 input (9x17):
0 0 0 0 0 0 0 0 0 0 0 0 0 0 0 0 0
0 0 0 0 0 0 0 0 8 0 0 0 0 0 0 0 0
0 0 0 0 0 0 0 8 8 8 0 0 0 0 0 0 0
0 0 0 0 0 8 0 0 0 0 0 8 0 0 0 0 0
0 0 0 0 8 8 8 0 0 0 8 8 8 0 0 0 0
0 0 8 0 0 0 0 1 1 1 0 0 0 0 8 0 0
0 8 8 8 0 0 0 0 1 0 0 0 0 8 8 8 0
0 0 0 0 0 0 0 0 0 0 0 0 0 0 0 0 0
0 0 0 0 0 0 0 0 0 0 0 0 0 0 0 0 0

Example 1 output (9x17):
0 0 0 0 0 0 0 0 0 0 0 0 0 0 0 0 0
0 0 0 0 0 0 0 1 1 1 0 0 0 0 0 0 0
0 0 0 0 0 0 0 0 1 0 0 0 0 0 0 0 0
0 0 0 0 1 1 1 0 0 0 1 1 1 0 0 0 0
0 0 0 0 0 1 0 0 0 0 0 1 0 0 0 0 0
0 1 1 1 0 0 0 0 8 0 0 0 0 1 1 1 0
0 0 1 0 0 0 0 8 8 8 0 0 0 0 1 0 0
0 0 0 0 0 0 0 0 0 0 0 0 0 0 0 0 0
0 0 0 0 0 0 0 0 0 0 0 0 0 0 0 0 0

Example 2 input (9x12):
0 0 0 0 0 0 0 0 0 0 0 0
0 2 2 0 2 2 0 2 2 0 0 0
0 2 0 0 2 0 0 2 0 0 0 0
0 0 0 0 0 0 0 0 0 0 0 0
0 0 0 0 2 2 0 0 3 0 0 0
0 0 0 0 2 0 0 3 3 0 0 0
0 0 0 0 0 0 0 0 0 0 0 0
0 0 0 0 0 0 0 0 0 0 0 0
0 0 0 0 0 0 0 0 0 0 0 0

Example 2 output (9x12):
0 0 0 0 0 0 0 0 0 0 0 0
0 0 3 0 0 3 0 0 3 0 0 0
0 3 3 0 3 3 0 3 3 0 0 0
0 0 0 0 0 0 0 0 0 0 0 0
0 0 0 0 0 3 0 2 2 0 0 0
0 0 0 0 3 3 0 2 0 0 0 0
0 0 0 0 0 0 0 0 0 0 0 0
0 0 0 0 0 0 0 0 0 0 0 0
0 0 0 0 0 0 0 0 0 0 0 0

Example 3 input (9x10):
0 0 0 0 0 0 0 0 0 0
0 3 0 3 0 3 0 3 0 0
0 0 3 0 0 0 3 0 0 0
0 0 3 0 0 0 3 0 0 0
0 0 0 0 0 0 0 0 0 0
0 0 8 0 0 0 0 0 0 0
0 8 8 8 0 0 0 0 0 0
0 0 8 0 0 0 0 0 0 0
0 0 0 0 0 0 0 0 0 0

Example 3 output (9x10):
0 0 0 0 0 0 0 0 0 0
0 0 8 0 0 0 8 0 0 0
0 8 8 8 0 8 8 8 0 0
0 0 8 0 0 0 8 0 0 0
0 0 0 0 0 0 0 0 0 0
0 3 0 3 0 0 0 0 0 0
0 0 3 0 0 0 0 0 0 0
0 0 3 0 0 0 0 0 0 0
0 0 0 0 0 0 0 0 0 0

Example 4 input (11x10):
0 0 0 0 0 0 0 0 0 0
0 1 0 0 1 0 0 0 7 0
0 0 1 0 0 1 0 7 0 0
0 0 0 0 0 0 0 0 0 0
0 1 0 0 0 0 0 0 0 0
0 0 1 0 0 0 0 0 0 0
0 0 0 0 0 0 0 0 0 0
0 1 0 0 0 0 0 0 0 0
0 0 1 0 0 0 0 0 0 0
0 0 0 0 0 0 0 0 0 0
0 0 0 0 0 0 0 0 0 0

Example 4 output (11x10):
0 0 0 0 0 0 0 0 0 0
0 0 7 0 0 7 0 1 0 0
0 7 0 0 7 0 0 0 1 0
0 0 0 0 0 0 0 0 0 0
0 0 7 0 0 0 0 0 0 0
0 7 0 0 0 0 0 0 0 0
0 0 0 0 0 0 0 0 0 0
0 0 7 0 0 0 0 0 0 0
0 7 0 0 0 0 0 0 0 0
0 0 0 0 0 0 0 0 0 0
0 0 0 0 0 0 0 0 0 0

Test input (11x14):
0 0 0 0 0 0 0 0 0 0 0 0 0 0
0 0 5 0 5 0 0 5 0 5 0 0 0 0
0 0 0 5 0 0 0 0 5 0 0 0 0 0
0 0 5 5 5 0 0 5 5 5 0 0 0 0
0 0 0 0 0 0 0 0 0 0 0 0 0 0
0 0 6 6 6 0 0 5 0 5 0 0 0 0
0 0 6 0 6 0 0 0 5 0 0 0 0 0
0 0 0 0 6 0 0 5 5 5 0 0 0 0
0 0 0 0 0 0 0 0 0 0 0 0 0 0
0 0 0 0 0 0 0 0 0 0 0 0 0 0
0 0 0 0 0 0 0 0 0 0 0 0 0 0
