Example 1 input (26x18):
0 0 0 0 0 0 0 0 0 0 0 0 0 0 0 0 0 0
0 0 0 0 0 8 8 0 0 0 0 0 0 0 0 0 0 0
0 0 0 0 0 8 8 0 0 0 0 0 0 0 0 0 0 0
0 0 0 0 0 0 0 0 0 0 0 0 0 0 0 0 0 0
0 0 0 0 0 0 0 0 0 0 0 0 0 0 0 0 0 0
0 0 0 0 0 0 0 0 0 0 0 0 0 0 0 0 0 0
0 0 0 0 0 8 8 0 0 0 0 8 8 0 0 0 0 0
0 0 0 0 0 8 8 0 0 0 0 8 8 0 0 0 0 0
0 0 0 0 0 0 0 0 0 0 0 0 0 0 0 0 0 0
0 0 0 0 0 0 0 0 0 0 0 0 0 0 0 0 0 0
0 0 0 0 0 0 0 0 0 0 0 0 0 0 0 0 0 0
0 0 0 0 0 0 0 0 0 0 0 0 0 0 0 0 0 0
0 0 0 0 0 0 0 0 0 0 0 0 0 0 0 0 0 0
0 0 0 0 0 0 0 0 0 0 0 0 0 0 0 0 0 0
0 0 0 0 0 0 0 0 0 0 0 0 0 0 0 0 0 0
0 0 0 0 0 0 0 0 0 0 0 0 0 0 0 0 0 0
0 0 0 0 0 0 0 0 0 0 0 0 0 0 0 0 0 0
0 0 0 0 0 8 8 0 0 0 0 8 8 0 0 0 0 0
0 0 0 0 0 8 8 0 0 0 0 8 8 0 0 0 0 0
0 0 0 0 0 0 0 0 0 0 0 0 0 0 0 0 0 0
0 0 0 0 0 0 0 0 0 0 0 0 0 0 0 0 0 0
0 0 0 0 0 0 0 0 0 0 0 0 0 0 0 0 0 0
0 0 0 0 0 0 0 0 0 0 0 0 0 0 0 0 0 0
0 0 0 0 0 2 2 0 0 0 0 0 0 0 0 0 0 0
0 0 0 0 0 2 2 0 0 0 0 0 0 0 0 0 0 0
0 0 0 0 0 0 0 0 0 0 0 0 0 0 0 0 0 0

Example 1 output (26x18):
0 0 0 0 0 0 0 0 0 0 0 0 0 0 0 0 0 0
0 0 0 0 0 8 8 0 0 0 0 0 0 0 0 0 0 0
0 0 0 0 0 8 8 0 0 0 0 0 0 0 0 0 0 0
0 0 0 0 0 7 7 0 0 0 0 0 0 0 0 0 0 0
0 0 0 0 0 7 7 0 0 0 0 0 0 0 0 0 0 0
0 0 0 0 0 7 7 0 0 0 0 0 0 0 0 0 0 0
0 0 0 0 0 8 8 7 7 7 7 8 8 0 0 0 0 0
0 0 0 0 0 8 8 7 7 7 7 8 8 0 0 0 0 0
0 0 0 0 0 0 0 0 0 0 0 7 7 0 0 0 0 0
0 0 0 0 0 0 0 0 0 0 0 7 7 0 0 0 0 0
0 0 0 0 0 0 0 0 0 0 0 7 7 0 0 0 0 0
0 0 0 0 0 0 0 0 0 0 0 7 7 0 0 0 0 0
0 0 0 0 0 0 0 0 0 0 0 7 7 0 0 0 0 0
0 0 0 0 0 0 0 0 0 0 0 7 7 0 0 0 0 0
0 0 0 0 0 0 0 0 0 0 0 7 7 0 0 0 0 0
0 0 0 0 0 0 0 0 0 0 0 7 7 0 0 0 0 0
0 0 0 0 0 0 0 0 0 0 0 7 7 0 0 0 0 0
0 0 0 0 0 8 8 7 7 7 7 8 8 0 0 0 0 0
0 0 0 0 0 8 8 7 7 7 7 8 8 0 0 0 0 0
0 0 0 0 0 7 7 0 0 0 0 0 0 0 0 0 0 0
0 0 0 0 0 7 7 0 0 0 0 0 0 0 0 0 0 0
0 0 0 0 0 7 7 0 0 0 0 0 0 0 0 0 0 0
0 0 0 0 0 7 7 0 0 0 0 0 0 0 0 0 0 0
0 0 0 0 0 2 2 0 0 0 0 0 0 0 0 0 0 0
0 0 0 0 0 2 2 0 0 0 0 0 0 0 0 0 0 0
0 0 0 0 0 0 0 0 0 0 0 0 0 0 0 0 0 0

Example 2 input (26x28):
0 0 0 0 0 0 0 0 0 0 0 0 0 0 0 0 0 0 0 0 0 0 0 0 0 0 0 0
0 8 8 0 0 0 0 0 0 0 0 0 0 0 0 0 0 0 0 0 0 0 0 0 0 0 0 0
0 8 8 0 0 0 0 0 0 0 0 0 0 0 0 0 0 0 0 0 0 0 0 0 0 0 0 0
0 0 0 0 0 0 0 0 0 0 0 0 0 0 0 0 0 0 0 0 0 0 0 0 0 0 0 0
0 0 0 0 0 0 0 0 0 0 0 0 0 0 0 0 0 0 0 0 0 0 0 0 0 0 0 0
0 0 0 0 0 0 0 0 0 0 0 0 0 0 0 0 0 0 0 0 0 0 0 0 0 0 0 0
0 0 0 8 8 0 0 0 0 0 0 0 0 0 8 8 0 0 0 0 0 0 0 0 0 0 0 0
0 0 0 8 8 0 0 0 0 0 0 0 0 0 8 8 0 0 0 0 0 0 0 0 0 0 0 0
0 0 0 0 0 0 0 0 0 0 0 0 0 0 0 0 0 0 0 0 0 0 0 0 0 0 0 0
0 0 0 0 0 0 0 0 0 0 0 0 0 0 0 0 0 0 0 0 0 0 0 0 0 0 0 0
0 0 0 0 0 0 0 0 0 0 0 0 0 0 0 0 0 0 0 0 0 0 0 0 0 0 0 0
0 0 0 8 8 0 0 8 8 0 0 0 0 0 8 8 0 0 0 0 0 0 0 0 0 0 0 0
0 0 0 8 8 0 0 8 8 0 0 0 0 0 8 8 0 0 0 0 0 0 0 0 0 0 0 0
0 0 0 0 0 0 0 0 0 0 0 0 0 0 0 0 0 0 0 0 0 0 0 0 0 0 0 0
0 0 0 0 0 0 0 0 0 0 0 0 0 0 0 0 0 0 0 0 0 0 0 0 0 0 0 0
0 0 0 0 0 0 0 0 0 0 0 0 0 0 0 0 0 0 0 0 0 0 0 0 8 8 0 0
0 0 0 0 0 0 0 8 8 0 0 0 0 0 0 0 0 0 0 0 0 0 0 0 8 8 0 0
0 0 0 0 0 0 0 8 8 0 0 0 0 0 0 0 0 0 0 0 0 0 0 0 0 0 0 0
0 0 0 0 0 0 0 0 0 0 0 0 0 0 0 0 0 0 0 0 0 0 0 0 0 0 0 0
0 0 0 0 0 0 0 0 0 0 0 0 0 0 0 0 0 0 0 0 0 0 0 0 0 0 0 0
0 0 0 0 0 0 0 0 0 0 0 0 0 0 0 0 0 0 0 0 0 0 0 0 0 0 0 0
0 0 2 2 0 0 0 8 8 0 0 0 0 0 8 8 0 0 0 0 0 8 8 0 0 0 0 0
0 0 2 2 0 0 0 8 8 0 0 0 0 0 8 8 0 0 0 0 0 8 8 0 0 0 0 0
0 0 0 0 0 0 0 0 0 0 0 0 0 0 0 0 0 0 0 0 0 0 0 0 0 0 0 0
0 0 0 0 0 0 0 0 0 0 0 0 0 0 0 0 0 0 0 0 0 0 0 0 0 0 0 0
0 0 0 0 0 0 0 0 0 0 0 0 0 0 0 0 0 0 0 0 0 0 0 0 0 0 0 0

Example 2 output (26x28):
0 0 0 0 0 0 0 0 0 0 0 0 0 0 0 0 0 0 0 0 0 0 0 0 0 0 0 0
0 8 8 0 0 0 0 0 0 0 0 0 0 0 0 0 0 0 0 0 0 0 0 0 0 0 0 0
0 8 8 0 0 0 0 0 0 0 0 0 0 0 0 0 0 0 0 0 0 0 0 0 0 0 0 0
0 0 0 0 0 0 0 0 0 0 0 0 0 0 0 0 0 0 0 0 0 0 0 0 0 0 0 0
0 0 0 0 0 0 0 0 0 0 0 0 0 0 0 0 0 0 0 0 0 0 0 0 0 0 0 0
0 0 0 0 0 0 0 0 0 0 0 0 0 0 0 0 0 0 0 0 0 0 0 0 0 0 0 0
0 0 0 8 8 7 7 7 7 7 7 7 7 7 8 8 0 0 0 0 0 0 0 0 0 0 0 0
0 0 0 8 8 7 7 7 7 7 7 7 7 7 8 8 0 0 0 0 0 0 0 0 0 0 0 0
0 0 0 7 7 0 0 0 0 0 0 0 0 0 7 7 0 0 0 0 0 0 0 0 0 0 0 0
0 0 0 7 7 0 0 0 0 0 0 0 0 0 7 7 0 0 0 0 0 0 0 0 0 0 0 0
0 0 0 7 7 0 0 0 0 0 0 0 0 0 7 7 0 0 0 0 0 0 0 0 0 0 0 0
0 0 0 8 8 7 7 8 8 0 0 0 0 0 8 8 0 0 0 0 0 0 0 0 0 0 0 0
0 0 0 8 8 7 7 8 8 0 0 0 0 0 8 8 0 0 0 0 0 0 0 0 0 0 0 0
0 0 0 0 0 0 0 7 7 0 0 0 0 0 7 7 0 0 0 0 0 0 0 0 0 0 0 0
0 0 0 0 0 0 0 7 7 0 0 0 0 0 7 7 0 0 0 0 0 0 0 0 0 0 0 0
0 0 0 0 0 0 0 7 7 0 0 0 0 0 7 7 0 0 0 0 0 0 0 0 8 8 0 0
0 0 0 0 0 0 0 8 8 0 0 0 0 0 7 7 0 0 0 0 0 0 0 0 8 8 0 0
0 0 0 0 0 0 0 8 8 0 0 0 0 0 7 7 0 0 0 0 0 0 0 0 0 0 0 0
0 0 0 0 0 0 0 7 7 0 0 0 0 0 7 7 0 0 0 0 0 0 0 0 0 0 0 0
0 0 0 0 0 0 0 7 7 0 0 0 0 0 7 7 0 0 0 0 0 0 0 0 0 0 0 0
0 0 0 0 0 0 0 7 7 0 0 0 0 0 7 7 0 0 0 0 0 0 0 0 0 0 0 0
0 0 2 2 7 7 7 8 8 0 0 0 0 0 8 8 7 7 7 7 7 8 8 0 0 0 0 0
0 0 2 2 7 7 7 8 8 0 0 0 0 0 8 8 7 7 7 7 7 8 8 0 0 0 0 0
0 0 0 0 0 0 0 0 0 0 0 0 0 0 0 0 0 0 0 0 0 0 0 0 0 0 0 0
0 0 0 0 0 0 0 0 0 0 0 0 0 0 0 0 0 0 0 0 0 0 0 0 0 0 0 0
0 0 0 0 0 0 0 0 0 0 0 0 0 0 0 0 0 0 0 0 0 0 0 0 0 0 0 0

Example 3 input (16x18):
0 0 0 0 0 0 0 0 0 0 0 0 0 0 0 0 0 0
0 0 0 0 0 0 0 0 0 0 0 0 0 0 0 0 0 0
0 0 0 0 0 0 0 0 0 0 0 0 0 0 0 0 0 0
0 0 0 0 0 0 0 0 0 0 0 0 0 0 0 0 0 0
0 0 0 0 0 0 0 0 0 0 0 0 0 0 0 0 0 0
0 0 0 0 0 0 0 0 0 0 0 0 0 0 0 0 0 0
0 8 8 0 0 0 0 0 2 2 0 0 0 8 8 0 0 0
0 8 8 0 0 0 0 0 2 2 0 0 0 8 8 0 0 0
0 0 0 0 0 0 0 0 0 0 0 0 0 0 0 0 0 0
0 0 0 0 0 0 0 0 0 0 0 0 0 0 0 0 0 0
0 0 0 0 0 0 0 0 0 0 0 0 0 0 0 0 0 0
0 0 0 0 0 0 0 0 0 0 0 0 0 0 0 0 0 0
0 0 0 0 0 0 0 0 0 0 0 0 0 0 0 0 0 0
0 0 0 0 0 0 0 0 0 0 0 0 0 0 0 0 0 0
0 0 0 0 0 0 0 0 0 0 0 0 0 0 0 0 0 0
0 0 0 0 0 0 0 0 0 0 0 0 0 0 0 0 0 0

Example 3 output (16x18):
0 0 0 0 0 0 0 0 0 0 0 0 0 0 0 0 0 0
0 0 0 0 0 0 0 0 0 0 0 0 0 0 0 0 0 0
0 0 0 0 0 0 0 0 0 0 0 0 0 0 0 0 0 0
0 0 0 0 0 0 0 0 0 0 0 0 0 0 0 0 0 0
0 0 0 0 0 0 0 0 0 0 0 0 0 0 0 0 0 0
0 0 0 0 0 0 0 0 0 0 0 0 0 0 0 0 0 0
0 8 8 0 0 0 0 0 2 2 7 7 7 8 8 0 0 0
0 8 8 0 0 0 0 0 2 2 7 7 7 8 8 0 0 0
0 0 0 0 0 0 0 0 0 0 0 0 0 0 0 0 0 0
0 0 0 0 0 0 0 0 0 0 0 0 0 0 0 0 0 0
0 0 0 0 0 0 0 0 0 0 0 0 0 0 0 0 0 0
0 0 0 0 0 0 0 0 0 0 0 0 0 0 0 0 0 0
0 0 0 0 0 0 0 0 0 0 0 0 0 0 0 0 0 0
0 0 0 0 0 0 0 0 0 0 0 0 0 0 0 0 0 0
0 0 0 0 0 0 0 0 0 0 0 0 0 0 0 0 0 0
0 0 0 0 0 0 0 0 0 0 0 0 0 0 0 0 0 0

Example 4 input (26x25):
0 0 0 0 0 0 0 0 0 0 0 0 0 0 0 0 0 0 0 0 0 0 0 0 0
0 0 0 2 2 0 0 0 0 0 8 8 0 0 0 0 0 0 0 0 0 0 0 0 0
0 0 0 2 2 0 0 0 0 0 8 8 0 0 0 0 0 0 0 0 0 0 0 0 0
0 0 0 0 0 0 0 0 0 0 0 0 0 0 0 0 0 0 0 0 0 0 0 0 0
0 0 0 0 0 8 8 0 0 0 0 0 0 0 0 0 0 0 0 8 8 0 0 0 0
0 0 0 0 0 8 8 0 0 0 0 0 0 0 0 0 0 0 0 8 8 0 0 0 0
0 0 0 0 0 0 0 0 0 0 0 0 0 0 0 0 0 0 0 0 0 0 0 0 0
0 0 0 0 0 0 0 0 0 0 0 0 0 0 0 0 0 0 0 0 0 0 0 0 0
0 0 0 0 0 0 0 0 0 0 0 0 0 0 0 0 0 0 0 0 0 0 0 0 0
0 0 0 0 0 0 0 0 0 0 0 0 0 0 0 0 0 0 0 0 0 0 0 0 0
0 0 0 8 8 0 0 0 0 0 8 8 0 0 0 0 0 0 0 0 0 0 0 0 0
0 0 0 8 8 0 0 0 0 0 8 8 0 0 0 0 0 0 0 0 0 0 0 0 0
0 0 0 0 0 0 0 0 0 0 0 0 0 0 0 0 0 0 0 0 0 0 0 0 0
0 0 0 0 0 0 0 0 0 0 0 0 0 0 0 0 0 0 0 0 0 0 0 0 0
0 0 0 0 0 0 0 0 0 0 8 8 0 0 0 8 8 0 0 0 0 0 0 0 0
0 0 0 0 0 0 0 0 0 0 8 8 0 0 0 8 8 0 0 0 0 0 0 0 0
0 0 0 0 0 0 0 0 0 0 0 0 0 0 0 0 0 0 0 0 0 0 0 0 0
0 0 0 0 0 0 0 0 0 0 0 0 0 0 0 0 0 0 0 0 0 8 8 0 0
0 0 0 0 0 0 0 0 0 0 0 0 0 0 0 0 0 0 0 0 0 8 8 0 0
0 0 0 0 0 0 0 0 0 0 0 0 0 0 0 0 0 0 0 0 0 0 0 0 0
0 0 0 8 8 0 0 0 0 0 0 0 0 0 0 8 8 0 0 0 0 0 0 0 0
0 0 0 8 8 0 0 0 0 0 0 0 0 0 0 8 8 0 0 0 0 0 0 0 0
0 0 0 0 0 0 0 0 0 0 0 0 0 0 0 0 0 0 0 0 0 0 0 0 0
0 0 0 0 0 0 0 0 0 0 0 0 0 0 0 0 0 0 0 0 0 0 0 0 0
0 0 0 0 0 0 0 0 0 0 0 0 0 0 0 0 0 0 0 0 0 0 0 0 0
0 0 0 0 0 0 0 0 0 0 0 0 0 0 0 0 0 0 0 0 0 0 0 0 0

Example 4 output (26x25):
0 0 0 0 0 0 0 0 0 0 0 0 0 0 0 0 0 0 0 0 0 0 0 0 0
0 0 0 2 2 7 7 7 7 7 8 8 0 0 0 0 0 0 0 0 0 0 0 0 0
0 0 0 2 2 7 7 7 7 7 8 8 0 0 0 0 0 0 0 0 0 0 0 0 0
0 0 0 0 0 0 0 0 0 0 7 7 0 0 0 0 0 0 0 0 0 0 0 0 0
0 0 0 0 0 8 8 0 0 0 7 7 0 0 0 0 0 0 0 8 8 0 0 0 0
0 0 0 0 0 8 8 0 0 0 7 7 0 0 0 0 0 0 0 8 8 0 0 0 0
0 0 0 0 0 0 0 0 0 0 7 7 0 0 0 0 0 0 0 0 0 0 0 0 0
0 0 0 0 0 0 0 0 0 0 7 7 0 0 0 0 0 0 0 0 0 0 0 0 0
0 0 0 0 0 0 0 0 0 0 7 7 0 0 0 0 0 0 0 0 0 0 0 0 0
0 0 0 0 0 0 0 0 0 0 7 7 0 0 0 0 0 0 0 0 0 0 0 0 0
0 0 0 8 8 0 0 0 0 0 8 8 0 0 0 0 0 0 0 0 0 0 0 0 0
0 0 0 8 8 0 0 0 0 0 8 8 0 0 0 0 0 0 0 0 0 0 0 0 0
0 0 0 7 7 0 0 0 0 0 7 7 0 0 0 0 0 0 0 0 0 0 0 0 0
0 0 0 7 7 0 0 0 0 0 7 7 0 0 0 0 0 0 0 0 0 0 0 0 0
0 0 0 7 7 0 0 0 0 0 8 8 7 7 7 8 8 0 0 0 0 0 0 0 0
0 0 0 7 7 0 0 0 0 0 8 8 7 7 7 8 8 0 0 0 0 0 0 0 0
0 0 0 7 7 0 0 0 0 0 0 0 0 0 0 7 7 0 0 0 0 0 0 0 0
0 0 0 7 7 0 0 0 0 0 0 0 0 0 0 7 7 0 0 0 0 8 8 0 0
0 0 0 7 7 0 0 0 0 0 0 0 0 0 0 7 7 0 0 0 0 8 8 0 0
0 0 0 7 7 0 0 0 0 0 0 0 0 0 0 7 7 0 0 0 0 0 0 0 0
0 0 0 8 8 7 7 7 7 7 7 7 7 7 7 8 8 0 0 0 0 0 0 0 0
0 0 0 8 8 7 7 7 7 7 7 7 7 7 7 8 8 0 0 0 0 0 0 0 0
0 0 0 0 0 0 0 0 0 0 0 0 0 0 0 0 0 0 0 0 0 0 0 0 0
0 0 0 0 0 0 0 0 0 0 0 0 0 0 0 0 0 0 0 0 0 0 0 0 0
0 0 0 0 0 0 0 0 0 0 0 0 0 0 0 0 0 0 0 0 0 0 0 0 0
0 0 0 0 0 0 0 0 0 0 0 0 0 0 0 0 0 0 0 0 0 0 0 0 0

Test input (22x23):
0 0 0 0 0 0 0 0 0 0 0 0 0 0 0 0 0 0 0 0 0 0 0
0 0 0 0 0 0 0 0 0 0 0 0 0 0 0 0 0 0 0 0 0 0 0
0 0 0 0 0 0 0 0 0 0 0 0 0 0 0 0 0 0 0 0 0 0 0
0 0 0 0 2 2 0 0 0 0 0 8 8 0 0 0 0 0 0 8 8 0 0
0 0 0 0 2 2 0 0 0 0 0 8 8 0 0 0 0 0 0 8 8 0 0
0 0 0 0 0 0 0 0 0 0 0 0 0 0 0 0 0 0 0 0 0 0 0
0 8 8 0 0 0 0 0 0 0 0 0 0 0 0 0 0 0 0 0 0 0 0
0 8 8 0 0 0 0 0 0 0 0 0 0 0 0 0 0 0 0 0 0 0 0
0 0 0 0 0 0 0 8 8 0 0 8 8 0 0 0 0 0 0 0 0 0 0
0 0 0 0 0 0 0 8 8 0 0 8 8 0 0 0 0 0 0 0 0 0 0
0 0 0 0 0 0 0 0 0 0 0 0 0 0 0 0 0 0 0 0 0 0 0
0 0 0 0 0 0 0 0 0 0 0 0 0 0 0 0 0 0 0 0 0 0 0
0 0 0 0 0 0 0 0 0 0 0 0 0 0 0 8 8 0 0 0 0 0 0
0 0 0 0 0 0 0 0 0 0 0 0 0 0 0 8 8 0 0 0 0 0 0
0 0 0 0 8 8 0 8 8 0 0 0 0 0 0 0 0 0 0 0 0 0 0
0 0 0 0 8 8 0 8 8 0 0 0 0 0 0 0 0 0 0 0 0 0 0
0 0 0 0 0 0 0 0 0 0 0 0 0 0 0 0 0 0 0 8 8 0 0
0 0 0 0 0 0 0 0 0 0 0 0 0 0 0 0 0 0 0 8 8 0 0
0 0 0 0 0 0 0 0 0 0 0 0 0 0 0 0 0 0 0 0 0 0 0
0 0 0 0 8 8 0 0 0 0 0 0 0 8 8 0 0 0 0 0 0 0 0
0 0 0 0 8 8 0 0 0 0 0 0 0 8 8 0 0 0 0 0 0 0 0
0 0 0 0 0 0 0 0 0 0 0 0 0 0 0 0 0 0 0 0 0 0 0
