Example 1 input (5x9):
8 8 0 0 4 0 5 5 0
8 8 0 8 4 0 0 5 5
0 0 0 0 4 0 0 5 0
8 8 0 0 4 0 5 5 5
8 0 0 8 4 0 0 0 5

Example 1 output (5x4):
2 0 2 0
2 2 2 0
0 0 2 0
2 0 2 2
2 0 0 0

Example 2 input (5x9):
0 8 0 0 4 5 0 5 0
0 8 0 8 4 5 0 5 5
0 8 0 8 4 0 0 0 5
0 8 0 8 4 0 5 0 5
0 0 0 8 4 0 0 5 0

Example 2 output (5x4):
2 2 2 0
2 2 2 0
0 2 0 0
0 0 0 0
0 0 2 2

Example 3 input (5x9):
0 8 0 0 4 0 5 5 0
8 8 0 8 4 5 0 0 5
8 8 0 0 4 5 0 0 5
0 8 0 8 4 0 0 5 0
0 0 8 0 4 0 5 0 5

Example 3 output (5x4):
0 0 2 0
0 2 0 0
0 2 0 2
0 2 2 2
0 2 2 2

Example 4 input (5x9):
0 0 0 8 4 0 5 5 5
0 8 8 8 4 0 5 0 0
8 0 0 0 4 0 5 0 5
8 0 8 8 4 5 5 5 0
0 8 8 0 4 5 0 0 5

Example 4 output (5x4):
0 2 2 0
0 0 2 2
2 2 0 2
0 2 0 2
2 2 2 2

Test input (5x9):
0 8 0 0 4 5 0 0 0
0 8 0 8 4 5 5 0 5
8 8 0 8 4 0 0 5 5
8 8 8 8 4 5 0 5 5
0 0 8 8 4 5 0 5 0
