Example 1 input (14x18):
0 0 0 0 0 0 0 0 0 0 0 0 0 0 0 0 0 0
0 0 7 7 7 7 7 0 0 0 0 0 0 0 0 0 0 0
0 0 7 7 7 0 7 0 0 7 7 7 7 7 0 0 0 0
0 0 7 0 7 7 7 0 0 7 7 7 7 7 0 0 0 0
0 0 7 7 7 7 7 0 0 7 0 7 7 7 0 0 0 0
0 0 7 7 7 7 7 0 0 7 7 7 0 7 0 0 0 0
0 0 0 0 0 0 0 0 0 7 7 7 7 7 0 0 0 0
0 0 0 0 0 0 0 0 0 0 0 0 0 0 0 0 0 0
0 0 0 7 7 7 7 7 0 0 0 0 7 7 7 7 7 0
0 0 0 7 7 7 0 7 0 0 0 0 7 0 7 7 7 0
0 0 0 7 0 7 7 7 0 0 0 0 7 7 7 0 7 0
0 0 0 7 7 7 7 7 0 0 0 0 7 0 7 7 7 0
0 0 0 7 7 7 7 7 0 0 0 0 7 7 7 7 7 0
0 0 0 0 0 0 0 0 0 0 0 0 0 0 0 0 0 0

Example 1 output (5x5):
7 7 7 7 7
7 0 7 7 7
7 7 7 0 7
7 0 7 7 7
7 7 7 7 7

Example 2 input (15x19):
0 0 0 0 0 0 0 0 0 0 0 0 0 0 8 8 8 8 8
0 8 8 8 8 8 0 0 0 0 0 0 0 0 8 0 8 8 8
0 8 0 8 0 8 0 0 8 8 8 8 8 0 8 8 8 0 8
0 8 8 8 8 8 0 0 8 0 8 0 8 0 8 0 8 8 8
0 8 0 8 8 8 0 0 8 8 8 8 8 0 8 8 8 8 8
0 8 8 8 8 8 0 0 8 8 8 0 8 0 0 0 0 0 0
0 0 0 0 0 0 0 0 8 8 8 8 8 0 0 0 0 0 0
0 0 0 0 0 0 0 0 0 0 0 0 0 0 0 0 0 0 0
0 0 0 0 0 0 0 0 0 0 0 0 8 8 8 8 8 0 0
0 0 0 8 8 8 8 8 0 0 0 0 8 8 8 0 8 0 0
0 0 0 8 0 8 0 8 0 0 0 0 8 0 8 8 8 0 0
0 0 0 8 8 8 8 8 0 0 0 0 8 8 8 0 8 0 0
0 0 0 8 0 8 0 8 0 0 0 0 8 8 8 8 8 0 0
0 0 0 8 8 8 8 8 0 0 0 0 0 0 0 0 0 0 0
0 0 0 0 0 0 0 0 0 0 0 0 0 0 0 0 0 0 0

Example 2 output (5x5):
8 8 8 8 8
8 0 8 0 8
8 8 8 8 8
8 0 8 0 8
8 8 8 8 8

Example 3 input (16x19):
0 0 0 0 0 0 0 0 0 0 0 0 0 0 0 0 0 0 0
0 6 6 6 6 6 0 0 0 0 0 0 6 6 6 6 6 0 0
0 6 6 6 6 6 0 0 0 0 0 0 6 0 6 0 6 0 0
0 6 0 6 0 6 0 0 0 0 0 0 6 6 6 6 6 0 0
0 6 6 6 6 6 0 0 0 0 0 0 6 0 6 6 6 0 0
0 6 6 6 6 6 0 0 0 0 0 0 6 6 6 6 6 0 0
0 0 0 0 0 0 0 0 0 0 0 0 0 0 0 0 0 0 0
0 0 0 0 0 0 0 6 6 6 6 6 0 0 0 0 0 0 0
0 0 0 0 0 0 0 6 0 6 6 6 0 0 0 0 0 0 0
0 6 6 6 6 6 0 6 6 6 6 6 0 0 0 0 0 0 0
0 6 6 0 6 6 0 6 6 6 0 6 0 0 0 0 0 0 0
0 6 6 6 6 6 0 6 6 6 6 6 0 0 6 6 6 6 6
0 6 0 6 6 6 0 0 0 0 0 0 0 0 6 6 6 6 6
0 6 6 6 6 6 0 0 0 0 0 0 0 0 6 0 6 6 6
0 0 0 0 0 0 0 0 0 0 0 0 0 0 6 6 6 0 6
0 0 0 0 0 0 0 0 0 0 0 0 0 0 6 6 6 6 6

Example 3 output (5x5):
6 6 6 6 6
6 0 6 0 6
6 6 6 6 6
6 0 6 6 6
6 6 6 6 6

Example 4 input (16x19):
0 0 0 0 0 0 0 0 2 2 2 2 2 0 0 0 0 0 0
0 0 0 0 0 0 0 0 2 2 2 0 2 0 0 0 0 0 0
0 2 2 2 2 2 0 0 2 0 2 2 2 0 0 0 0 0 0
0 2 0 2 0 2 0 0 2 2 2 2 2 0 0 0 0 0 0
0 2 2 2 2 2 0 0 2 2 2 2 2 0 2 2 2 2 2
0 2 2 2 2 2 0 0 0 0 0 0 0 0 2 2 2 0 2
0 2 2 2 2 2 0 0 0 0 0 0 0 0 2 0 2 2 2
0 0 0 0 0 0 0 0 0 0 0 0 0 0 2 2 2 2 2
0 0 2 2 2 2 2 0 0 0 0 0 0 0 2 2 2 2 2
0 0 2 2 0 2 2 0 0 0 0 0 0 0 0 0 0 0 0
0 0 2 2 2 2 2 0 0 2 2 2 2 2 0 0 0 0 0
0 0 2 2 2 0 2 0 0 2 2 2 2 2 0 0 0 0 0
0 0 2 2 2 2 2 0 0 2 0 2 2 2 0 0 0 0 0
0 0 0 0 0 0 0 0 0 2 2 2 2 2 0 0 0 0 0
0 0 0 0 0 0 0 0 0 2 2 2 2 2 0 0 0 0 0
0 0 0 0 0 0 0 0 0 0 0 0 0 0 0 0 0 0 0

Example 4 output (5x5):
2 2 2 2 2
2 2 2 2 2
2 0 2 2 2
2 2 2 2 2
2 2 2 2 2

Test input (17x19):
0 1 1 1 1 1 0 0 0 0 0 0 0 0 0 0 0 0 0
0 1 1 1 0 1 0 0 0 1 1 1 1 1 0 0 0 0 0
0 1 1 1 1 1 0 0 0 1 0 1 0 1 0 0 0 0 0
0 1 0 1 1 1 0 0 0 1 1 1 1 1 0 0 0 0 0
0 1 1 1 1 1 0 0 0 1 1 1 1 1 0 0 0 0 0
0 0 0 0 0 0 0 0 0 1 1 1 1 1 0 0 0 0 0
0 0 0 0 0 0 0 0 0 0 0 0 0 0 0 0 0 0 0
1 1 1 1 1 0 0 0 0 0 0 0 0 0 1 1 1 1 1
1 0 1 0 1 0 0 0 0 0 0 0 0 0 1 0 1 1 1
1 1 1 1 1 0 0 1 1 1 1 1 0 0 1 1 1 0 1
1 0 1 0 1 0 0 1 1 1 0 1 0 0 1 1 1 1 1
1 1 1 1 1 0 0 1 0 1 1 1 0 0 1 1 1 1 1
0 0 0 0 0 0 0 1 1 1 1 1 0 0 0 0 0 0 0
0 0 0 0 0 0 0 1 1 1 1 1 0 0 0 0 0 0 0
0 0 0 0 0 0 0 0 0 0 0 0 0 0 0 0 0 0 0
0 0 0 0 0 0 0 0 0 0 0 0 0 0 0 0 0 0 0
0 0 0 0 0 0 0 0 0 0 0 0 0 0 0 0 0 0 0
