Example 1 input (19x17):
0 0 0 0 0 0 0 0 0 0 0 0 0 0 0 0 0
0 8 8 8 0 0 0 0 0 0 0 0 0 0 0 0 0
0 8 0 8 0 0 0 0 0 0 0 0 0 0 0 0 0
0 8 8 8 0 8 8 8 8 8 8 8 0 0 0 0 0
0 8 8 8 0 8 8 8 8 8 0 8 0 0 0 0 0
0 0 0 0 0 8 0 8 8 8 0 8 0 0 0 0 0
0 0 0 0 0 8 8 8 0 8 8 8 0 0 0 0 0
0 0 0 0 0 8 8 8 8 8 8 8 0 0 0 0 0
0 0 0 0 0 0 0 0 0 0 0 0 0 0 0 0 0
0 0 0 0 0 0 0 0 0 8 8 8 8 8 8 8 0
0 0 0 8 8 8 8 0 0 8 0 0 8 0 0 8 0
0 0 0 8 8 8 8 0 0 8 8 8 8 8 8 8 0
0 0 0 8 0 8 8 0 0 0 0 0 0 0 0 0 0
0 0 0 8 8 8 8 0 0 0 0 8 8 8 8 0 0
0 0 0 8 8 8 8 0 0 0 0 8 0 0 8 0 0
0 0 0 0 0 0 0 0 0 0 0 8 8 8 8 0 0
0 0 0 0 0 0 0 0 0 0 0 8 0 8 8 0 0
0 0 0 0 0 0 0 0 0 0 0 8 8 8 8 0 0
0 0 0 0 0 0 0 0 0 0 0 0 0 0 0 0 0

Example 1 output (19x17):
0 0 0 0 0 0 0 0 0 0 0 0 0 0 0 0 0
0 1 1 1 0 0 0 0 0 0 0 0 0 0 0 0 0
0 1 0 1 0 0 0 0 0 0 0 0 0 0 0 0 0
0 1 1 1 0 3 3 3 3 3 3 3 0 0 0 0 0
0 1 1 1 0 3 3 3 3 3 0 3 0 0 0 0 0
0 0 0 0 0 3 0 3 3 3 0 3 0 0 0 0 0
0 0 0 0 0 3 3 3 0 3 3 3 0 0 0 0 0
0 0 0 0 0 3 3 3 3 3 3 3 0 0 0 0 0
0 0 0 0 0 0 0 0 0 0 0 0 0 0 0 0 0
0 0 0 0 0 0 0 0 0 2 2 2 2 2 2 2 0
0 0 0 1 1 1 1 0 0 2 0 0 2 0 0 2 0
0 0 0 1 1 1 1 0 0 2 2 2 2 2 2 2 0
0 0 0 1 0 1 1 0 0 0 0 0 0 0 0 0 0
0 0 0 1 1 1 1 0 0 0 0 2 2 2 2 0 0
0 0 0 1 1 1 1 0 0 0 0 2 0 0 2 0 0
0 0 0 0 0 0 0 0 0 0 0 2 2 2 2 0 0
0 0 0 0 0 0 0 0 0 0 0 2 0 2 2 0 0
0 0 0 0 0 0 0 0 0 0 0 2 2 2 2 0 0
0 0 0 0 0 0 0 0 0 0 0 0 0 0 0 0 0

Example 2 input (17x17):
0 0 0 0 0 0 0 0 0 0 0 0 0 0 0 0 0
0 0 8 8 8 8 8 8 0 0 0 8 8 8 8 8 0
0 0 8 0 0 8 0 8 0 0 0 8 0 8 8 8 0
0 0 8 0 0 8 8 8 0 0 0 8 8 8 0 8 0
0 0 8 8 8 8 8 8 0 0 0 8 0 8 8 8 0
0 0 0 0 0 0 0 0 0 0 0 8 8 8 8 8 0
0 0 0 0 0 8 8 8 8 0 0 0 0 0 0 0 0
0 0 0 0 0 8 0 0 8 0 0 8 8 8 8 0 0
0 0 0 0 0 8 8 8 8 0 0 8 0 0 8 0 0
0 0 0 0 0 8 8 0 8 0 0 8 8 8 8 0 0
0 0 0 0 0 8 8 8 8 0 0 8 8 8 8 0 0
0 0 0 0 0 0 0 0 0 0 0 0 0 0 0 0 0
0 8 8 8 8 8 0 0 0 8 8 8 8 8 8 8 0
0 8 8 8 0 8 0 0 0 8 0 8 8 8 0 8 0
0 8 0 8 8 8 0 0 0 8 8 8 0 8 0 8 0
0 8 8 8 8 8 0 0 0 8 0 8 8 8 8 8 0
0 0 0 0 0 0 0 0 0 8 8 8 8 8 8 8 0

Example 2 output (17x17):
0 0 0 0 0 0 0 0 0 0 0 0 0 0 0 0 0
0 0 2 2 2 2 2 2 0 0 0 3 3 3 3 3 0
0 0 2 0 0 2 0 2 0 0 0 3 0 3 3 3 0
0 0 2 0 0 2 2 2 0 0 0 3 3 3 0 3 0
0 0 2 2 2 2 2 2 0 0 0 3 0 3 3 3 0
0 0 0 0 0 0 0 0 0 0 0 3 3 3 3 3 0
0 0 0 0 0 2 2 2 2 0 0 0 0 0 0 0 0
0 0 0 0 0 2 0 0 2 0 0 1 1 1 1 0 0
0 0 0 0 0 2 2 2 2 0 0 1 0 0 1 0 0
0 0 0 0 0 2 2 0 2 0 0 1 1 1 1 0 0
0 0 0 0 0 2 2 2 2 0 0 1 1 1 1 0 0
0 0 0 0 0 0 0 0 0 0 0 0 0 0 0 0 0
0 2 2 2 2 2 0 0 0 7 7 7 7 7 7 7 0
0 2 2 2 0 2 0 0 0 7 0 7 7 7 0 7 0
0 2 0 2 2 2 0 0 0 7 7 7 0 7 0 7 0
0 2 2 2 2 2 0 0 0 7 0 7 7 7 7 7 0
0 0 0 0 0 0 0 0 0 7 7 7 7 7 7 7 0

Example 3 input (17x16):
0 0 0 0 0 0 0 0 0 0 0 0 0 0 0 0
0 8 8 8 8 8 8 0 0 0 0 0 0 0 0 0
0 8 0 0 8 0 8 0 0 0 0 0 0 0 0 0
0 8 0 0 8 8 8 0 8 8 8 8 8 8 0 0
0 8 8 8 8 0 8 0 8 0 0 8 0 8 0 0
0 8 8 8 8 8 8 0 8 8 8 8 8 8 0 0
0 0 0 0 0 0 0 0 8 8 0 0 8 8 0 0
0 0 8 8 8 8 8 0 8 8 8 8 8 8 0 0
0 0 8 0 8 8 8 0 0 0 0 0 0 0 0 0
0 0 8 0 8 0 8 0 0 0 0 0 0 0 0 0
0 0 8 8 8 0 8 0 0 0 0 0 0 0 0 0
0 0 8 8 8 8 8 0 0 0 0 0 0 0 0 0
0 0 8 0 8 8 8 0 0 0 8 8 8 8 8 8
0 0 8 8 8 8 8 0 0 0 8 0 8 0 8 8
0 0 8 8 0 0 8 0 0 0 8 8 8 8 8 8
0 0 8 8 8 8 8 0 0 0 8 0 8 0 0 8
0 0 0 0 0 0 0 0 0 0 8 8 8 8 8 8

Example 3 output (17x16):
0 0 0 0 0 0 0 0 0 0 0 0 0 0 0 0
0 3 3 3 3 3 3 0 0 0 0 0 0 0 0 0
0 3 0 0 3 0 3 0 0 0 0 0 0 0 0 0
0 3 0 0 3 3 3 0 3 3 3 3 3 3 0 0
0 3 3 3 3 0 3 0 3 0 0 3 0 3 0 0
0 3 3 3 3 3 3 0 3 3 3 3 3 3 0 0
0 0 0 0 0 0 0 0 3 3 0 0 3 3 0 0
0 0 7 7 7 7 7 0 3 3 3 3 3 3 0 0
0 0 7 0 7 7 7 0 0 0 0 0 0 0 0 0
0 0 7 0 7 0 7 0 0 0 0 0 0 0 0 0
0 0 7 7 7 0 7 0 0 0 0 0 0 0 0 0
0 0 7 7 7 7 7 0 0 0 0 0 0 0 0 0
0 0 7 0 7 7 7 0 0 0 7 7 7 7 7 7
0 0 7 7 7 7 7 0 0 0 7 0 7 0 7 7
0 0 7 7 0 0 7 0 0 0 7 7 7 7 7 7
0 0 7 7 7 7 7 0 0 0 7 0 7 0 0 7
0 0 0 0 0 0 0 0 0 0 7 7 7 7 7 7

Test input (17x18):
0 0 8 8 8 8 8 0 0 0 0 0 0 0 0 0 0 0
0 0 8 0 8 0 8 0 8 8 8 8 8 8 8 0 0 0
0 0 8 0 8 8 8 0 8 0 8 8 0 0 8 0 0 0
0 0 8 8 8 8 8 0 8 8 8 8 0 0 8 0 0 0
0 0 0 0 0 0 0 0 8 0 0 8 8 8 8 0 0 0
0 0 0 0 0 0 0 0 8 8 8 8 8 8 8 0 0 0
0 0 8 8 8 8 0 0 0 0 0 0 0 0 0 0 0 0
0 0 8 0 0 8 0 0 0 0 8 8 8 8 8 8 8 0
0 0 8 8 8 8 0 0 0 0 8 0 0 8 8 8 8 0
0 0 0 0 0 0 0 0 0 0 8 8 8 8 0 0 8 0
0 0 0 0 0 0 0 0 0 0 8 8 8 8 0 0 8 0
0 8 8 8 8 8 8 8 0 0 8 0 8 8 8 8 8 0
0 8 0 0 8 8 8 8 0 0 8 0 8 8 8 8 8 0
0 8 0 0 8 8 8 8 0 0 8 8 8 0 0 8 8 0
0 8 8 8 8 0 8 8 0 0 8 8 8 0 0 8 8 0
0 8 8 8 8 8 8 8 0 0 8 8 8 8 8 8 8 0
0 0 0 0 0 0 0 0 0 0 0 0 0 0 0 0 0 0
