Example 1 input (5x5):
9 8 8 8 9
8 8 2 8 8
8 2 2 2 8
8 8 2 8 8
9 8 8 8 9

Example 1 output (10x10):
9 8 8 8 9 9 2 8 9 2
8 8 2 8 8 9 2 8 9 2
8 2 2 2 8 9 2 8 9 2
8 8 2 8 8 9 2 8 9 2
9 8 8 8 9 9 2 8 9 2
9 9 9 9 9 2 2 8 9 2
2 2 2 2 2 2 8 8 9 2
8 8 8 8 8 8 8 9 9 2
9 9 9 9 9 9 9 9 2 2
2 2 2 2 2 2 2 2 2 8

Example 2 input (5x5):
2 3 3 3 2
3 3 5 3 3
3 5 5 5 3
3 3 5 3 3
2 3 3 3 2

Example 2 output (10x10):
2 3 3 3 2 2 5 3 2 5
3 3 5 3 3 2 5 3 2 5
3 5 5 5 3 2 5 3 2 5
3 3 5 3 3 2 5 3 2 5
2 3 3 3 2 2 5 3 2 5
2 2 2 2 2 5 5 3 2 5
5 5 5 5 5 5 3 3 2 5
3 3 3 3 3 3 3 2 2 5
2 2 2 2 2 2 2 2 5 5
5 5 5 5 5 5 5 5 5 3

Test input (5x5):
5 1 1 1 5
1 1 9 1 1
1 9 9 9 1
1 1 9 1 1
5 1 1 1 5
