Example 1 input (13x19):
0 0 0 0 0 0 0 0 0 0 0 0 0 0 0 0 0 0 0
0 0 0 0 0 0 0 0 0 0 0 0 0 0 0 0 0 0 0
0 0 4 4 4 4 4 4 4 0 0 0 0 0 0 0 0 0 0
0 0 4 4 4 4 4 4 4 0 0 0 0 0 0 0 0 0 0
0 0 4 4 5 5 5 4 4 0 0 0 0 0 0 0 0 0 0
0 0 4 4 5 5 5 4 4 0 0 0 0 0 0 0 0 0 0
0 0 4 4 5 5 5 4 4 0 0 0 0 0 0 0 0 0 0
0 0 4 4 5 5 5 4 4 0 0 0 0 0 0 0 0 0 0
0 0 4 4 4 4 4 4 4 0 0 0 0 0 0 0 0 0 0
0 0 4 4 4 4 4 4 4 0 0 0 0 0 0 0 0 0 0
0 0 0 0 0 0 0 0 0 0 0 0 0 0 0 0 0 0 0
0 0 0 0 0 0 0 0 0 0 0 0 0 0 0 0 0 0 0
0 0 0 0 0 0 0 0 0 0 0 0 0 0 0 0 0 0 0

Example 1 output (13x19):
5 5 5 5 5 5 5 5 5 5 5 0 0 0 0 0 0 0 0
5 5 5 5 5 5 5 5 5 5 5 0 0 0 0 0 0 0 0
5 5 4 4 4 4 4 4 4 5 5 0 0 0 0 0 0 0 0
5 5 4 4 4 4 4 4 4 5 5 0 0 0 0 0 0 0 0
5 5 4 4 5 5 5 4 4 5 5 0 0 0 0 0 0 0 0
5 5 4 4 5 5 5 4 4 5 5 0 0 0 0 0 0 0 0
5 5 4 4 5 5 5 4 4 5 5 0 0 0 0 0 0 0 0
5 5 4 4 5 5 5 4 4 5 5 0 0 0 0 0 0 0 0
5 5 4 4 4 4 4 4 4 5 5 0 0 0 0 0 0 0 0
5 5 4 4 4 4 4 4 4 5 5 0 0 0 0 0 0 0 0
5 5 5 5 5 5 5 5 5 5 5 0 0 0 0 0 0 0 0
5 5 5 5 5 5 5 5 5 5 5 0 0 0 0 0 0 0 0
0 0 0 0 0 0 0 0 0 0 0 0 0 0 0 0 0 0 0

Example 2 input (13x14):
0 0 0 0 0 0 0 0 0 0 0 0 0 0
0 0 0 0 0 0 0 0 0 0 0 0 0 0
0 0 0 0 0 0 0 0 0 0 0 0 0 0
0 0 0 3 3 3 3 3 0 0 0 0 0 0
0 0 0 3 3 3 3 3 0 0 0 0 0 0
0 0 0 3 3 1 3 3 0 0 0 0 0 0
0 0 0 3 3 3 3 3 0 0 0 0 0 0
0 0 0 3 3 3 3 3 0 0 0 0 0 0
0 0 0 0 0 0 0 0 0 0 0 0 0 0
0 0 0 0 0 0 0 0 0 0 0 0 0 0
0 0 0 0 0 0 0 0 0 0 0 0 0 0
0 0 0 0 0 0 0 0 0 0 0 0 0 0
0 0 0 0 0 0 0 0 0 0 0 0 0 0

Example 2 output (13x14):
0 0 0 0 0 0 0 0 0 0 0 0 0 0
0 0 0 0 0 0 0 0 0 0 0 0 0 0
0 0 1 1 1 1 1 1 1 0 0 0 0 0
0 0 1 3 3 3 3 3 1 0 0 0 0 0
0 0 1 3 3 3 3 3 1 0 0 0 0 0
0 0 1 3 3 1 3 3 1 0 0 0 0 0
0 0 1 3 3 3 3 3 1 0 0 0 0 0
0 0 1 3 3 3 3 3 1 0 0 0 0 0
0 0 1 1 1 1 1 1 1 0 0 0 0 0
0 0 0 0 0 0 0 0 0 0 0 0 0 0
0 0 0 0 0 0 0 0 0 0 0 0 0 0
0 0 0 0 0 0 0 0 0 0 0 0 0 0
0 0 0 0 0 0 0 0 0 0 0 0 0 0

Example 3 input (15x14):
0 0 0 0 0 0 0 0 0 0 0 0 0 0
0 0 0 0 0 0 0 0 0 0 0 0 0 0
0 0 0 0 0 0 0 0 0 0 0 0 0 0
0 0 0 6 6 6 6 0 0 0 0 0 0 0
0 0 0 6 4 4 6 0 0 0 0 0 0 0
0 0 0 6 4 4 6 0 0 0 0 0 0 0
0 0 0 6 6 6 6 0 0 0 0 0 0 0
0 0 0 0 0 0 0 0 0 0 0 0 0 0
0 0 0 0 0 0 0 0 0 0 0 0 0 0
0 0 0 0 0 0 0 0 0 0 0 0 0 0
0 0 0 0 0 0 0 0 0 0 0 0 0 0
0 0 0 0 0 0 0 0 0 0 0 0 0 0
0 0 0 0 0 0 0 0 0 0 0 0 0 0
0 0 0 0 0 0 0 0 0 0 0 0 0 0
0 0 0 0 0 0 0 0 0 0 0 0 0 0

Example 3 output (15x14):
0 0 0 0 0 0 0 0 0 0 0 0 0 0
0 4 4 4 4 4 4 4 4 0 0 0 0 0
0 4 4 4 4 4 4 4 4 0 0 0 0 0
0 4 4 6 6 6 6 4 4 0 0 0 0 0
0 4 4 6 4 4 6 4 4 0 0 0 0 0
0 4 4 6 4 4 6 4 4 0 0 0 0 0
0 4 4 6 6 6 6 4 4 0 0 0 0 0
0 4 4 4 4 4 4 4 4 0 0 0 0 0
0 4 4 4 4 4 4 4 4 0 0 0 0 0
0 0 0 0 0 0 0 0 0 0 0 0 0 0
0 0 0 0 0 0 0 0 0 0 0 0 0 0
0 0 0 0 0 0 0 0 0 0 0 0 0 0
0 0 0 0 0 0 0 0 0 0 0 0 0 0
0 0 0 0 0 0 0 0 0 0 0 0 0 0
0 0 0 0 0 0 0 0 0 0 0 0 0 0

Example 4 input (16x17):
0 0 0 0 0 0 0 0 0 0 0 0 0 0 0 0 0
0 0 0 0 0 0 0 0 0 0 0 0 0 0 0 0 0
0 0 0 0 0 0 0 0 0 0 0 0 0 0 0 0 0
0 0 0 5 5 5 5 5 5 5 0 0 0 0 0 0 0
0 0 0 5 5 5 5 5 5 5 0 0 0 0 0 0 0
0 0 0 5 5 2 2 2 5 5 0 0 0 0 0 0 0
0 0 0 5 5 2 2 2 5 5 0 0 0 0 0 0 0
0 0 0 5 5 2 2 2 5 5 0 0 0 0 0 0 0
0 0 0 5 5 5 5 5 5 5 0 0 0 0 0 0 0
0 0 0 5 5 5 5 5 5 5 0 0 0 0 0 0 0
0 0 0 0 0 0 0 0 0 0 0 0 0 0 0 0 0
0 0 0 0 0 0 0 0 0 0 0 0 0 0 0 0 0
0 0 0 0 0 0 0 0 0 0 0 0 0 0 0 0 0
0 0 0 0 0 0 0 0 0 0 0 0 0 0 0 0 0
0 0 0 0 0 0 0 0 0 0 0 0 0 0 0 0 0
0 0 0 0 0 0 0 0 0 0 0 0 0 0 0 0 0

Example 4 output (16x17):
2 2 2 2 2 2 2 2 2 2 2 2 2 0 0 0 0
2 2 2 2 2 2 2 2 2 2 2 2 2 0 0 0 0
2 2 2 2 2 2 2 2 2 2 2 2 2 0 0 0 0
2 2 2 5 5 5 5 5 5 5 2 2 2 0 0 0 0
2 2 2 5 5 5 5 5 5 5 2 2 2 0 0 0 0
2 2 2 5 5 2 2 2 5 5 2 2 2 0 0 0 0
2 2 2 5 5 2 2 2 5 5 2 2 2 0 0 0 0
2 2 2 5 5 2 2 2 5 5 2 2 2 0 0 0 0
2 2 2 5 5 5 5 5 5 5 2 2 2 0 0 0 0
2 2 2 5 5 5 5 5 5 5 2 2 2 0 0 0 0
2 2 2 2 2 2 2 2 2 2 2 2 2 0 0 0 0
2 2 2 2 2 2 2 2 2 2 2 2 2 0 0 0 0
2 2 2 2 2 2 2 2 2 2 2 2 2 0 0 0 0
0 0 0 0 0 0 0 0 0 0 0 0 0 0 0 0 0
0 0 0 0 0 0 0 0 0 0 0 0 0 0 0 0 0
0 0 0 0 0 0 0 0 0 0 0 0 0 0 0 0 0

Example 5 input (12x11):
0 0 0 0 0 0 0 0 0 0 0
0 0 0 0 0 0 0 0 0 0 0
0 0 0 0 0 0 0 0 0 0 0
0 0 0 1 1 1 0 0 0 0 0
0 0 0 1 2 1 0 0 0 0 0
0 0 0 1 1 1 0 0 0 0 0
0 0 0 0 0 0 0 0 0 0 0
0 0 0 0 0 0 0 0 0 0 0
0 0 0 0 0 0 0 0 0 0 0
0 0 0 0 0 0 0 0 0 0 0
0 0 0 0 0 0 0 0 0 0 0
0 0 0 0 0 0 0 0 0 0 0

Example 5 output (12x11):
0 0 0 0 0 0 0 0 0 0 0
0 0 0 0 0 0 0 0 0 0 0
0 0 2 2 2 2 2 0 0 0 0
0 0 2 1 1 1 2 0 0 0 0
0 0 2 1 2 1 2 0 0 0 0
0 0 2 1 1 1 2 0 0 0 0
0 0 2 2 2 2 2 0 0 0 0
0 0 0 0 0 0 0 0 0 0 0
0 0 0 0 0 0 0 0 0 0 0
0 0 0 0 0 0 0 0 0 0 0
0 0 0 0 0 0 0 0 0 0 0
0 0 0 0 0 0 0 0 0 0 0

Test input (21x21):
0 0 0 0 0 0 0 0 0 0 0 0 0 0 0 0 0 0 0 0 0
0 0 0 0 0 0 0 0 0 0 0 0 0 0 0 0 0 0 0 0 0
0 0 0 0 0 0 0 0 0 0 0 0 0 0 0 0 0 0 0 0 0
0 0 0 0 0 0 0 0 0 0 0 0 0 0 0 0 0 0 0 0 0
0 0 0 0 0 0 0 0 0 0 0 0 0 0 0 0 0 0 0 0 0
0 0 0 0 0 0 0 0 0 0 0 0 0 0 0 0 0 0 0 0 0
0 0 0 0 0 3 3 3 3 3 3 0 0 0 0 0 0 0 0 0 0
0 0 0 0 0 3 8 8 8 8 3 0 0 0 0 0 0 0 0 0 0
0 0 0 0 0 3 8 8 8 8 3 0 0 0 0 0 0 0 0 0 0
0 0 0 0 0 3 8 8 8 8 3 0 0 0 0 0 0 0 0 0 0
0 0 0 0 0 3 8 8 8 8 3 0 0 0 0 0 0 0 0 0 0
0 0 0 0 0 3 3 3 3 3 3 0 0 0 0 0 0 0 0 0 0
0 0 0 0 0 0 0 0 0 0 0 0 0 0 0 0 0 0 0 0 0
0 0 0 0 0 0 0 0 0 0 0 0 0 0 0 0 0 0 0 0 0
0 0 0 0 0 0 0 0 0 0 0 0 0 0 0 0 0 0 0 0 0
0 0 0 0 0 0 0 0 0 0 0 0 0 0 0 0 0 0 0 0 0
0 0 0 0 0 0 0 0 0 0 0 0 0 0 0 0 0 0 0 0 0
0 0 0 0 0 0 0 0 0 0 0 0 0 0 0 0 0 0 0 0 0
0 0 0 0 0 0 0 0 0 0 0 0 0 0 0 0 0 0 0 0 0
0 0 0 0 0 0 0 0 0 0 0 0 0 0 0 0 0 0 0 0 0
0 0 0 0 0 0 0 0 0 0 0 0 0 0 0 0 0 0 0 0 0
