Example 1 input (7x7):
2 2 0 3 0 0 3
2 2 0 2 2 0 0
0 0 0 2 2 0 0
2 3 3 0 0 2 2
0 3 3 0 0 2 2
0 0 0 0 3 3 0
3 0 2 0 3 3 0

Example 1 output (3x3):
1 0 0
0 1 0
0 0 0

Example 2 input (7x5):
0 3 3 0 0
0 3 3 0 0
0 0 0 0 0
2 2 0 0 2
2 2 0 0 0
0 0 0 2 2
0 0 0 2 2

Example 2 output (3x3):
1 0 0
0 0 0
0 0 0

Example 3 input (7x7):
0 0 3 3 0 0 0
2 0 3 3 0 3 0
0 0 0 0 0 0 0
3 3 0 0 2 2 0
3 3 0 0 2 2 0
0 0 3 3 0 0 0
0 0 3 3 0 0 0

Example 3 output (3x3):
1 0 0
0 1 0
0 0 1

Example 4 input (5x7):
0 3 3 0 0 0 3
0 3 3 0 0 0 0
0 0 0 0 2 0 0
3 0 0 0 3 3 0
0 0 3 0 3 3 0

Example 4 output (3x3):
1 0 0
0 1 0
0 0 0

Example 5 input (5x5):
0 0 0 2 2
3 3 0 2 2
3 3 0 0 0
0 0 2 2 0
3 0 2 2 0

Example 5 output (3x3):
1 0 0
0 0 0
0 0 0

Test 1 input (8x5):
0 0 0 0 0
0 3 3 0 0
0 3 3 0 0
2 0 0 0 0
0 0 0 0 3
3 3 0 0 0
3 3 0 2 2
0 0 0 2 2

Test 2 input (8x8):
0 3 3 0 0 0 0 0
0 3 3 0 0 3 2 0
2 0 0 0 0 0 0 3
0 0 2 2 0 0 0 0
3 0 2 2 0 3 3 0
0 0 0 0 0 3 3 0
0 3 3 0 0 0 0 0
0 3 3 0 2 0 3 0
