Example 1 input (12x6):
0 5 5 5 5 0
5 5 0 5 5 5
5 5 0 5 0 0
0 0 4 0 0 0
4 0 4 4 4 0
4 0 0 0 0 0
2 0 2 2 0 2
2 0 0 0 0 2
0 0 0 2 0 0
0 8 0 8 0 0
0 8 0 0 0 0
0 8 0 8 0 0

Example 1 output (3x6):
2 5 5 5 5 2
5 5 4 5 5 5
5 5 0 5 0 0

Example 2 input (12x6):
5 5 0 5 5 5
0 5 0 5 0 5
0 0 0 5 5 0
0 4 4 0 4 0
0 0 0 0 0 4
0 4 0 4 0 4
2 2 2 0 0 0
0 2 2 0 2 0
2 2 2 0 2 0
8 0 8 8 8 8
0 0 8 8 8 8
0 0 0 8 0 0

Example 2 output (3x6):
5 5 4 5 5 5
0 5 8 5 8 5
2 4 2 5 5 4

Example 3 input (12x6):
5 0 5 0 0 0
0 0 5 0 0 5
5 0 5 0 5 0
0 0 0 4 0 4
0 0 0 4 0 0
4 0 0 4 0 4
0 0 2 0 0 2
2 2 0 2 2 0
2 2 0 0 0 2
8 8 0 8 8 8
8 8 8 8 8 0
8 8 0 0 0 0

Example 3 output (3x6):
5 8 5 4 8 4
8 8 5 4 8 5
5 8 5 4 5 4

Example 4 input (12x6):
5 5 5 5 0 0
0 5 5 0 5 5
0 5 5 5 5 5
4 4 4 0 4 4
0 0 0 4 4 0
4 4 4 0 4 0
2 0 2 2 0 0
2 2 0 2 0 0
2 2 2 0 2 0
0 0 8 0 8 8
8 8 8 0 0 0
0 8 0 0 8 0

Example 4 output (3x6):
5 5 5 5 4 4
8 5 5 4 5 5
4 5 5 5 5 5

Example 5 input (12x6):
5 0 0 0 0 0
0 5 0 0 0 5
0 0 5 5 5 0
4 4 0 4 4 4
0 0 0 4 4 0
4 0 4 4 0 0
2 0 2 2 0 2
2 2 0 2 2 0
0 0 0 0 0 2
8 8 8 8 0 8
0 0 0 8 8 0
0 0 0 8 8 8

Example 5 output (3x6):
5 4 8 4 4 4
2 5 0 4 4 5
4 0 5 5 5 8

Example 6 input (12x6):
0 5 0 5 5 0
0 5 0 5 5 5
5 5 0 5 5 5
4 0 0 0 4 4
0 0 0 4 4 0
4 0 4 0 0 4
0 2 2 2 2 0
2 2 2 0 2 0
0 2 0 2 0 0
8 0 0 8 0 8
8 0 0 0 8 0
8 0 0 8 0 0

Example 6 output (3x6):
4 5 2 5 5 4
8 5 2 5 5 5
5 5 4 5 5 5

Test input (12x6):
5 0 5 0 0 5
0 5 0 0 0 5
5 5 5 0 0 0
0 0 0 4 0 4
0 0 0 0 0 0
4 0 0 4 0 0
2 0 2 0 2 2
2 2 0 2 2 2
2 2 2 2 2 2
0 0 8 8 0 0
0 8 0 0 8 8
0 0 0 8 0 0
