Example 1 input (18x22):
0 0 0 0 0 0 0 0 0 0 0 0 0 0 0 0 0 0 0 0 0 0
0 0 0 0 0 0 2 0 0 0 0 0 0 0 0 0 0 0 0 0 0 0
0 0 2 0 0 0 2 3 2 0 0 0 0 0 0 0 0 0 0 0 0 0
0 2 7 2 0 0 0 0 2 0 0 0 0 0 0 0 0 0 0 0 0 0
0 0 2 0 0 0 0 0 0 0 0 0 0 0 0 0 0 0 0 0 0 0
0 0 0 0 0 2 0 0 0 0 1 1 1 1 1 1 1 1 1 1 1 0
0 0 0 0 2 4 2 0 0 0 1 1 1 1 1 1 1 1 1 1 1 0
0 0 0 0 0 2 2 0 0 0 1 1 1 1 1 1 1 1 3 1 1 0
0 0 0 0 0 0 0 0 0 0 1 1 1 1 1 1 1 1 1 1 1 0
0 2 2 2 0 0 0 0 0 0 1 1 1 1 1 1 1 1 1 1 1 0
0 2 8 2 0 0 0 0 0 0 1 1 1 1 4 1 1 1 1 1 1 0
0 2 0 2 0 0 0 0 0 0 1 1 1 1 1 1 1 1 1 1 1 0
0 0 0 0 0 0 0 0 0 0 1 1 1 1 1 1 1 1 1 1 1 0
0 0 0 0 0 0 0 0 0 0 1 1 1 1 1 1 1 1 1 1 1 0
0 0 0 0 0 0 0 0 0 0 1 1 8 1 1 1 1 7 1 1 1 0
0 0 0 0 0 0 0 0 0 0 1 1 1 1 1 1 1 1 1 1 1 0
0 0 0 0 0 0 0 0 0 0 1 1 1 1 1 1 1 1 1 1 1 0
0 0 0 0 0 0 0 0 0 0 0 0 0 0 0 0 0 0 0 0 0 0

Example 1 output (12x11):
1 1 1 1 1 1 1 1 1 1 1
1 1 1 1 1 1 1 2 1 1 1
1 1 1 1 1 1 1 2 3 2 1
1 1 1 1 1 1 1 1 1 2 1
1 1 1 1 2 1 1 1 1 1 1
1 1 1 2 4 2 1 1 1 1 1
1 1 1 1 2 2 1 1 1 1 1
1 1 1 1 1 1 1 1 1 1 1
1 2 2 2 1 1 1 2 1 1 1
1 2 8 2 1 1 2 7 2 1 1
1 2 1 2 1 1 1 2 1 1 1
1 1 1 1 1 1 1 1 1 1 1

Example 2 input (16x20):
0 0 0 0 0 0 0 0 0 0 0 0 0 0 0 0 0 0 0 0
0 0 0 0 0 0 0 0 0 0 0 0 0 0 0 0 0 0 0 0
0 0 0 0 0 0 0 0 0 0 0 2 0 0 0 0 0 0 0 0
0 0 0 0 0 0 0 0 0 0 2 1 2 0 0 0 0 0 0 0
0 0 0 0 0 0 0 0 0 0 2 0 0 0 0 0 2 0 2 0
0 0 0 0 0 0 0 0 0 0 0 0 0 0 0 0 0 3 2 0
0 8 8 8 8 8 8 0 0 0 0 0 0 0 0 0 2 0 2 0
0 8 8 8 8 8 8 0 0 0 0 0 0 0 0 0 0 0 0 0
0 8 1 8 8 8 8 0 0 0 0 0 0 0 0 0 0 0 0 0
0 8 8 8 8 8 8 0 0 0 0 2 0 2 0 0 0 0 0 0
0 8 8 8 8 8 8 0 0 0 0 0 4 2 0 0 0 0 0 0
0 8 8 8 8 8 8 0 0 0 0 2 2 2 0 0 0 0 0 0
0 8 8 8 8 8 8 0 0 0 0 0 0 0 0 0 0 0 0 0
0 8 8 8 4 8 8 0 0 0 0 0 0 0 0 0 0 0 0 0
0 8 8 8 8 8 8 0 0 0 0 0 0 0 0 0 0 0 0 0
0 0 0 0 0 0 0 0 0 0 0 0 0 0 0 0 0 0 0 0

Example 2 output (9x6):
8 8 8 8 8 8
8 2 8 8 8 8
2 1 2 8 8 8
2 8 8 8 8 8
8 8 8 8 8 8
8 8 8 8 8 8
8 8 2 8 2 8
8 8 8 4 2 8
8 8 2 2 2 8

Example 3 input (16x18):
0 0 0 0 0 0 0 0 0 0 0 0 0 0 0 0 0 0
0 3 3 3 3 3 3 3 3 3 3 3 3 0 0 0 0 0
0 3 3 3 3 3 3 4 3 3 3 3 3 0 0 0 0 0
0 3 3 3 3 3 3 3 3 3 3 3 3 0 0 0 0 0
0 3 3 1 3 3 3 3 3 3 3 3 3 0 0 0 0 0
0 3 3 3 3 3 3 3 3 3 8 3 3 0 0 0 0 0
0 3 3 3 3 3 3 3 3 3 3 3 3 0 0 0 0 0
0 0 0 0 0 0 0 0 0 0 0 0 0 0 0 0 0 0
0 0 0 0 0 0 0 0 0 0 0 0 0 0 2 2 2 0
0 0 0 0 0 0 0 0 0 0 0 0 0 0 0 4 0 0
0 0 0 0 0 0 0 0 0 0 0 0 0 0 2 2 2 0
0 0 0 2 2 0 0 0 0 2 1 2 0 0 0 0 0 0
0 0 0 2 8 0 0 0 0 0 2 0 0 0 0 0 0 0
0 0 0 0 0 2 0 0 0 0 0 0 0 0 0 0 0 0
0 0 0 0 0 0 0 0 0 0 0 0 0 0 0 0 0 0
0 0 0 0 0 0 0 0 0 0 0 0 0 0 0 0 0 0

Example 3 output (6x12):
3 3 3 3 3 2 2 2 3 3 3 3
3 3 3 3 3 3 4 3 3 3 3 3
3 3 3 3 3 2 2 2 3 3 3 3
3 2 1 2 3 3 3 3 2 2 3 3
3 3 2 3 3 3 3 3 2 8 3 3
3 3 3 3 3 3 3 3 3 3 2 3

Test input (26x24):
0 0 0 0 0 0 0 0 0 0 0 0 0 0 0 0 0 0 0 0 0 0 0 0
0 0 0 0 0 0 0 0 0 0 0 0 0 0 0 0 0 0 0 0 0 0 0 0
0 0 2 7 2 0 0 0 0 0 0 2 2 0 0 0 0 0 0 0 0 0 0 0
0 0 2 2 0 0 0 0 0 0 0 2 6 0 0 0 0 0 0 0 0 0 0 0
0 0 0 0 0 0 0 0 0 0 0 0 0 2 0 0 0 0 0 0 0 0 0 0
0 0 0 0 0 0 0 0 0 0 0 0 0 0 0 0 0 0 0 0 0 0 0 0
0 0 0 0 0 2 0 0 0 0 0 0 0 0 0 0 0 0 0 0 0 0 0 0
0 0 0 0 2 1 2 0 0 0 0 0 0 0 0 0 0 0 0 0 0 0 0 0
0 0 0 0 0 2 0 0 0 0 0 0 0 0 0 0 0 0 0 0 0 0 0 0
0 0 0 0 0 0 0 0 0 0 0 0 0 0 0 0 0 0 0 0 0 0 0 0
0 0 0 0 0 0 0 0 0 0 0 0 0 0 0 0 0 0 0 0 0 0 0 0
0 4 4 4 4 4 4 4 4 4 4 4 4 4 4 4 0 0 0 0 0 0 0 0
0 4 4 4 4 4 4 4 4 4 4 4 4 4 4 4 0 0 0 2 2 0 0 0
0 4 4 4 1 4 4 4 4 4 4 4 4 7 4 4 0 0 0 0 8 2 0 0
0 4 4 4 4 4 4 4 4 4 4 4 4 4 4 4 0 0 0 0 2 2 0 0
0 4 4 4 4 4 4 4 4 4 4 4 4 4 4 4 0 0 0 0 0 0 0 0
0 4 4 4 4 4 4 4 4 4 6 4 4 4 4 4 0 0 0 0 0 0 0 0
0 4 4 4 4 4 4 4 4 4 4 4 4 4 4 4 0 0 0 0 0 0 0 0
0 4 3 4 4 4 4 4 4 4 4 4 4 4 8 4 0 0 0 0 0 0 0 0
0 4 4 4 4 4 4 4 4 4 4 4 4 4 4 4 0 0 0 0 0 0 0 0
0 0 0 0 0 0 0 0 0 0 0 0 0 0 0 0 0 0 0 0 0 0 0 0
0 0 0 0 0 0 0 0 0 0 0 0 0 0 0 0 0 0 0 0 0 0 0 0
0 0 0 0 0 0 0 2 2 0 0 0 0 0 0 0 0 0 0 0 0 0 0 0
0 0 0 0 0 0 2 3 2 0 0 0 0 0 0 0 0 0 0 0 0 0 0 0
0 0 0 0 0 0 2 2 0 0 0 0 0 0 0 0 0 0 0 0 0 0 0 0
0 0 0 0 0 0 0 0 0 0 0 0 0 0 0 0 0 0 0 0 0 0 0 0
