Example 1 input (10x11):
0 0 0 0 0 0 0 0 0 0 0
0 0 0 0 0 0 0 0 0 0 0
0 0 8 8 8 8 8 0 0 0 0
0 0 8 0 0 0 8 0 0 0 0
0 0 8 0 0 0 8 0 0 0 0
0 0 8 0 0 0 8 0 0 0 0
0 0 8 8 8 8 8 0 0 0 0
0 0 0 0 0 0 0 0 0 0 0
0 0 0 0 0 0 0 0 0 0 0
0 0 0 0 0 0 0 0 0 0 0

Example 1 output (10x11):
0 0 0 0 0 0 0 0 0 0 0
0 0 0 0 0 0 0 0 0 0 0
8 8 8 0 0 0 0 0 0 0 0
0 0 0 8 0 0 0 0 0 0 0
8 0 0 0 8 0 0 0 0 0 0
0 8 0 0 0 8 0 0 0 0 0
0 0 8 8 8 8 8 0 0 0 0
0 0 0 0 0 0 0 0 0 0 0
0 0 0 0 0 0 0 0 0 0 0
0 0 0 0 0 0 0 0 0 0 0

Example 2 input (10x11):
0 0 0 0 0 0 0 0 0 0 0
0 0 0 0 0 0 0 0 0 0 0
0 0 0 0 0 0 0 0 0 0 0
0 0 0 0 6 6 6 0 0 0 0
0 0 0 0 6 0 6 0 0 0 0
0 0 0 0 6 0 6 0 0 0 0
0 0 0 0 6 0 6 0 0 0 0
0 0 0 0 6 6 6 0 0 0 0
0 0 0 0 0 0 0 0 0 0 0
0 0 0 0 0 0 0 0 0 0 0

Example 2 output (10x11):
0 0 0 0 0 0 0 0 0 0 0
0 0 0 0 0 0 0 0 0 0 0
0 0 0 0 0 0 0 0 0 0 0
6 6 6 0 0 0 0 0 0 0 0
0 6 0 6 0 0 0 0 0 0 0
0 0 6 0 6 0 0 0 0 0 0
0 0 0 6 0 6 0 0 0 0 0
0 0 0 0 6 6 6 0 0 0 0
0 0 0 0 0 0 0 0 0 0 0
0 0 0 0 0 0 0 0 0 0 0

Example 3 input (10x13):
0 0 0 0 0 0 0 0 0 0 0 0 0
0 0 0 0 0 0 0 0 0 0 0 0 0
0 0 0 0 0 0 0 0 0 0 0 0 0
0 0 0 0 0 0 0 3 3 3 0 0 0
0 0 0 0 0 0 0 3 0 3 0 0 0
0 0 0 0 0 0 3 3 0 3 3 0 0
0 0 0 0 0 0 3 0 0 0 3 0 0
0 0 0 0 0 0 3 3 3 3 3 0 0
0 0 0 0 0 0 0 0 0 0 0 0 0
0 0 0 0 0 0 0 0 0 0 0 0 0

Example 3 output (10x13):
0 0 0 0 0 0 0 0 0 0 0 0 0
0 0 0 0 0 0 0 0 0 0 0 0 0
0 0 0 0 0 0 0 0 0 0 0 0 0
0 0 0 3 3 3 0 0 0 0 0 0 0
0 0 0 0 3 0 3 0 0 0 0 0 0
0 0 0 0 3 3 0 3 3 0 0 0 0
0 0 0 0 0 3 0 0 0 3 0 0 0
0 0 0 0 0 0 3 3 3 3 3 0 0
0 0 0 0 0 0 0 0 0 0 0 0 0
0 0 0 0 0 0 0 0 0 0 0 0 0

Example 4 input (11x13):
0 0 0 0 0 0 0 0 0 0 0 0 0
0 0 0 0 0 0 0 0 0 0 0 0 0
0 0 0 0 0 0 0 0 0 0 0 0 0
0 0 0 0 2 2 2 2 2 0 0 0 0
0 0 0 0 2 0 0 0 2 0 0 0 0
0 0 0 0 2 2 0 0 2 0 0 0 0
0 0 0 0 0 2 0 0 2 2 0 0 0
0 0 0 0 0 2 0 0 0 2 0 0 0
0 0 0 0 0 2 2 2 2 2 0 0 0
0 0 0 0 0 0 0 0 0 0 0 0 0
0 0 0 0 0 0 0 0 0 0 0 0 0

Example 4 output (11x13):
0 0 0 0 0 0 0 0 0 0 0 0 0
0 0 0 0 0 0 0 0 0 0 0 0 0
0 0 0 0 0 0 0 0 0 0 0 0 0
2 2 2 2 0 0 0 0 0 0 0 0 0
2 0 0 0 2 0 0 0 0 0 0 0 0
0 2 2 0 0 2 0 0 0 0 0 0 0
0 0 0 2 0 0 2 2 0 0 0 0 0
0 0 0 0 2 0 0 0 2 0 0 0 0
0 0 0 0 0 2 2 2 2 2 0 0 0
0 0 0 0 0 0 0 0 0 0 0 0 0
0 0 0 0 0 0 0 0 0 0 0 0 0

Example 5 input (7x7):
0 0 0 0 0 0 0
0 8 8 8 0 0 0
0 8 8 8 0 0 0
0 0 0 0 0 0 0
0 0 0 0 0 0 0
0 0 0 0 0 0 0
0 0 0 0 0 0 0

Example 5 output (7x7):
0 0 0 0 0 0 0
8 8 8 0 0 0 0
0 8 8 8 0 0 0
0 0 0 0 0 0 0
0 0 0 0 0 0 0
0 0 0 0 0 0 0
0 0 0 0 0 0 0

Test input (11x13):
0 0 0 0 0 0 0 0 0 0 0 0 0
0 0 0 0 0 0 0 0 0 0 0 0 0
0 0 0 0 0 0 0 0 0 0 0 0 0
0 0 0 0 0 0 7 7 7 0 0 0 0
0 0 0 0 7 7 7 0 7 0 0 0 0
0 0 0 0 7 0 0 0 7 0 0 0 0
0 0 0 0 7 7 0 0 7 0 0 0 0
0 0 0 0 0 7 0 0 7 7 0 0 0
0 0 0 0 0 7 0 0 0 7 0 0 0
0 0 0 0 0 7 7 7 7 7 0 0 0
0 0 0 0 0 0 0 0 0 0 0 0 0
