Example 1 input (7x11):
2 2 2 0 2 2 2 0 2 2 2
2 0 2 0 2 2 2 0 2 0 2
2 2 2 0 2 2 2 0 2 2 2
2 0 2 0 2 2 2 0 2 0 2
2 2 2 0 2 2 2 0 2 2 2
2 2 2 0 2 0 2 0 2 0 2
2 2 2 0 2 2 2 0 2 2 2

Example 1 output (7x11):
2 2 2 0 2 2 2 0 2 2 2
2 2 2 0 2 0 2 0 2 0 2
2 2 2 0 2 2 2 0 2 2 2
2 2 2 0 2 0 2 0 2 0 2
2 2 2 0 2 2 2 0 2 2 2
2 0 2 0 2 2 2 0 2 0 2
2 2 2 0 2 2 2 0 2 2 2

Example 2 input (9x15):
2 2 2 0 2 2 2 0 2 2 2 0 2 2 2
2 2 2 0 2 0 2 0 2 0 2 0 2 2 2
2 2 2 0 2 2 2 0 2 2 2 0 2 2 2
2 2 2 0 2 0 2 0 2 0 2 0 2 0 2
2 2 2 0 2 2 2 0 2 2 2 0 2 2 2
2 0 2 0 2 0 2 0 2 0 2 0 2 2 2
2 2 2 0 2 2 2 0 2 2 2 0 2 2 2
2 0 2 0 2 2 2 0 2 0 2 0 2 2 2
2 2 2 0 2 2 2 0 2 2 2 0 2 2 2

Example 2 output (9x15):
2 2 2 0 2 2 2 0 2 2 2 0 2 2 2
2 2 2 0 2 2 2 0 2 0 2 0 2 0 2
2 2 2 0 2 2 2 0 2 2 2 0 2 2 2
2 0 2 0 2 2 2 0 2 0 2 0 2 0 2
2 2 2 0 2 2 2 0 2 2 2 0 2 2 2
2 2 2 0 2 0 2 0 2 0 2 0 2 0 2
2 2 2 0 2 2 2 0 2 2 2 0 2 2 2
2 2 2 0 2 0 2 0 2 2 2 0 2 0 2
2 2 2 0 2 2 2 0 2 2 2 0 2 2 2

Example 3 input (9x15):
2 2 2 0 2 2 2 0 2 2 2 0 2 2 2
2 2 2 0 2 0 2 0 2 2 2 0 2 0 2
2 2 2 0 2 2 2 0 2 2 2 0 2 2 2
2 2 2 0 2 0 2 0 2 0 2 0 2 0 2
2 2 2 0 2 2 2 0 2 2 2 0 2 2 2
2 0 2 0 2 2 2 0 2 0 2 0 2 0 2
2 2 2 0 2 2 2 0 2 2 2 0 2 2 2
2 2 2 0 2 0 2 0 2 2 2 0 2 0 2
2 2 2 0 2 2 2 0 2 2 2 0 2 2 2

Example 3 output (9x15):
2 2 2 0 2 2 2 0 2 2 2 0 2 2 2
2 2 2 0 2 2 2 0 2 0 2 0 2 0 2
2 2 2 0 2 2 2 0 2 2 2 0 2 2 2
2 2 2 0 2 0 2 0 2 0 2 0 2 0 2
2 2 2 0 2 2 2 0 2 2 2 0 2 2 2
2 0 2 0 2 0 2 0 2 2 2 0 2 0 2
2 2 2 0 2 2 2 0 2 2 2 0 2 2 2
2 2 2 0 2 2 2 0 2 0 2 0 2 0 2
2 2 2 0 2 2 2 0 2 2 2 0 2 2 2

Test input (11x19):
2 2 2 0 2 2 2 0 2 2 2 0 2 2 2 0 2 2 2
2 2 2 0 2 2 2 0 2 0 2 0 2 0 2 0 2 0 2
2 2 2 0 2 2 2 0 2 2 2 0 2 2 2 0 2 2 2
2 2 2 0 2 2 2 0 2 2 2 0 2 0 2 0 2 2 2
2 2 2 0 2 2 2 0 2 2 2 0 2 2 2 0 2 2 2
2 0 2 0 2 2 2 0 2 0 2 0 2 0 2 0 2 0 2
2 2 2 0 2 2 2 0 2 2 2 0 2 2 2 0 2 2 2
2 2 2 0 2 0 2 0 2 0 2 0 2 0 2 0 2 0 2
2 2 2 0 2 2 2 0 2 2 2 0 2 2 2 0 2 2 2
2 0 2 0 2 2 2 0 2 2 2 0 2 0 2 0 2 0 2
2 2 2 0 2 2 2 0 2 2 2 0 2 2 2 0 2 2 2
