Example 1 input (16x12):
8 8 8 8 8 8 8 8 8 8 8 8
8 8 6 6 6 6 8 8 8 8 8 8
8 8 6 6 6 6 8 8 8 8 8 8
8 8 6 6 6 6 6 6 6 8 8 8
8 8 6 6 6 6 6 6 6 8 8 8
8 8 3 3 3 3 3 3 3 8 8 8
8 8 3 3 3 3 3 3 3 8 8 8
8 8 3 3 3 3 3 3 3 8 8 8
8 8 3 3 3 3 3 3 3 8 8 8
8 8 3 3 3 8 8 3 3 8 8 8
8 8 8 8 8 8 8 8 8 8 8 8
8 8 8 8 8 8 8 8 8 8 8 8
8 8 8 8 8 8 8 8 8 8 8 8
8 8 8 8 8 8 8 8 8 8 8 8
8 8 8 8 8 8 8 8 8 8 8 8
8 8 8 8 8 8 8 8 8 8 8 8

Example 1 output (16x12):
8 8 8 8 8 8 8 8 8 8 8 8
8 6 6 6 6 8 8 8 8 8 8 8
8 6 6 6 6 8 8 8 8 8 8 8
8 6 6 6 6 6 6 6 8 8 8 8
8 6 6 6 6 6 6 6 8 8 8 8
8 8 8 3 3 3 3 3 3 3 8 8
8 8 8 3 3 3 3 3 3 3 8 8
8 8 8 3 3 3 3 3 3 3 8 8
8 8 8 3 3 3 3 3 3 3 8 8
8 8 8 3 3 3 8 8 3 3 8 8
8 8 8 8 8 8 8 8 8 8 8 8
8 8 8 8 8 8 8 8 8 8 8 8
8 8 8 8 8 8 8 8 8 8 8 8
8 8 8 8 8 8 8 8 8 8 8 8
8 8 8 8 8 8 8 8 8 8 8 8
8 8 8 8 8 8 8 8 8 8 8 8

Example 2 input (12x12):
1 1 1 1 1 1 1 1 1 1 1 1
1 1 1 1 1 1 1 1 1 1 1 1
1 1 4 1 1 1 4 4 4 1 1 1
1 1 4 1 1 1 4 4 4 1 1 1
1 1 4 4 4 4 4 4 4 1 1 1
1 1 4 4 4 4 4 4 4 1 1 1
1 1 2 2 2 2 2 2 2 1 1 1
1 1 2 2 2 2 1 1 2 1 1 1
1 1 1 1 1 1 1 1 1 1 1 1
1 1 1 1 1 1 1 1 1 1 1 1
1 1 1 1 1 1 1 1 1 1 1 1
1 1 1 1 1 1 1 1 1 1 1 1

Example 2 output (12x12):
1 1 1 1 1 1 1 1 1 1 1 1
1 1 1 1 1 1 1 1 1 1 1 1
1 4 1 1 1 4 4 4 1 1 1 1
1 4 1 1 1 4 4 4 1 1 1 1
1 4 4 4 4 4 4 4 1 1 1 1
1 4 4 4 4 4 4 4 1 1 1 1
1 1 1 2 2 2 2 2 2 2 1 1
1 1 1 2 2 2 2 1 1 2 1 1
1 1 1 1 1 1 1 1 1 1 1 1
1 1 1 1 1 1 1 1 1 1 1 1
1 1 1 1 1 1 1 1 1 1 1 1
1 1 1 1 1 1 1 1 1 1 1 1

Example 3 input (12x13):
3 3 3 3 3 3 3 3 3 3 3 3 3
3 3 3 3 3 3 3 3 3 3 3 3 3
3 3 3 3 3 3 3 2 2 2 3 3 3
3 3 3 3 3 3 3 7 7 7 3 3 3
3 3 3 3 3 3 3 3 3 3 3 3 3
3 8 8 3 3 3 3 3 3 3 3 3 3
3 8 8 3 3 3 3 3 3 3 3 3 3
3 8 8 8 8 3 3 3 3 3 3 3 3
3 8 8 8 8 3 3 3 3 3 3 3 3
3 8 8 8 8 3 3 3 3 3 3 3 3
3 6 6 6 6 3 3 3 3 3 3 3 3
3 6 6 6 6 3 3 3 3 3 3 3 3

Example 3 output (12x13):
3 3 3 3 3 3 3 3 3 3 3 3 3
3 3 3 3 3 3 3 3 3 3 3 3 3
3 3 3 3 3 3 2 2 2 3 3 3 3
3 3 3 3 3 3 3 3 7 7 7 3 3
3 3 3 3 3 3 3 3 3 3 3 3 3
8 8 3 3 3 3 3 3 3 3 3 3 3
8 8 3 3 3 3 3 3 3 3 3 3 3
8 8 8 8 3 3 3 3 3 3 3 3 3
8 8 8 8 3 3 3 3 3 3 3 3 3
8 8 8 8 3 3 3 3 3 3 3 3 3
3 3 6 6 6 6 3 3 3 3 3 3 3
3 3 6 6 6 6 3 3 3 3 3 3 3

Test input (14x13):
8 8 8 8 8 8 8 8 8 8 8 8 8
8 8 1 8 8 1 8 8 8 8 8 8 8
8 8 1 1 1 1 8 8 8 8 8 8 8
8 8 1 1 1 1 8 8 8 8 8 8 8
8 8 2 2 2 2 8 8 8 8 8 8 8
8 8 8 8 8 8 8 8 8 8 8 8 8
8 8 8 8 8 8 8 8 8 8 8 8 8
8 8 8 8 8 8 8 8 8 8 8 8 8
8 8 8 8 8 8 8 8 8 8 8 8 8
8 8 8 8 8 8 2 2 2 8 8 8 8
8 8 8 8 8 8 2 2 2 8 8 8 8
8 8 8 8 8 8 4 4 4 8 8 8 8
8 8 8 8 8 8 4 8 4 8 8 8 8
8 8 8 8 8 8 8 8 8 8 8 8 8
