Example 1 input (19x19):
0 0 0 0 0 0 2 2 2 0 0 2 2 2 0 0 2 2 2
0 0 0 0 0 0 2 0 0 0 0 2 0 0 0 0 2 0 0
0 0 0 0 0 2 2 2 0 0 2 2 2 0 0 2 2 2 0
0 0 0 0 0 2 2 0 0 0 2 2 0 0 0 2 2 0 0
0 0 0 0 0 0 0 0 0 0 0 0 0 0 0 0 0 0 0
3 3 3 3 3 3 3 3 3 3 3 3 3 3 3 3 3 3 3
3 3 3 3 3 3 3 3 3 3 3 3 3 3 3 3 3 3 3
3 3 3 3 3 3 3 3 3 3 3 3 3 3 3 3 3 3 3
3 3 3 3 3 3 3 3 3 3 3 3 3 3 3 3 3 3 3
0 0 0 0 0 0 0 0 0 0 0 0 0 0 0 0 0 0 0
0 2 2 2 0 0 2 2 2 0 0 2 2 2 0 0 0 0 0
0 2 0 0 0 0 2 0 0 0 0 2 0 0 0 0 0 0 0
2 2 2 0 0 2 2 2 0 0 2 2 2 0 0 0 0 0 0
2 2 0 0 0 2 2 0 0 0 2 2 0 0 0 0 0 0 0
0 0 0 0 0 0 0 0 0 0 0 0 0 0 0 0 0 0 0
0 2 2 2 0 0 2 2 2 0 0 0 0 0 0 0 0 0 0
0 2 0 0 0 0 2 0 0 0 0 0 0 0 0 0 0 0 0
2 2 2 0 0 2 2 2 0 0 0 0 0 0 0 0 0 0 0
2 2 0 0 0 2 2 0 0 0 0 0 0 0 0 0 0 0 0

Example 1 output (19x19):
0 0 0 0 0 0 8 2 2 0 0 2 8 2 0 0 2 2 8
0 0 0 0 0 0 2 0 0 0 0 2 0 0 0 0 2 0 0
0 0 0 0 0 2 2 2 0 0 2 2 2 0 0 2 2 2 0
0 0 0 0 0 2 2 0 0 0 2 2 0 0 0 2 2 0 0
0 0 0 0 0 0 0 0 0 0 0 0 0 0 0 0 0 0 0
0 0 0 0 0 0 2 2 2 0 0 0 0 0 0 0 0 0 0
0 0 0 0 0 0 8 0 0 0 0 0 0 0 0 0 0 0 0
0 0 0 0 0 2 2 2 0 0 0 0 0 0 0 0 0 0 0
0 0 0 0 0 2 2 0 0 0 0 0 0 0 0 0 0 0 0
0 0 0 0 0 0 0 0 0 0 0 0 0 0 0 0 0 0 0
0 2 2 2 0 0 2 2 2 0 0 2 2 2 0 0 0 0 0
0 2 0 0 0 0 2 0 0 0 0 2 0 0 0 0 0 0 0
8 2 2 0 0 2 8 2 0 0 2 2 8 0 0 0 0 0 0
2 2 0 0 0 2 2 0 0 0 2 2 0 0 0 0 0 0 0
0 0 0 0 0 0 0 0 0 0 0 0 0 0 0 0 0 0 0
0 2 2 2 0 0 2 2 2 0 0 0 0 0 0 0 0 0 0
0 2 0 0 0 0 2 0 0 0 0 0 0 0 0 0 0 0 0
2 2 2 0 0 2 2 2 0 0 0 0 0 0 0 0 0 0 0
8 2 0 0 0 2 8 0 0 0 0 0 0 0 0 0 0 0 0

Example 2 input (11x11):
2 2 0 0 2 2 0 0 3 3 3
2 0 2 0 2 0 2 0 3 3 3
0 2 0 0 0 2 0 0 3 3 3
0 0 0 0 0 0 0 0 3 3 3
2 2 0 0 0 0 0 0 3 3 3
2 0 2 0 0 0 0 0 3 3 3
0 2 0 0 0 0 0 0 3 3 3
0 0 0 0 0 0 0 0 3 3 3
0 0 0 0 2 2 0 0 3 3 3
0 0 0 0 2 0 2 0 3 3 3
0 0 0 0 0 2 0 0 3 3 3

Example 2 output (11x11):
8 2 0 0 2 8 0 0 0 0 0
2 0 2 0 2 0 2 0 0 0 0
0 2 0 0 0 2 0 0 0 0 0
0 0 0 0 0 0 0 0 0 0 0
2 2 0 0 0 0 0 0 2 2 0
8 0 2 0 0 0 0 0 2 0 8
0 2 0 0 0 0 0 0 0 2 0
0 0 0 0 0 0 0 0 0 0 0
0 0 0 0 2 2 0 0 0 0 0
0 0 0 0 2 0 2 0 0 0 0
0 0 0 0 0 8 0 0 0 0 0

Example 3 input (11x11):
2 0 2 0 0 0 0 0 3 3 3
0 2 0 0 0 0 0 0 3 3 3
2 2 0 0 0 0 0 0 3 3 3
0 0 0 0 0 0 0 0 3 3 3
0 0 0 0 2 0 2 0 3 3 3
0 0 0 0 0 2 0 0 3 3 3
0 0 0 0 2 2 0 0 3 3 3
0 0 0 0 0 0 0 0 3 3 3
2 0 2 0 2 0 2 0 3 3 3
0 2 0 0 0 2 0 0 3 3 3
2 2 0 0 2 2 0 0 3 3 3

Example 3 output (11x11):
8 0 2 0 0 0 0 0 2 0 8
0 2 0 0 0 0 0 0 0 2 0
2 2 0 0 0 0 0 0 2 2 0
0 0 0 0 0 0 0 0 0 0 0
0 0 0 0 2 0 2 0 0 0 0
0 0 0 0 0 8 0 0 0 0 0
0 0 0 0 2 2 0 0 0 0 0
0 0 0 0 0 0 0 0 0 0 0
2 0 2 0 2 0 2 0 0 0 0
0 2 0 0 0 2 0 0 0 0 0
8 2 0 0 2 8 0 0 0 0 0

Test input (19x19):
2 2 2 2 0 2 2 2 2 0 2 2 2 2 0 2 2 2 2
2 0 0 0 0 2 0 0 0 0 2 0 0 0 0 2 0 0 0
2 0 0 2 0 2 0 0 2 0 2 0 0 2 0 2 0 0 2
2 0 2 2 0 2 0 2 2 0 2 0 2 2 0 2 0 2 2
0 0 0 0 0 0 0 0 0 0 0 0 0 0 0 0 0 0 0
2 2 2 2 0 0 0 0 0 0 0 0 0 0 0 0 0 0 0
2 0 0 0 0 0 0 0 0 0 0 0 0 0 0 0 0 0 0
2 0 0 2 0 0 0 0 0 0 0 0 0 0 0 0 0 0 0
2 0 2 2 0 0 0 0 0 0 0 0 0 0 0 0 0 0 0
0 0 0 0 0 0 0 0 0 0 0 0 0 0 0 0 0 0 0
3 3 3 3 3 3 3 3 3 3 3 3 3 3 3 3 3 3 3
3 3 3 3 3 3 3 3 3 3 3 3 3 3 3 3 3 3 3
3 3 3 3 3 3 3 3 3 3 3 3 3 3 3 3 3 3 3
3 3 3 3 3 3 3 3 3 3 3 3 3 3 3 3 3 3 3
0 0 0 0 0 0 0 0 0 0 0 0 0 0 0 0 0 0 0
2 2 2 2 0 0 0 0 0 0 2 2 2 2 0 2 2 2 2
2 0 0 0 0 0 0 0 0 0 2 0 0 0 0 2 0 0 0
2 0 0 2 0 0 0 0 0 0 2 0 0 2 0 2 0 0 2
2 0 2 2 0 0 0 0 0 0 2 0 2 2 0 2 0 2 2
