Example 1 input (13x10):
0 0 0 0 0 0 0 0 0 0
0 8 8 4 0 0 0 0 0 0
0 4 8 4 0 0 0 0 0 0
0 8 8 4 0 0 0 0 0 0
0 0 0 0 0 0 3 2 2 0
0 0 0 0 0 0 3 3 2 0
0 0 0 0 0 0 3 2 2 0
0 0 0 0 0 0 0 0 0 0
0 0 3 6 3 0 0 0 0 0
0 0 3 6 3 0 0 0 0 0
0 0 3 3 3 0 0 0 0 0
0 0 0 0 0 0 0 0 0 0
0 0 0 0 0 0 0 0 0 0

Example 1 output (13x10):
0 0 0 0 0 0 0 0 0 0
0 4 4 8 0 0 0 0 0 0
0 8 4 8 0 0 0 0 0 0
0 4 4 8 0 0 0 0 0 0
0 0 0 0 0 0 2 3 3 0
0 0 0 0 0 0 2 2 3 0
0 0 0 0 0 0 2 3 3 0
0 0 0 0 0 0 0 0 0 0
0 0 6 3 6 0 0 0 0 0
0 0 6 3 6 0 0 0 0 0
0 0 6 6 6 0 0 0 0 0
0 0 0 0 0 0 0 0 0 0
0 0 0 0 0 0 0 0 0 0

Example 2 input (7x7):
0 0 0 0 0 0 0
0 5 8 5 0 0 0
0 5 8 5 0 0 0
0 8 8 8 0 0 0
0 0 0 0 0 0 0
0 0 0 0 0 0 0
0 0 0 0 0 0 0

Example 2 output (7x7):
0 0 0 0 0 0 0
0 8 5 8 0 0 0
0 8 5 8 0 0 0
0 5 5 5 0 0 0
0 0 0 0 0 0 0
0 0 0 0 0 0 0
0 0 0 0 0 0 0

Example 3 input (12x12):
0 0 0 0 0 0 0 0 0 0 0 0
0 1 1 1 0 0 0 0 0 0 0 0
0 8 1 8 0 0 0 3 2 3 0 0
0 8 8 8 0 0 0 2 2 2 0 0
0 0 0 0 0 0 0 2 3 2 0 0
0 0 0 0 0 0 0 0 0 0 0 0
0 0 0 6 1 1 0 0 0 0 0 0
0 0 0 1 6 6 0 0 0 0 0 0
0 0 0 1 6 6 0 0 4 4 5 0
0 0 0 0 0 0 0 0 4 5 5 0
0 0 0 0 0 0 0 0 5 5 5 0
0 0 0 0 0 0 0 0 0 0 0 0

Example 3 output (12x12):
0 0 0 0 0 0 0 0 0 0 0 0
0 8 8 8 0 0 0 0 0 0 0 0
0 1 8 1 0 0 0 2 3 2 0 0
0 1 1 1 0 0 0 3 3 3 0 0
0 0 0 0 0 0 0 3 2 3 0 0
0 0 0 0 0 0 0 0 0 0 0 0
0 0 0 1 6 6 0 0 0 0 0 0
0 0 0 6 1 1 0 0 0 0 0 0
0 0 0 6 1 1 0 0 5 5 4 0
0 0 0 0 0 0 0 0 5 4 4 0
0 0 0 0 0 0 0 0 4 4 4 0
0 0 0 0 0 0 0 0 0 0 0 0

Test input (8x9):
0 0 0 0 0 0 0 0 0
0 3 2 2 0 0 0 0 0
0 3 3 2 0 0 0 0 0
0 3 2 2 0 0 0 0 0
0 0 0 0 0 6 6 6 0
0 0 0 0 0 1 1 1 0
0 0 0 0 0 1 6 6 0
0 0 0 0 0 0 0 0 0
