Example 1 input (16x16):
0 0 0 0 0 0 0 0 0 0 0 0 0 0 0 0
0 0 0 0 0 0 0 0 0 0 0 0 0 0 0 0
0 0 0 0 8 0 0 0 0 0 0 0 0 0 0 0
0 0 0 0 0 0 0 0 0 0 0 0 0 0 0 0
0 0 0 0 0 0 0 0 0 0 0 0 0 0 0 0
0 0 0 0 0 0 0 0 0 0 0 0 0 0 0 0
0 0 0 0 0 0 0 0 0 0 0 0 0 0 0 0
0 0 0 0 0 0 0 0 0 0 0 0 0 0 0 0
0 0 0 0 0 0 0 0 0 0 0 0 0 0 0 0
0 0 0 0 0 0 0 0 0 0 5 0 0 0 0 0
0 0 0 0 0 0 0 0 0 0 0 0 0 0 0 0
0 0 0 0 0 0 0 0 0 0 0 0 0 0 0 0
0 0 0 0 0 0 0 0 0 0 0 0 0 0 0 0
0 0 0 0 0 0 0 0 0 0 0 0 0 0 0 0
0 0 0 0 0 0 0 0 0 0 0 0 0 0 0 0
0 0 0 0 0 0 0 0 0 0 0 0 0 0 0 0

Example 1 output (16x16):
0 0 0 0 8 0 0 0 0 0 5 0 0 0 0 0
0 0 0 0 8 0 0 0 0 0 5 0 0 0 0 0
8 8 8 8 8 8 8 8 8 8 2 8 8 8 8 8
0 0 0 0 8 0 0 0 0 0 5 0 0 0 0 0
0 0 0 0 8 0 0 0 0 0 5 0 0 0 0 0
0 0 0 0 8 0 0 0 0 0 5 0 0 0 0 0
0 0 0 0 8 0 0 0 0 0 5 0 0 0 0 0
0 0 0 0 8 0 0 0 0 0 5 0 0 0 0 0
0 0 0 0 8 0 0 0 0 0 5 0 0 0 0 0
5 5 5 5 2 5 5 5 5 5 5 5 5 5 5 5
0 0 0 0 8 0 0 0 0 0 5 0 0 0 0 0
0 0 0 0 8 0 0 0 0 0 5 0 0 0 0 0
0 0 0 0 8 0 0 0 0 0 5 0 0 0 0 0
0 0 0 0 8 0 0 0 0 0 5 0 0 0 0 0
0 0 0 0 8 0 0 0 0 0 5 0 0 0 0 0
0 0 0 0 8 0 0 0 0 0 5 0 0 0 0 0

Example 2 input (14x14):
0 0 0 0 0 0 0 0 0 0 0 0 0 0
0 0 0 0 0 0 0 0 0 0 0 0 0 0
0 0 0 0 0 0 0 0 0 0 0 0 0 0
0 0 0 0 0 0 0 0 0 0 0 0 0 0
0 0 0 0 0 0 0 0 0 0 0 0 0 0
0 0 0 0 0 0 0 0 0 3 0 0 0 0
0 0 0 0 0 0 0 0 0 0 0 0 0 0
0 0 0 0 0 0 0 0 0 0 0 0 0 0
0 0 0 0 0 0 0 0 0 0 0 0 0 0
0 0 0 0 0 0 0 0 0 0 0 0 0 0
0 0 0 4 0 0 0 0 0 0 0 0 0 0
0 0 0 0 0 0 0 0 0 0 0 0 0 0
0 0 0 0 0 0 0 0 0 0 0 0 0 0
0 0 0 0 0 0 0 0 0 0 0 0 0 0

Example 2 output (14x14):
0 0 0 4 0 0 0 0 0 3 0 0 0 0
0 0 0 4 0 0 0 0 0 3 0 0 0 0
0 0 0 4 0 0 0 0 0 3 0 0 0 0
0 0 0 4 0 0 0 0 0 3 0 0 0 0
0 0 0 4 0 0 0 0 0 3 0 0 0 0
3 3 3 2 3 3 3 3 3 3 3 3 3 3
0 0 0 4 0 0 0 0 0 3 0 0 0 0
0 0 0 4 0 0 0 0 0 3 0 0 0 0
0 0 0 4 0 0 0 0 0 3 0 0 0 0
0 0 0 4 0 0 0 0 0 3 0 0 0 0
4 4 4 4 4 4 4 4 4 2 4 4 4 4
0 0 0 4 0 0 0 0 0 3 0 0 0 0
0 0 0 4 0 0 0 0 0 3 0 0 0 0
0 0 0 4 0 0 0 0 0 3 0 0 0 0

Example 3 input (13x13):
0 0 0 0 0 0 0 0 0 0 0 0 0
0 0 0 0 0 0 0 0 0 0 0 0 0
0 0 0 0 0 0 0 0 0 0 0 3 0
0 0 0 0 0 0 0 0 0 0 0 0 0
0 0 5 0 0 0 0 0 0 0 0 0 0
0 0 0 0 0 0 0 0 0 0 0 0 0
0 0 0 0 0 0 0 0 0 0 0 0 0
0 0 0 0 0 0 0 0 0 0 0 0 0
0 0 0 0 0 0 0 0 0 0 0 0 0
0 0 0 0 0 0 0 0 0 0 0 0 0
0 0 0 0 0 0 0 0 0 0 0 0 0
0 0 0 0 0 0 0 7 0 0 0 0 0
0 0 0 0 0 0 0 0 0 0 0 0 0

Example 3 output (13x13):
0 0 5 0 0 0 0 7 0 0 0 3 0
0 0 5 0 0 0 0 7 0 0 0 3 0
3 3 2 3 3 3 3 2 3 3 3 3 3
0 0 5 0 0 0 0 7 0 0 0 3 0
5 5 5 5 5 5 5 2 5 5 5 2 5
0 0 5 0 0 0 0 7 0 0 0 3 0
0 0 5 0 0 0 0 7 0 0 0 3 0
0 0 5 0 0 0 0 7 0 0 0 3 0
0 0 5 0 0 0 0 7 0 0 0 3 0
0 0 5 0 0 0 0 7 0 0 0 3 0
0 0 5 0 0 0 0 7 0 0 0 3 0
7 7 2 7 7 7 7 7 7 7 7 2 7
0 0 5 0 0 0 0 7 0 0 0 3 0

Test input (15x15):
0 0 0 0 0 0 0 0 0 0 0 0 0 0 0
0 0 0 0 0 0 0 0 0 0 0 0 0 0 0
0 0 0 8 0 0 0 0 0 0 0 0 0 0 0
0 0 0 0 0 0 0 0 0 0 0 0 0 0 0
0 0 0 0 0 0 0 0 0 0 0 0 0 0 0
0 0 0 0 0 0 0 0 0 0 0 0 0 0 0
0 0 0 0 0 0 0 0 0 0 4 0 0 0 0
0 0 0 0 0 0 0 0 0 0 0 0 0 0 0
0 0 0 0 0 0 0 0 0 0 0 0 0 0 0
0 0 0 0 0 0 0 0 0 0 0 0 0 0 0
0 0 0 0 0 0 0 0 0 0 0 0 0 0 0
0 0 0 0 0 0 0 0 0 0 0 0 0 0 0
0 0 0 0 0 0 1 0 0 0 0 0 0 0 0
0 0 0 0 0 0 0 0 0 0 0 0 0 0 0
0 0 0 0 0 0 0 0 0 0 0 0 0 0 0
