Example 1 input (9x9):
0 0 0 0 0 0 0 0 0
0 0 8 8 0 0 0 0 0
0 8 8 8 0 0 4 0 0
0 0 8 0 0 0 0 0 0
0 0 0 0 0 0 0 0 0
0 0 0 0 0 0 4 0 0
0 0 0 0 0 0 0 0 0
0 0 0 0 0 0 0 0 0
0 0 0 0 0 0 0 0 0

Example 1 output (3x6):
0 8 8 0 8 8
8 8 8 8 8 8
0 8 0 0 8 0

Example 2 input (9x9):
0 0 0 0 0 0 0 0 0
0 0 0 0 0 0 0 0 0
0 0 0 0 4 0 0 0 0
0 0 0 0 0 0 0 0 0
0 0 0 0 0 0 0 0 0
0 0 8 0 0 0 0 0 0
0 8 8 0 0 0 0 0 0
0 0 8 8 0 0 0 0 0
0 0 0 0 0 0 0 0 0

Example 2 output (3x3):
0 8 0
8 8 0
0 8 8

Example 3 input (9x9):
0 0 0 0 0 0 0 0 0
0 0 0 0 0 4 0 0 0
0 0 0 0 0 0 0 0 0
0 8 8 8 0 0 0 0 0
0 0 8 0 0 0 0 0 0
0 0 0 0 0 0 4 0 0
0 0 0 0 0 0 0 0 0
0 0 0 4 0 0 0 0 0
0 0 0 0 0 0 0 0 0

Example 3 output (3x9):
0 0 0 0 0 0 0 0 0
8 8 8 8 8 8 8 8 8
0 8 0 0 8 0 0 8 0

Example 4 input (9x9):
0 0 0 0 0 4 0 0 0
0 0 8 0 0 0 0 0 0
8 8 0 0 0 0 0 0 0
8 8 0 0 0 0 0 0 0
0 0 0 0 0 4 0 0 0
0 0 0 0 0 0 0 0 0
0 0 0 4 0 0 0 0 0
0 0 0 0 0 0 0 0 0
0 0 0 0 0 0 0 0 0

Example 4 output (3x9):
0 0 8 0 0 8 0 0 8
8 8 0 8 8 0 8 8 0
8 8 0 8 8 0 8 8 0

Example 5 input (9x9):
0 8 8 0 0 0 0 0 0
8 8 0 0 4 0 0 0 0
0 8 0 0 0 0 0 0 0
0 0 0 0 0 0 4 0 0
0 0 0 0 0 0 0 0 0
0 4 0 0 0 0 0 0 0
0 0 0 0 0 0 0 0 0
0 0 0 0 0 0 0 0 0
0 0 0 0 0 4 0 0 0

Example 5 output (3x12):
0 8 8 0 8 8 0 8 8 0 8 8
8 8 0 8 8 0 8 8 0 8 8 0
0 8 0 0 8 0 0 8 0 0 8 0

Test 1 input (9x9):
0 0 0 0 0 8 8 0 0
0 0 0 0 0 8 0 8 0
0 0 0 0 0 8 8 0 0
0 0 0 0 0 0 0 0 0
4 0 0 0 0 0 0 0 0
0 0 0 0 0 0 0 0 0
0 0 0 0 0 0 0 0 0
0 0 0 4 0 0 0 0 0
0 0 0 0 0 0 0 0 0

Test 2 input (9x9):
0 0 0 4 0 0 0 0 0
4 0 0 0 0 0 0 0 0
0 0 0 0 0 0 0 0 0
0 0 0 0 0 8 0 0 0
0 4 0 0 8 8 8 0 0
0 0 0 0 0 8 0 0 0
0 0 0 0 0 0 0 0 0
0 0 0 0 0 0 0 0 0
0 0 0 0 4 0 0 0 0
