Example 1 input (3x3):
9 9 6
3 8 8
8 3 3

Example 1 output (9x9):
0 0 0 0 0 0 9 9 6
0 0 0 0 0 0 3 8 8
0 0 0 0 0 0 8 3 3
0 0 0 0 0 0 0 0 0
0 0 0 0 0 0 0 0 0
0 0 0 0 0 0 0 0 0
0 0 0 0 0 0 0 0 0
0 0 0 0 0 0 0 0 0
0 0 0 0 0 0 0 0 0

Example 2 input (3x3):
8 5 5
8 8 8
5 9 9

Example 2 output (9x9):
0 0 0 0 0 0 0 0 0
0 0 0 0 0 0 0 0 0
0 0 0 0 0 0 0 0 0
0 0 0 0 0 0 0 0 0
0 0 0 0 0 0 0 0 0
0 0 0 0 0 0 0 0 0
0 0 0 8 5 5 8 5 5
0 0 0 8 8 8 8 8 8
0 0 0 5 9 9 5 9 9

Example 3 input (3x3):
7 1 7
1 7 7
7 1 7

Example 3 output (9x9):
0 0 0 7 1 7 0 0 0
0 0 0 1 7 7 0 0 0
0 0 0 7 1 7 0 0 0
7 1 7 0 0 0 0 0 0
1 7 7 0 0 0 0 0 0
7 1 7 0 0 0 0 0 0
0 0 0 7 1 7 0 0 0
0 0 0 1 7 7 0 0 0
0 0 0 7 1 7 0 0 0

Example 4 input (3x3):
3 2 7
2 2 7
5 5 7

Example 4 output (9x9):
3 2 7 0 0 0 0 0 0
2 2 7 0 0 0 0 0 0
5 5 7 0 0 0 0 0 0
0 0 0 0 0 0 0 0 0
0 0 0 0 0 0 0 0 0
0 0 0 0 0 0 0 0 0
0 0 0 0 0 0 0 0 0
0 0 0 0 0 0 0 0 0
0 0 0 0 0 0 0 0 0

Example 5 input (3x3):
1 6 6
5 1 6
5 5 5

Example 5 output (9x9):
1 6 6 0 0 0 0 0 0
5 1 6 0 0 0 0 0 0
5 5 5 0 0 0 0 0 0
0 0 0 1 6 6 0 0 0
0 0 0 5 1 6 0 0 0
0 0 0 5 5 5 0 0 0
0 0 0 0 0 0 0 0 0
0 0 0 0 0 0 0 0 0
0 0 0 0 0 0 0 0 0

Example 6 input (3x3):
4 4 2
2 2 2
2 4 2

Example 6 output (9x9):
4 4 2 4 4 2 0 0 0
2 2 2 2 2 2 0 0 0
2 4 2 2 4 2 0 0 0
0 0 0 0 0 0 0 0 0
0 0 0 0 0 0 0 0 0
0 0 0 0 0 0 0 0 0
0 0 0 4 4 2 0 0 0
0 0 0 2 2 2 0 0 0
0 0 0 2 4 2 0 0 0

Test input (3x3):
9 7 9
9 9 7
7 9 7
