Example 1 input (10x10):
0 0 0 1 0 0 0 0 0 0
0 0 1 1 1 0 0 0 0 0
0 0 0 0 0 0 6 0 0 0
6 6 0 0 0 0 6 6 0 0
6 6 0 0 0 0 0 0 0 0
0 0 1 1 1 0 0 0 0 0
0 1 1 1 1 0 0 0 0 0
0 0 0 0 0 0 0 0 0 0
0 0 0 0 0 0 0 0 0 0
0 0 0 0 0 0 0 0 0 0

Example 1 output (10x10):
0 0 0 0 0 0 0 0 0 0
0 0 0 0 0 0 0 0 0 0
0 0 0 0 0 0 0 0 0 0
0 0 0 0 0 0 0 0 0 0
0 0 0 0 0 0 0 0 0 0
6 0 0 0 1 0 0 0 0 0
6 6 0 1 1 1 0 0 0 0
0 0 0 0 0 0 0 0 0 0
6 6 0 0 1 1 1 0 0 0
6 6 0 1 1 1 1 0 0 0

Example 2 input (10x10):
0 0 0 0 0 0 0 0 0 0
0 0 0 0 0 0 0 0 0 0
0 3 3 3 3 0 0 3 3 3
0 3 3 0 0 0 0 0 0 0
0 3 3 0 4 4 4 0 0 0
0 0 0 0 0 4 4 0 0 0
0 0 0 0 0 4 0 0 4 0
0 0 0 0 0 0 0 0 4 0
0 0 0 0 0 0 0 4 4 0
0 0 0 0 0 0 0 0 0 0

Example 2 output (10x10):
0 0 0 0 0 0 0 0 0 0
0 0 0 0 0 0 0 0 0 0
0 0 0 0 0 0 0 0 0 0
0 0 0 0 0 0 4 0 0 0
0 0 0 0 0 0 4 0 0 0
3 3 3 0 0 4 4 0 0 0
0 0 0 0 0 0 0 0 0 0
3 3 3 3 0 4 4 4 0 0
3 3 0 0 0 0 4 4 0 0
3 3 0 0 0 0 4 0 0 0

Example 3 input (10x10):
0 0 0 0 0 0 0 0 0 0
8 8 0 0 0 0 4 0 0 0
8 0 0 0 4 4 4 4 0 0
8 8 8 0 0 0 4 0 0 0
0 0 0 0 0 0 0 0 0 0
0 0 0 0 0 4 4 4 4 0
0 0 0 8 8 0 0 0 0 0
0 0 8 8 8 8 0 0 0 0
0 0 0 0 0 0 0 0 0 0
0 0 0 0 0 0 0 0 0 0

Example 3 output (10x10):
0 0 0 0 0 0 0 0 0 0
0 0 0 0 0 0 0 0 0 0
0 0 0 0 0 0 0 0 0 0
0 0 0 0 0 0 0 0 0 0
0 8 8 0 0 0 0 0 0 0
8 8 8 8 0 4 4 4 4 0
0 0 0 0 0 0 0 0 0 0
8 8 0 0 0 0 0 4 0 0
8 0 0 0 0 4 4 4 4 0
8 8 8 0 0 0 0 4 0 0

Example 4 input (10x10):
0 0 0 0 0 0 0 0 0 0
0 7 7 0 0 0 9 9 9 0
7 7 7 7 0 0 9 9 9 0
0 7 7 0 0 0 0 0 0 0
0 0 0 0 0 0 0 0 0 0
0 0 9 9 9 9 9 0 0 0
0 0 0 0 0 0 0 0 0 0
0 0 0 0 0 0 7 7 7 0
0 0 0 0 0 0 7 7 7 0
0 0 0 0 0 0 0 0 0 0

Example 4 output (10x10):
0 0 0 0 0 0 0 0 0 0
0 0 0 0 0 0 0 0 0 0
0 0 0 0 0 0 0 0 0 0
0 0 0 0 0 0 0 0 0 0
7 7 7 0 0 0 0 0 0 0
7 7 7 0 0 0 0 0 0 0
0 0 0 0 0 9 9 9 0 0
0 7 7 0 0 9 9 9 0 0
7 7 7 7 0 0 0 0 0 0
0 7 7 0 0 9 9 9 9 9

Test input (10x10):
0 0 0 0 0 0 0 0 0 0
2 2 2 2 0 0 3 3 3 0
0 0 0 2 0 0 0 0 0 0
0 0 2 2 0 0 0 0 0 0
0 0 0 0 0 0 0 0 0 0
0 0 0 3 3 0 0 0 0 0
0 3 3 3 3 0 2 2 2 0
0 0 0 3 0 0 2 2 2 0
0 0 0 0 0 0 0 0 0 0
0 0 0 0 0 0 0 0 0 0
