Example 1 input (20x20):
1 1 0 1 1 0 1 1 0 1 1 0 1 1 0 1 1 0 1 1
1 1 0 1 1 0 1 1 0 1 1 0 1 1 0 1 1 0 1 1
0 0 0 0 0 0 0 0 0 0 0 0 0 0 0 0 0 0 0 0
1 1 0 1 1 0 1 1 0 1 1 0 1 1 0 1 1 0 1 1
1 1 0 1 1 0 1 1 0 1 1 0 1 1 0 1 1 0 1 1
0 0 0 0 0 0 0 0 0 0 0 0 0 0 0 0 0 0 0 0
1 1 0 1 1 0 2 2 0 1 1 0 1 1 0 1 1 0 1 1
1 1 0 1 1 0 2 2 0 1 1 0 1 1 0 1 1 0 1 1
0 0 0 0 0 0 0 0 0 0 0 0 0 0 0 0 0 0 0 0
1 1 0 1 1 0 1 1 0 1 1 0 1 1 0 1 1 0 1 1
1 1 0 1 1 0 1 1 0 1 1 0 1 1 0 1 1 0 1 1
0 0 0 0 0 0 0 0 0 0 0 0 0 0 0 0 0 0 0 0
1 1 0 1 1 0 1 1 0 1 1 0 1 1 0 1 1 0 1 1
1 1 0 1 1 0 1 1 0 1 1 0 1 1 0 1 1 0 1 1
0 0 0 0 0 0 0 0 0 0 0 0 0 0 0 0 0 0 0 0
1 1 0 1 1 0 1 1 0 1 1 0 1 1 0 1 1 0 1 1
1 1 0 1 1 0 1 1 0 1 1 0 1 1 0 1 1 0 1 1
0 0 0 0 0 0 0 0 0 0 0 0 0 0 0 0 0 0 0 0
1 1 0 1 1 0 1 1 0 1 1 0 1 1 0 1 1 0 1 1
1 1 0 1 1 0 1 1 0 1 1 0 1 1 0 1 1 0 1 1

Example 1 output (20x20):
1 1 0 1 1 0 2 2 0 1 1 0 1 1 0 1 1 0 1 1
1 1 0 1 1 0 2 2 0 1 1 0 1 1 0 1 1 0 1 1
0 0 0 0 0 0 0 0 0 0 0 0 0 0 0 0 0 0 0 0
1 1 0 1 1 0 2 2 0 1 1 0 1 1 0 1 1 0 1 1
1 1 0 1 1 0 2 2 0 1 1 0 1 1 0 1 1 0 1 1
0 0 0 0 0 0 0 0 0 0 0 0 0 0 0 0 0 0 0 0
2 2 0 2 2 0 2 2 0 2 2 0 2 2 0 2 2 0 2 2
2 2 0 2 2 0 2 2 0 2 2 0 2 2 0 2 2 0 2 2
0 0 0 0 0 0 0 0 0 0 0 0 0 0 0 0 0 0 0 0
1 1 0 1 1 0 2 2 0 1 1 0 1 1 0 1 1 0 1 1
1 1 0 1 1 0 2 2 0 1 1 0 1 1 0 1 1 0 1 1
0 0 0 0 0 0 0 0 0 0 0 0 0 0 0 0 0 0 0 0
1 1 0 1 1 0 2 2 0 1 1 0 1 1 0 1 1 0 1 1
1 1 0 1 1 0 2 2 0 1 1 0 1 1 0 1 1 0 1 1
0 0 0 0 0 0 0 0 0 0 0 0 0 0 0 0 0 0 0 0
1 1 0 1 1 0 2 2 0 1 1 0 1 1 0 1 1 0 1 1
1 1 0 1 1 0 2 2 0 1 1 0 1 1 0 1 1 0 1 1
0 0 0 0 0 0 0 0 0 0 0 0 0 0 0 0 0 0 0 0
1 1 0 1 1 0 2 2 0 1 1 0 1 1 0 1 1 0 1 1
1 1 0 1 1 0 2 2 0 1 1 0 1 1 0 1 1 0 1 1

Example 2 input (20x20):
1 0 1 1 0 1 1 0 1 1 0 1 1 0 1 1 0 1 1 0
0 0 0 0 0 0 0 0 0 0 0 0 0 0 0 0 0 0 0 0
1 0 1 1 0 1 1 0 1 1 0 1 1 0 1 1 0 1 1 0
1 0 1 1 0 1 1 0 1 1 0 1 1 0 1 1 0 1 1 0
0 0 0 0 0 0 0 0 0 0 0 0 0 0 0 0 0 0 0 0
1 0 1 1 0 1 1 0 1 1 0 1 1 0 1 1 0 1 1 0
1 0 1 1 0 1 1 0 1 1 0 1 1 0 1 1 0 1 1 0
0 0 0 0 0 0 0 0 0 0 0 0 0 0 0 0 0 0 0 0
1 0 1 1 0 1 1 0 1 1 0 1 1 0 1 1 0 1 1 0
1 0 1 1 0 1 1 0 1 1 0 1 1 0 1 1 0 1 1 0
0 0 0 0 0 0 0 0 0 0 0 0 0 0 0 0 0 0 0 0
1 0 1 1 0 1 1 0 1 1 0 1 1 0 1 1 0 1 1 0
1 0 1 1 0 1 1 0 1 1 0 1 1 0 1 1 0 1 1 0
0 0 0 0 0 0 0 0 0 0 0 0 0 0 0 0 0 0 0 0
1 0 1 1 0 1 1 0 1 1 0 3 3 0 1 1 0 1 1 0
1 0 1 1 0 1 1 0 1 1 0 3 3 0 1 1 0 1 1 0
0 0 0 0 0 0 0 0 0 0 0 0 0 0 0 0 0 0 0 0
1 0 1 1 0 1 1 0 1 1 0 1 1 0 1 1 0 1 1 0
1 0 1 1 0 1 1 0 1 1 0 1 1 0 1 1 0 1 1 0
0 0 0 0 0 0 0 0 0 0 0 0 0 0 0 0 0 0 0 0

Example 2 output (20x20):
1 0 1 1 0 1 1 0 1 1 0 3 3 0 1 1 0 1 1 0
0 0 0 0 0 0 0 0 0 0 0 0 0 0 0 0 0 0 0 0
1 0 1 1 0 1 1 0 1 1 0 3 3 0 1 1 0 1 1 0
1 0 1 1 0 1 1 0 1 1 0 3 3 0 1 1 0 1 1 0
0 0 0 0 0 0 0 0 0 0 0 0 0 0 0 0 0 0 0 0
1 0 1 1 0 1 1 0 1 1 0 3 3 0 1 1 0 1 1 0
1 0 1 1 0 1 1 0 1 1 0 3 3 0 1 1 0 1 1 0
0 0 0 0 0 0 0 0 0 0 0 0 0 0 0 0 0 0 0 0
1 0 1 1 0 1 1 0 1 1 0 3 3 0 1 1 0 1 1 0
1 0 1 1 0 1 1 0 1 1 0 3 3 0 1 1 0 1 1 0
0 0 0 0 0 0 0 0 0 0 0 0 0 0 0 0 0 0 0 0
1 0 1 1 0 1 1 0 1 1 0 3 3 0 1 1 0 1 1 0
1 0 1 1 0 1 1 0 1 1 0 3 3 0 1 1 0 1 1 0
0 0 0 0 0 0 0 0 0 0 0 0 0 0 0 0 0 0 0 0
3 0 3 3 0 3 3 0 3 3 0 3 3 0 3 3 0 3 3 0
3 0 3 3 0 3 3 0 3 3 0 3 3 0 3 3 0 3 3 0
0 0 0 0 0 0 0 0 0 0 0 0 0 0 0 0 0 0 0 0
1 0 1 1 0 1 1 0 1 1 0 3 3 0 1 1 0 1 1 0
1 0 1 1 0 1 1 0 1 1 0 3 3 0 1 1 0 1 1 0
0 0 0 0 0 0 0 0 0 0 0 0 0 0 0 0 0 0 0 0

Test input (20x20):
1 1 0 1 1 0 1 1 0 1 1 0 1 1 0 1 1 0 1 1
0 0 0 0 0 0 0 0 0 0 0 0 0 0 0 0 0 0 0 0
1 1 0 1 1 0 1 1 0 1 1 0 1 1 0 1 1 0 1 1
1 1 0 1 1 0 1 1 0 1 1 0 1 1 0 1 1 0 1 1
0 0 0 0 0 0 0 0 0 0 0 0 0 0 0 0 0 0 0 0
1 1 0 1 1 0 1 1 0 1 1 0 1 1 0 8 8 0 1 1
1 1 0 1 1 0 1 1 0 1 1 0 1 1 0 8 8 0 1 1
0 0 0 0 0 0 0 0 0 0 0 0 0 0 0 0 0 0 0 0
1 1 0 1 1 0 1 1 0 1 1 0 1 1 0 1 1 0 1 1
1 1 0 1 1 0 1 1 0 1 1 0 1 1 0 1 1 0 1 1
0 0 0 0 0 0 0 0 0 0 0 0 0 0 0 0 0 0 0 0
1 1 0 1 1 0 1 1 0 1 1 0 1 1 0 1 1 0 1 1
1 1 0 1 1 0 1 1 0 1 1 0 1 1 0 1 1 0 1 1
0 0 0 0 0 0 0 0 0 0 0 0 0 0 0 0 0 0 0 0
1 1 0 1 1 0 1 1 0 1 1 0 1 1 0 1 1 0 1 1
1 1 0 1 1 0 1 1 0 1 1 0 1 1 0 1 1 0 1 1
0 0 0 0 0 0 0 0 0 0 0 0 0 0 0 0 0 0 0 0
1 1 0 1 1 0 1 1 0 1 1 0 1 1 0 1 1 0 1 1
1 1 0 1 1 0 1 1 0 1 1 0 1 1 0 1 1 0 1 1
0 0 0 0 0 0 0 0 0 0 0 0 0 0 0 0 0 0 0 0
