Example 1 input (21x21):
0 0 1 2 0 1 0 2 1 0 0 2 0 0 1 2 0 1 0 2 1
0 0 1 2 0 1 0 2 1 0 0 2 0 0 1 2 0 1 0 2 1
1 1 1 2 1 1 1 2 1 1 1 2 1 1 1 2 1 1 1 2 1
2 2 2 2 2 2 2 2 2 2 2 2 2 2 2 2 2 2 2 2 2
0 0 1 2 0 1 0 2 1 0 0 2 0 0 1 2 0 8 0 2 1
1 1 1 2 1 1 1 2 1 1 1 2 1 1 1 2 8 8 8 2 1
0 0 1 2 0 1 0 2 1 0 0 2 0 0 1 2 0 8 0 2 1
2 2 2 2 2 2 2 2 2 2 2 2 2 2 2 2 2 2 2 2 2
1 1 1 2 1 1 1 2 1 1 1 2 1 1 1 2 1 1 1 2 1
0 0 1 2 0 1 0 2 1 0 0 2 0 0 1 2 0 1 0 2 1
0 0 1 2 0 1 0 2 1 0 0 2 0 0 1 2 0 1 0 2 1
2 2 2 2 2 2 2 2 2 2 2 2 2 2 2 2 2 2 2 2 2
0 0 1 2 0 1 0 2 1 0 0 2 0 0 1 2 0 1 0 2 1
0 0 1 2 0 1 0 2 1 0 0 2 0 0 1 2 0 1 0 2 1
1 1 1 2 1 1 1 2 1 1 1 2 1 1 1 2 1 1 1 2 1
2 2 2 2 2 2 2 2 2 2 2 2 2 2 2 2 2 2 2 2 2
0 0 1 2 0 1 0 2 1 0 0 2 0 0 1 2 0 1 0 2 1
1 1 1 2 1 1 1 2 1 1 1 2 1 1 1 2 1 1 1 2 1
0 0 1 2 0 1 0 2 1 0 0 2 0 0 1 2 0 1 0 2 1
2 2 2 2 2 2 2 2 2 2 2 2 2 2 2 2 2 2 2 2 2
1 1 1 2 1 1 1 2 1 1 1 2 1 1 1 2 1 1 1 2 1

Example 1 output (21x21):
0 0 1 2 0 1 0 2 1 0 0 2 0 0 1 2 0 1 0 2 1
0 0 1 2 0 1 0 2 1 0 0 2 0 0 1 2 0 1 0 2 1
1 1 1 2 1 1 1 2 1 1 1 2 1 1 1 2 1 1 1 2 1
2 2 2 2 2 2 2 2 2 2 2 2 2 2 2 2 2 2 2 2 2
0 0 1 2 0 8 0 2 1 0 0 2 0 0 1 2 0 8 0 2 1
1 1 1 2 8 8 8 2 1 1 1 2 1 1 1 2 8 8 8 2 1
0 0 1 2 0 8 0 2 1 0 0 2 0 0 1 2 0 8 0 2 1
2 2 2 2 2 2 2 2 2 2 2 2 2 2 2 2 2 2 2 2 2
1 1 1 2 1 1 1 2 1 1 1 2 1 1 1 2 1 1 1 2 1
0 0 1 2 0 1 0 2 1 0 0 2 0 0 1 2 0 1 0 2 1
0 0 1 2 0 1 0 2 1 0 0 2 0 0 1 2 0 1 0 2 1
2 2 2 2 2 2 2 2 2 2 2 2 2 2 2 2 2 2 2 2 2
0 0 1 2 0 1 0 2 1 0 0 2 0 0 1 2 0 1 0 2 1
0 0 1 2 0 1 0 2 1 0 0 2 0 0 1 2 0 1 0 2 1
1 1 1 2 1 1 1 2 1 1 1 2 1 1 1 2 1 1 1 2 1
2 2 2 2 2 2 2 2 2 2 2 2 2 2 2 2 2 2 2 2 2
0 0 1 2 0 8 0 2 1 0 0 2 0 0 1 2 0 8 0 2 1
1 1 1 2 8 8 8 2 1 1 1 2 1 1 1 2 8 8 8 2 1
0 0 1 2 0 8 0 2 1 0 0 2 0 0 1 2 0 8 0 2 1
2 2 2 2 2 2 2 2 2 2 2 2 2 2 2 2 2 2 2 2 2
1 1 1 2 1 1 1 2 1 1 1 2 1 1 1 2 1 1 1 2 1

Example 2 input (23x23):
0 0 2 1 2 1 0 1 2 2 0 1 0 0 2 1 0 1 0 1 2 0 0
0 0 2 1 2 1 0 1 2 2 0 1 0 0 2 1 0 1 0 1 2 0 0
2 2 2 1 2 1 2 1 2 2 2 1 2 2 2 1 2 1 2 1 2 2 2
1 1 1 1 1 1 1 1 1 1 1 1 1 1 1 1 1 1 1 1 1 1 1
2 2 2 1 2 1 2 1 2 2 2 1 2 2 2 1 2 1 2 1 2 2 2
1 1 1 1 1 1 1 1 1 1 1 1 1 1 1 1 1 1 1 1 1 1 1
0 0 2 1 2 1 0 1 8 8 0 1 0 0 2 1 0 1 0 1 2 0 0
1 1 1 1 1 1 1 1 1 1 1 1 1 1 1 1 1 1 1 1 1 1 1
2 2 2 1 2 1 2 1 2 2 2 1 2 2 2 1 8 1 2 1 2 2 2
2 2 2 1 2 1 2 1 2 2 2 1 2 2 2 1 8 1 2 1 2 2 2
0 0 2 1 2 1 0 1 2 2 0 1 0 0 2 1 0 1 0 1 2 0 0
1 1 1 1 1 1 1 1 1 1 1 1 1 1 1 1 1 1 1 1 1 1 1
0 0 2 1 2 1 0 1 2 2 0 1 0 0 2 1 0 1 0 1 2 0 0
0 0 2 1 2 1 0 1 2 2 0 1 0 0 2 1 0 1 0 1 2 0 0
2 2 2 1 2 1 2 1 2 2 2 1 2 2 2 1 2 1 2 1 2 2 2
1 1 1 1 1 1 1 1 1 1 1 1 1 1 1 1 1 1 1 1 1 1 1
0 0 2 1 2 1 0 1 2 2 0 1 0 0 2 1 0 1 0 1 2 0 0
1 1 1 1 1 1 1 1 1 1 1 1 1 1 1 1 1 1 1 1 1 1 1
0 0 2 1 2 1 0 1 2 2 0 1 0 0 2 1 0 1 0 1 2 0 0
1 1 1 1 1 1 1 1 1 1 1 1 1 1 1 1 1 1 1 1 1 1 1
2 2 2 1 2 1 2 1 2 2 2 1 2 2 2 1 2 1 2 1 2 2 2
0 0 2 1 2 1 0 1 2 2 0 1 0 0 2 1 0 1 0 1 2 0 0
0 0 2 1 2 1 0 1 2 2 0 1 0 0 2 1 0 1 0 1 2 0 0

Example 2 output (23x23):
0 0 2 1 2 1 0 1 2 2 0 1 0 0 2 1 0 1 0 1 2 0 0
0 0 2 1 2 1 0 1 2 2 0 1 0 0 2 1 0 1 0 1 2 0 0
2 2 2 1 2 1 2 1 2 2 2 1 2 2 2 1 2 1 2 1 2 2 2
1 1 1 1 1 1 1 1 1 1 1 1 1 1 1 1 1 1 1 1 1 1 1
2 2 2 1 2 1 2 1 2 2 2 1 2 2 2 1 2 1 2 1 2 2 2
1 1 1 1 1 1 1 1 1 1 1 1 1 1 1 1 1 1 1 1 1 1 1
0 0 2 1 2 1 0 1 8 8 0 1 0 0 2 1 0 1 0 1 2 0 0
1 1 1 1 1 1 1 1 1 1 1 1 1 1 1 1 1 1 1 1 1 1 1
2 2 2 1 2 1 8 1 2 2 2 1 2 2 2 1 8 1 8 1 2 2 2
2 2 2 1 2 1 8 1 2 2 2 1 2 2 2 1 8 1 8 1 2 2 2
0 0 2 1 2 1 0 1 2 2 0 1 0 0 2 1 0 1 0 1 2 0 0
1 1 1 1 1 1 1 1 1 1 1 1 1 1 1 1 1 1 1 1 1 1 1
0 0 2 1 2 1 0 1 2 2 0 1 0 0 2 1 0 1 0 1 2 0 0
0 0 2 1 2 1 0 1 2 2 0 1 0 0 2 1 0 1 0 1 2 0 0
2 2 2 1 2 1 2 1 2 2 2 1 2 2 2 1 2 1 2 1 2 2 2
1 1 1 1 1 1 1 1 1 1 1 1 1 1 1 1 1 1 1 1 1 1 1
0 0 2 1 2 1 0 1 8 8 0 1 0 0 2 1 0 1 0 1 2 0 0
1 1 1 1 1 1 1 1 1 1 1 1 1 1 1 1 1 1 1 1 1 1 1
0 0 2 1 2 1 0 1 8 8 0 1 0 0 2 1 0 1 0 1 2 0 0
1 1 1 1 1 1 1 1 1 1 1 1 1 1 1 1 1 1 1 1 1 1 1
2 2 2 1 2 1 2 1 2 2 2 1 2 2 2 1 2 1 2 1 2 2 2
0 0 2 1 2 1 0 1 2 2 0 1 0 0 2 1 0 1 0 1 2 0 0
0 0 2 1 2 1 0 1 2 2 0 1 0 0 2 1 0 1 0 1 2 0 0

Example 3 input (17x17):
0 0 1 1 2 2 0 1 1 2 0 1 0 0 2 1 0
0 0 1 1 2 2 0 1 1 2 0 1 0 0 2 1 0
1 1 1 1 2 2 1 1 1 2 1 1 1 1 2 1 1
1 1 1 1 1 1 1 1 1 1 1 1 1 1 1 1 1
2 2 2 1 1 8 1 1 1 2 1 1 2 2 2 1 2
2 2 2 1 8 1 8 1 2 1 2 1 2 2 2 1 2
0 0 1 1 1 8 0 1 1 2 0 1 0 0 2 1 0
1 1 1 1 1 1 1 1 1 1 1 1 1 1 1 1 1
1 1 1 1 1 2 1 1 1 2 1 1 1 1 2 1 1
8 8 8 1 2 1 2 1 2 1 2 1 2 2 2 1 2
0 0 1 1 1 2 0 1 1 2 0 1 0 0 2 1 0
1 1 1 1 1 1 1 1 1 1 1 1 1 1 1 1 1
0 0 1 1 2 2 0 1 1 2 0 1 0 0 2 1 0
0 0 1 1 2 2 0 1 1 2 0 1 0 0 2 1 0
2 2 2 1 2 2 2 1 2 2 2 1 2 2 2 1 2
1 1 1 1 1 1 1 1 1 1 1 1 1 1 1 1 1
0 0 1 1 2 2 0 1 1 2 0 1 0 0 2 1 0

Example 3 output (17x17):
0 0 1 1 2 2 0 1 1 2 0 1 0 0 2 1 0
0 0 1 1 2 2 0 1 1 2 0 1 0 0 2 1 0
1 1 1 1 2 2 1 1 1 2 1 1 1 1 2 1 1
1 1 1 1 1 1 1 1 1 1 1 1 1 1 1 1 1
2 2 2 1 1 8 1 1 1 8 1 1 2 2 2 1 2
2 2 2 1 8 1 8 1 8 1 8 1 2 2 2 1 2
0 0 1 1 1 8 0 1 1 8 0 1 0 0 2 1 0
1 1 1 1 1 1 1 1 1 1 1 1 1 1 1 1 1
1 1 1 1 1 8 1 1 1 8 1 1 1 1 2 1 1
8 8 8 1 8 1 8 1 8 1 8 1 2 2 2 1 2
0 0 1 1 1 8 0 1 1 8 0 1 0 0 2 1 0
1 1 1 1 1 1 1 1 1 1 1 1 1 1 1 1 1
0 0 1 1 2 2 0 1 1 2 0 1 0 0 2 1 0
0 0 1 1 2 2 0 1 1 2 0 1 0 0 2 1 0
8 8 8 1 2 2 2 1 2 2 2 1 2 2 2 1 2
1 1 1 1 1 1 1 1 1 1 1 1 1 1 1 1 1
0 0 1 1 2 2 0 1 1 2 0 1 0 0 2 1 0

Test input (27x27):
0 0 1 1 2 1 0 1 1 2 0 1 0 0 1 1 0 1 0 2 1 0 0 1 2 0 1
0 0 1 1 2 1 0 1 1 2 0 1 0 0 1 1 0 1 0 2 1 0 0 1 2 0 1
1 1 1 1 1 1 1 1 1 1 1 1 1 1 1 1 1 1 1 1 1 1 1 1 1 1 1
1 1 1 1 8 1 1 1 1 2 1 1 1 1 1 1 1 1 1 2 1 1 1 1 2 1 1
2 2 1 8 8 1 2 2 1 2 2 1 2 2 1 2 2 1 2 2 1 2 2 1 2 2 1
1 1 1 1 1 1 1 1 1 1 1 1 1 1 1 1 1 1 1 1 1 1 1 1 1 1 1
0 0 1 1 2 1 0 1 1 2 0 1 0 0 1 1 0 1 0 2 1 0 0 1 2 0 1
1 1 1 1 2 1 1 1 1 2 1 1 1 1 1 1 1 1 1 2 1 1 1 1 2 1 1
1 1 1 1 1 1 1 1 1 1 1 1 1 1 1 1 1 1 1 1 1 1 1 1 1 1 1
2 2 1 2 2 1 2 2 1 8 8 1 2 2 1 2 2 1 2 2 1 2 2 1 2 2 1
0 0 1 1 2 1 0 1 1 8 0 1 0 0 1 1 0 1 0 2 1 0 0 1 2 0 1
1 1 1 1 1 1 1 1 1 1 1 1 1 1 1 1 1 1 1 1 1 1 1 1 1 1 1
0 0 1 1 2 1 0 1 1 2 0 1 0 0 1 1 0 1 0 2 1 0 0 1 2 0 1
0 0 1 1 2 1 0 1 1 2 0 1 0 0 1 1 0 1 0 2 1 0 0 1 2 0 1
1 1 1 1 1 1 1 1 1 1 1 1 1 1 1 1 1 1 1 1 1 1 1 1 1 1 1
1 1 1 1 2 1 1 1 1 2 1 1 1 1 1 1 1 1 1 2 1 1 1 1 2 1 1
0 0 1 1 2 1 0 1 1 2 0 1 0 0 1 1 0 1 0 2 1 0 0 1 2 0 1
1 1 1 1 1 1 1 1 1 1 1 1 1 1 1 1 1 1 1 1 1 1 1 1 1 1 1
0 0 1 1 2 1 0 1 1 2 0 1 0 0 1 1 0 1 0 2 1 0 0 1 2 0 1
2 2 1 2 2 1 2 2 1 2 2 1 2 2 1 2 2 1 2 2 1 2 2 1 2 2 1
1 1 1 1 1 1 1 1 1 1 1 1 1 1 1 1 1 1 1 1 1 1 1 1 1 1 1
0 0 1 1 2 1 0 1 1 2 0 1 0 0 1 1 0 1 0 2 1 0 0 1 2 0 1
0 0 1 1 2 1 0 1 1 2 0 1 0 0 1 1 0 1 0 2 1 0 0 1 2 0 1
1 1 1 1 1 1 1 1 1 1 1 1 1 1 1 1 1 1 1 1 1 1 1 1 1 1 1
2 2 1 2 2 1 2 2 1 2 2 1 2 2 1 2 2 1 2 2 1 2 2 1 2 2 1
0 0 1 1 2 1 0 1 1 2 0 1 0 0 1 1 0 1 0 2 1 0 0 1 2 0 1
1 1 1 1 1 1 1 1 1 1 1 1 1 1 1 1 1 1 1 1 1 1 1 1 1 1 1
