Example 1 input (14x11):
2 2 2 0 2 2 0 2 2 0 2
2 0 0 0 0 2 2 2 0 0 0
0 2 2 2 2 0 2 2 0 2 2
2 0 1 2 2 2 0 0 8 2 0
0 0 2 0 0 2 0 2 0 0 0
1 2 2 0 0 2 8 0 0 0 2
0 0 0 0 0 0 2 0 2 2 2
0 0 2 1 2 0 0 0 2 8 0
0 2 0 0 1 2 2 2 0 2 8
0 2 0 2 2 0 2 2 2 0 0
2 0 0 2 0 0 0 2 0 2 0
2 1 2 2 2 2 2 8 2 2 0
2 2 2 0 2 0 0 2 0 0 2
0 0 2 0 2 0 2 2 2 2 0

Example 1 output (5x5):
2 2 2 0 0
2 2 0 0 2
2 0 0 0 2
2 2 2 0 2
2 2 2 2 2

Example 2 input (4x11):
2 0 0 0 0 2 0 0 0 2 2
2 2 0 0 2 0 0 2 0 2 0
2 1 0 2 0 0 0 0 2 8 0
0 0 0 0 0 0 0 0 2 0 0

Example 2 output (1x7):
0 2 0 0 0 0 2

Example 3 input (5x10):
2 2 0 0 2 2 0 2 2 0
1 0 2 0 8 0 2 0 0 0
2 2 0 0 0 2 0 0 0 2
2 0 2 0 0 1 2 0 0 8
2 2 0 0 2 2 0 2 2 0

Example 3 output (2x3):
0 2 0
2 0 0

Example 4 input (6x12):
2 0 2 2 0 0 0 2 0 0 2 2
2 0 1 2 0 2 0 8 0 2 0 2
1 2 2 2 2 8 2 0 0 0 2 0
2 0 0 0 2 2 2 0 2 2 0 0
2 2 1 0 2 2 2 8 2 0 2 2
2 0 0 2 0 2 0 2 2 2 0 0

Example 4 output (3x4):
2 0 2 0
2 2 2 2
0 2 2 2

Example 5 input (8x12):
1 2 0 2 0 0 0 8 2 0 0 2
1 2 0 2 0 2 0 8 0 0 0 2
1 0 2 2 0 2 2 8 0 0 2 2
2 2 0 0 0 0 2 2 0 0 2 2
0 2 2 0 0 0 0 0 2 2 2 0
0 2 2 2 2 0 0 0 0 0 2 2
0 2 0 2 0 0 2 0 2 0 2 2
2 0 0 2 0 0 2 2 2 0 0 0

Example 5 output (3x6):
2 0 2 0 0 0
2 0 2 0 2 0
0 2 2 0 2 2

Test input (9x14):
2 0 1 0 2 0 2 2 8 2 0 0 0 0
2 2 2 0 0 0 0 2 2 0 0 0 0 2
0 1 0 2 2 0 2 8 2 0 0 0 0 2
0 2 1 0 0 0 0 0 8 2 2 0 2 2
2 0 2 0 2 0 2 2 0 2 2 2 0 0
0 1 2 2 0 0 0 8 0 2 2 2 2 2
2 0 0 0 2 2 0 0 2 0 2 2 2 0
2 2 2 2 1 0 0 2 0 0 8 0 2 2
0 0 0 0 2 0 0 2 2 0 0 0 2 2
