Example 1 input (9x5):
0 2 2 0 0
2 2 2 2 0
0 0 2 2 0
0 0 2 2 0
4 4 4 4 4
1 0 0 1 0
1 1 1 0 1
0 0 1 1 1
1 1 1 0 0

Example 1 output (4x5):
3 3 3 3 0
3 3 3 3 3
0 0 3 3 3
3 3 3 3 0

Example 2 input (9x5):
2 2 2 2 2
0 0 0 2 0
0 2 0 2 2
2 2 2 2 2
4 4 4 4 4
0 1 1 0 0
1 1 0 1 0
1 1 0 0 0
0 0 1 1 1

Example 2 output (4x5):
3 3 3 3 3
3 3 0 3 0
3 3 0 3 3
3 3 3 3 3

Example 3 input (9x5):
0 0 0 0 0
0 2 2 2 0
0 2 0 0 0
2 2 2 0 2
4 4 4 4 4
1 1 0 0 1
1 1 0 1 1
1 0 1 0 1
0 1 0 1 1

Example 3 output (4x5):
3 3 0 0 3
3 3 3 3 3
3 3 3 0 3
3 3 3 3 3

Example 4 input (9x5):
0 2 0 0 2
0 2 2 0 2
0 0 0 2 2
0 0 2 2 0
4 4 4 4 4
1 0 1 0 0
1 0 0 1 0
0 0 0 0 1
0 1 1 1 0

Example 4 output (4x5):
3 3 3 0 3
3 3 3 3 3
0 0 0 3 3
0 3 3 3 0

Test input (9x5):
0 2 2 2 2
0 0 0 2 0
0 2 0 0 0
2 2 2 0 2
4 4 4 4 4
0 0 1 0 0
0 0 0 0 1
1 0 0 1 1
0 0 0 0 1
