Example 1 input (8x8):
5 2 5 2 5 2 5 1
2 5 2 5 2 5 2 1
5 2 5 2 5 2 5 1
2 5 2 5 2 5 2 1
5 2 5 2 5 2 5 1
2 5 2 5 2 5 2 1
5 2 5 2 5 2 5 1
1 1 1 1 1 1 1 1

Example 1 output (8x8):
2 5 2 5 2 5 2 5
5 2 5 2 5 2 5 2
2 5 2 5 2 5 2 5
5 2 5 2 5 2 5 2
2 5 2 5 2 5 2 5
5 2 5 2 5 2 5 2
2 5 2 5 2 5 2 5
5 2 5 2 5 2 5 2

Example 2 input (20x20):
6 3 5 7 6 3 5 7 6 3 5 8 8 8 8 8 8 8 8 8
5 7 6 3 5 7 6 3 5 7 6 8 8 8 8 8 8 8 8 8
6 3 5 7 6 3 5 7 6 3 5 8 8 8 8 8 8 8 8 8
5 7 6 3 5 7 6 3 5 7 6 8 8 8 8 8 8 8 8 8
6 3 5 7 6 3 5 7 6 3 5 8 8 8 8 8 8 8 8 8
5 7 6 3 5 7 6 3 5 7 6 8 8 8 8 8 8 8 8 8
6 3 5 7 6 3 5 7 6 3 5 8 8 8 8 8 8 8 8 8
5 7 6 3 5 7 6 3 5 7 6 8 8 8 8 8 8 8 8 8
6 3 5 7 6 3 5 7 6 3 5 8 8 8 8 8 8 8 8 8
5 7 6 3 5 7 6 3 5 7 6 8 8 8 8 8 8 8 8 8
6 3 5 7 6 3 5 7 6 3 5 8 8 8 8 8 8 8 8 8
8 8 8 8 8 8 8 8 8 8 8 8 8 8 8 8 8 8 8 8
8 8 8 8 8 8 8 8 8 8 8 8 8 8 8 8 8 8 8 8
8 8 8 8 8 8 8 8 8 8 8 8 8 8 8 8 8 8 8 8
8 8 8 8 8 8 8 8 8 8 8 8 8 8 8 8 8 8 8 8
8 8 8 8 8 8 8 8 8 8 8 8 8 8 8 8 8 8 8 8
8 8 8 8 8 8 8 8 8 8 8 8 8 8 8 8 8 8 8 8
8 8 8 8 8 8 8 8 8 8 8 8 8 8 8 8 8 8 8 8
8 8 8 8 8 8 8 8 8 8 8 8 8 8 8 8 8 8 8 8
8 8 8 8 8 8 8 8 8 8 8 8 8 8 8 8 8 8 8 8

Example 2 output (20x20):
3 5 7 6 3 5 7 6 3 5 7 6 3 5 7 6 3 5 7 6
7 6 3 5 7 6 3 5 7 6 3 5 7 6 3 5 7 6 3 5
3 5 7 6 3 5 7 6 3 5 7 6 3 5 7 6 3 5 7 6
7 6 3 5 7 6 3 5 7 6 3 5 7 6 3 5 7 6 3 5
3 5 7 6 3 5 7 6 3 5 7 6 3 5 7 6 3 5 7 6
7 6 3 5 7 6 3 5 7 6 3 5 7 6 3 5 7 6 3 5
3 5 7 6 3 5 7 6 3 5 7 6 3 5 7 6 3 5 7 6
7 6 3 5 7 6 3 5 7 6 3 5 7 6 3 5 7 6 3 5
3 5 7 6 3 5 7 6 3 5 7 6 3 5 7 6 3 5 7 6
7 6 3 5 7 6 3 5 7 6 3 5 7 6 3 5 7 6 3 5
3 5 7 6 3 5 7 6 3 5 7 6 3 5 7 6 3 5 7 6
7 6 3 5 7 6 3 5 7 6 3 5 7 6 3 5 7 6 3 5
3 5 7 6 3 5 7 6 3 5 7 6 3 5 7 6 3 5 7 6
7 6 3 5 7 6 3 5 7 6 3 5 7 6 3 5 7 6 3 5
3 5 7 6 3 5 7 6 3 5 7 6 3 5 7 6 3 5 7 6
7 6 3 5 7 6 3 5 7 6 3 5 7 6 3 5 7 6 3 5
3 5 7 6 3 5 7 6 3 5 7 6 3 5 7 6 3 5 7 6
7 6 3 5 7 6 3 5 7 6 3 5 7 6 3 5 7 6 3 5
3 5 7 6 3 5 7 6 3 5 7 6 3 5 7 6 3 5 7 6
7 6 3 5 7 6 3 5 7 6 3 5 7 6 3 5 7 6 3 5

Example 3 input (9x9):
7 6 3 7 6 3 7 6 4
6 3 7 6 3 7 6 3 4
7 6 3 7 6 3 7 6 4
6 3 7 6 3 7 6 3 4
7 6 3 7 6 3 7 6 4
6 3 7 6 3 7 6 3 4
7 6 3 7 6 3 7 6 4
6 3 7 6 3 7 6 3 4
4 4 4 4 4 4 4 4 4

Example 3 output (9x9):
6 3 7 6 3 7 6 3 7
3 7 6 3 7 6 3 7 6
6 3 7 6 3 7 6 3 7
3 7 6 3 7 6 3 7 6
6 3 7 6 3 7 6 3 7
3 7 6 3 7 6 3 7 6
6 3 7 6 3 7 6 3 7
3 7 6 3 7 6 3 7 6
6 3 7 6 3 7 6 3 7

Test input (6x6):
6 8 6 8 6 3
8 6 8 6 8 3
6 8 6 8 6 3
8 6 8 6 8 3
6 8 6 8 6 3
3 3 3 3 3 3
