Example 1 input (12x9):
0 0 0 0 0 0 0 0 0
0 0 6 0 0 0 0 0 0
0 6 6 6 6 0 8 0 0
0 0 0 6 0 0 0 0 0
0 0 6 6 0 0 0 0 0
0 0 0 0 0 0 0 0 0
0 0 0 0 0 0 0 0 0
0 0 0 6 6 6 0 0 0
0 0 0 6 0 0 0 1 0
0 0 6 6 6 0 0 0 0
0 0 0 0 6 0 0 0 0
0 0 0 0 0 0 0 0 0

Example 1 output (8x4):
0 8 0 0
8 8 8 8
0 0 8 0
0 8 8 0
0 1 1 1
0 1 0 0
1 1 1 0
0 0 1 0

Example 2 input (12x14):
0 0 0 0 0 0 0 0 0 0 0 0 0 0
0 0 0 0 0 0 0 0 0 0 0 0 0 0
0 0 0 0 6 0 0 0 6 0 0 0 0 0
0 0 6 6 6 0 0 0 6 0 0 0 0 0
0 6 6 0 0 0 0 6 6 6 6 0 0 0
0 0 6 6 6 0 0 0 0 6 0 0 0 0
0 0 0 0 0 0 0 0 0 0 0 0 0 0
0 0 0 3 0 0 0 0 0 2 0 0 0 0
0 0 0 0 0 0 0 0 0 0 0 0 0 0
0 0 0 0 0 0 0 0 0 0 0 0 0 0
0 0 0 0 0 0 0 0 0 0 0 0 0 0
0 0 0 0 0 0 0 0 0 0 0 0 0 0

Example 2 output (4x8):
0 0 0 3 0 2 0 0
0 3 3 3 0 2 0 0
3 3 0 0 2 2 2 2
0 3 3 3 0 0 2 0

Example 3 input (12x18):
0 0 0 0 0 0 0 0 0 0 0 0 0 0 0 0 0 0
0 0 6 0 0 0 0 0 0 0 0 0 0 0 0 0 0 0
0 6 6 6 6 0 0 0 0 0 0 0 0 6 0 0 6 0
0 0 6 6 0 0 0 0 0 0 0 0 0 6 6 6 6 0
0 0 6 0 0 0 0 0 6 0 0 0 0 0 6 6 0 0
0 0 0 0 0 0 0 6 6 0 0 0 0 0 0 6 6 0
0 0 1 0 0 0 0 0 6 0 0 0 0 0 0 0 0 0
0 0 0 0 0 0 0 6 6 6 6 0 0 0 0 4 0 0
0 0 0 0 0 0 0 0 0 0 0 0 0 0 0 0 0 0
0 0 0 0 0 0 0 0 3 0 0 0 0 0 0 0 0 0
0 0 0 0 0 0 0 0 0 0 0 0 0 0 0 0 0 0
0 0 0 0 0 0 0 0 0 0 0 0 0 0 0 0 0 0

Example 3 output (4x12):
0 1 0 0 0 3 0 0 4 0 0 4
1 1 1 1 3 3 0 0 4 4 4 4
0 1 1 0 0 3 0 0 0 4 4 0
0 1 0 0 3 3 3 3 0 0 4 4

Test input (18x13):
0 0 0 0 0 0 0 0 0 0 0 0 0
0 0 0 0 0 0 6 6 0 0 0 0 0
0 0 0 0 0 6 6 0 0 0 1 0 0
0 0 0 0 0 0 6 6 6 0 0 0 0
0 0 0 0 0 0 0 0 6 0 0 0 0
0 0 0 0 0 0 0 0 0 0 0 0 0
0 0 0 0 0 0 0 0 0 0 0 0 0
0 0 0 6 0 0 0 0 0 0 0 0 0
0 0 0 6 6 6 6 0 7 0 0 0 0
0 0 0 6 0 0 0 0 0 0 0 0 0
0 0 0 6 6 0 0 0 0 0 0 0 0
0 0 0 0 0 0 0 0 0 0 0 0 0
0 0 0 0 0 0 0 0 0 0 0 0 0
0 0 0 0 0 0 6 6 6 0 0 0 0
0 0 0 0 0 0 6 0 6 6 0 0 0
0 0 0 0 0 0 6 0 0 0 0 3 0
0 0 0 0 0 0 6 6 6 0 0 0 0
0 0 0 0 0 0 0 0 0 0 0 0 0
