Example 1 input (12x11):
0 0 0 0 0 0 0 0 0 0 0
0 1 1 1 1 0 0 1 1 1 0
0 1 1 1 1 0 0 1 1 1 0
0 1 1 1 1 0 0 1 1 1 0
0 1 1 1 1 0 0 0 0 0 0
0 0 0 0 0 0 0 0 0 0 0
0 0 1 1 1 1 1 0 0 0 0
0 0 1 1 1 1 1 0 0 0 0
0 0 1 1 1 1 1 0 0 0 0
0 0 1 1 1 1 1 0 0 0 0
0 0 1 1 1 1 1 0 0 0 0
0 0 1 1 1 1 1 0 0 0 0

Example 1 output (12x11):
0 0 0 0 0 0 0 0 0 0 0
0 1 1 1 1 0 0 1 1 1 0
0 1 2 2 1 0 0 1 2 1 0
0 1 2 2 1 0 0 1 1 1 0
0 1 1 1 1 0 0 0 0 0 0
0 0 0 0 0 0 0 0 0 0 0
0 0 1 1 1 1 1 0 0 0 0
0 0 1 2 2 2 1 0 0 0 0
0 0 1 2 3 2 1 0 0 0 0
0 0 1 2 3 2 1 0 0 0 0
0 0 1 2 2 2 1 0 0 0 0
0 0 1 1 1 1 1 0 0 0 0

Example 2 input (12x13):
0 0 0 0 0 0 0 0 0 0 0 0 0
0 1 1 1 1 1 1 1 1 0 0 0 0
0 1 1 1 1 1 1 1 1 0 0 0 0
0 1 1 1 1 1 1 1 1 0 0 0 0
0 1 1 1 1 1 1 1 1 0 0 0 0
0 1 1 1 1 1 1 1 1 0 0 0 0
0 1 1 1 1 1 1 1 1 0 0 0 0
0 1 1 1 1 1 1 1 1 0 0 0 0
0 0 0 0 0 0 0 0 0 0 0 0 0
0 0 0 0 0 0 0 0 1 1 1 0 0
0 0 0 0 0 0 0 0 1 1 1 0 0
0 0 0 0 0 0 0 0 1 1 1 0 0

Example 2 output (12x13):
0 0 0 0 0 0 0 0 0 0 0 0 0
0 1 1 1 1 1 1 1 1 0 0 0 0
0 1 2 2 2 2 2 2 1 0 0 0 0
0 1 2 3 3 3 3 2 1 0 0 0 0
0 1 2 3 2 2 3 2 1 0 0 0 0
0 1 2 3 3 3 3 2 1 0 0 0 0
0 1 2 2 2 2 2 2 1 0 0 0 0
0 1 1 1 1 1 1 1 1 0 0 0 0
0 0 0 0 0 0 0 0 0 0 0 0 0
0 0 0 0 0 0 0 0 1 1 1 0 0
0 0 0 0 0 0 0 0 1 2 1 0 0
0 0 0 0 0 0 0 0 1 1 1 0 0

Example 3 input (15x14):
0 0 0 0 0 0 0 0 0 0 0 0 0 0
0 0 1 1 1 1 1 1 1 1 0 0 0 0
0 0 1 1 1 1 1 1 1 1 0 0 0 0
0 0 1 1 1 1 1 1 1 1 0 0 0 0
0 0 1 1 1 1 1 1 1 1 0 0 0 0
0 0 1 1 1 1 1 1 1 1 0 0 0 0
0 0 1 1 1 1 1 1 1 1 0 0 0 0
0 0 1 1 1 1 1 1 1 1 0 0 0 0
0 0 1 1 1 1 1 1 1 1 0 0 0 0
0 0 0 0 0 0 0 0 0 0 0 0 0 0
0 0 0 0 1 1 1 1 1 1 1 0 0 0
0 0 0 0 1 1 1 1 1 1 1 0 0 0
0 0 0 0 1 1 1 1 1 1 1 0 0 0
0 0 0 0 1 1 1 1 1 1 1 0 0 0
0 0 0 0 1 1 1 1 1 1 1 0 0 0

Example 3 output (15x14):
0 0 0 0 0 0 0 0 0 0 0 0 0 0
0 0 1 1 1 1 1 1 1 1 0 0 0 0
0 0 1 2 2 2 2 2 2 1 0 0 0 0
0 0 1 2 3 3 3 3 2 1 0 0 0 0
0 0 1 2 3 2 2 3 2 1 0 0 0 0
0 0 1 2 3 2 2 3 2 1 0 0 0 0
0 0 1 2 3 3 3 3 2 1 0 0 0 0
0 0 1 2 2 2 2 2 2 1 0 0 0 0
0 0 1 1 1 1 1 1 1 1 0 0 0 0
0 0 0 0 0 0 0 0 0 0 0 0 0 0
0 0 0 0 1 1 1 1 1 1 1 0 0 0
0 0 0 0 1 2 2 2 2 2 1 0 0 0
0 0 0 0 1 2 3 3 3 2 1 0 0 0
0 0 0 0 1 2 2 2 2 2 1 0 0 0
0 0 0 0 1 1 1 1 1 1 1 0 0 0

Test input (15x17):
0 0 1 1 1 1 1 1 1 1 1 1 1 0 0 0 0
0 0 1 1 1 1 1 1 1 1 1 1 1 0 0 0 0
0 0 1 1 1 1 1 1 1 1 1 1 1 0 0 0 0
0 0 1 1 1 1 1 1 1 1 1 1 1 0 0 0 0
0 0 1 1 1 1 1 1 1 1 1 1 1 0 0 0 0
0 0 1 1 1 1 1 1 1 1 1 1 1 0 0 0 0
0 0 0 0 0 0 0 0 0 0 0 0 0 0 0 0 0
0 0 0 0 0 0 0 0 0 1 1 1 1 1 1 1 0
0 0 0 0 0 0 0 0 0 1 1 1 1 1 1 1 0
0 1 1 1 1 1 0 0 0 1 1 1 1 1 1 1 0
0 1 1 1 1 1 0 0 0 1 1 1 1 1 1 1 0
0 1 1 1 1 1 0 0 0 1 1 1 1 1 1 1 0
0 0 0 0 0 0 0 0 0 1 1 1 1 1 1 1 0
0 0 0 0 0 0 0 0 0 1 1 1 1 1 1 1 0
0 0 0 0 0 0 0 0 0 1 1 1 1 1 1 1 0
