Example 1 input (14x7):
0 0 0 5 0 0 0
0 0 0 5 0 0 0
0 0 0 5 0 0 0
0 0 0 5 0 0 0
0 0 0 5 0 0 0
0 0 0 0 0 0 0
0 0 0 0 0 0 0
0 0 0 0 0 0 0
0 0 0 0 0 0 0
0 0 0 0 0 0 0
0 0 0 0 0 0 0
0 0 0 0 0 0 0
0 0 0 0 0 0 0
0 0 0 0 0 0 0

Example 1 output (14x7):
8 8 8 5 6 6 0
8 8 8 5 6 0 0
8 8 8 5 6 0 0
8 8 8 5 0 0 0
8 8 8 5 0 0 0
8 8 8 0 0 0 0
8 8 8 0 0 0 0
8 8 0 0 0 0 0
8 8 0 0 0 0 0
8 0 0 0 0 0 0
8 0 0 0 0 0 0
0 0 0 0 0 0 0
0 0 0 0 0 0 0
0 0 0 0 0 0 0

Example 2 input (11x8):
0 0 5 0 0 0 0 0
0 0 5 0 0 0 0 0
0 0 5 0 0 0 0 0
0 0 5 0 0 0 0 0
0 0 0 0 0 0 0 0
0 0 0 0 0 0 0 0
0 0 0 0 0 0 0 0
0 0 0 0 0 0 0 0
0 0 0 0 0 0 0 0
0 0 0 0 0 0 0 0
0 0 0 0 0 0 0 0

Example 2 output (11x8):
8 8 5 6 0 0 0 0
8 8 5 6 0 0 0 0
8 8 5 0 0 0 0 0
8 8 5 0 0 0 0 0
8 8 0 0 0 0 0 0
8 8 0 0 0 0 0 0
8 0 0 0 0 0 0 0
8 0 0 0 0 0 0 0
0 0 0 0 0 0 0 0
0 0 0 0 0 0 0 0
0 0 0 0 0 0 0 0

Example 3 input (14x8):
0 0 0 0 5 0 0 0
0 0 0 0 5 0 0 0
0 0 0 0 5 0 0 0
0 0 0 0 5 0 0 0
0 0 0 0 5 0 0 0
0 0 0 0 5 0 0 0
0 0 0 0 5 0 0 0
0 0 0 0 0 0 0 0
0 0 0 0 0 0 0 0
0 0 0 0 0 0 0 0
0 0 0 0 0 0 0 0
0 0 0 0 0 0 0 0
0 0 0 0 0 0 0 0
0 0 0 0 0 0 0 0

Example 3 output (14x8):
8 8 8 8 5 6 6 6
8 8 8 8 5 6 6 0
8 8 8 8 5 6 6 0
8 8 8 8 5 6 0 0
8 8 8 8 5 6 0 0
8 8 8 8 5 0 0 0
8 8 8 8 5 0 0 0
8 8 8 8 0 0 0 0
8 8 8 8 0 0 0 0
8 8 8 0 0 0 0 0
8 8 8 0 0 0 0 0
8 8 0 0 0 0 0 0
8 8 0 0 0 0 0 0
8 0 0 0 0 0 0 0

Test input (15x9):
0 0 0 5 0 0 0 0 0
0 0 0 5 0 0 0 0 0
0 0 0 5 0 0 0 0 0
0 0 0 5 0 0 0 0 0
0 0 0 5 0 0 0 0 0
0 0 0 5 0 0 0 0 0
0 0 0 5 0 0 0 0 0
0 0 0 0 0 0 0 0 0
0 0 0 0 0 0 0 0 0
0 0 0 0 0 0 0 0 0
0 0 0 0 0 0 0 0 0
0 0 0 0 0 0 0 0 0
0 0 0 0 0 0 0 0 0
0 0 0 0 0 0 0 0 0
0 0 0 0 0 0 0 0 0
