Example 1 input (10x19):
8 8 8 8 8 8 8 8 8 8 8 8 8 8 8 8 8 8 8
3 3 3 3 3 3 8 8 8 8 8 8 2 2 2 2 8 8 8
8 8 8 8 8 8 8 8 8 8 8 8 8 8 8 8 8 8 8
8 8 3 3 3 3 3 3 3 3 8 8 8 8 8 8 8 8 8
8 8 8 8 8 8 8 8 8 8 8 8 8 8 8 8 8 8 8
8 8 8 8 8 8 8 8 8 8 8 8 8 8 3 3 3 3 8
8 8 8 8 8 3 3 3 8 8 8 8 8 8 8 8 8 8 8
8 8 8 8 8 8 8 8 8 8 8 8 8 8 8 8 8 8 8
8 8 8 8 8 8 8 8 8 8 8 8 8 8 8 8 8 8 8
8 8 8 8 8 8 8 8 8 8 8 8 8 8 8 8 8 8 8

Example 1 output (2x3):
3 3 3
3 2 0

Example 2 input (10x10):
5 5 5 5 5 5 5 5 5 5
3 3 3 3 5 5 5 5 5 5
5 5 5 5 5 5 5 5 5 5
5 2 2 5 5 5 5 5 5 5
5 5 5 5 5 5 2 2 2 5
5 5 5 5 5 5 5 5 5 5
5 5 5 5 5 5 5 5 5 5
5 5 5 5 3 3 3 3 5 5
5 5 5 5 5 5 5 5 5 5
5 5 5 5 5 5 5 5 5 5

Example 2 output (2x3):
3 3 2
2 0 0

Example 3 input (10x14):
1 1 1 1 1 1 1 1 1 1 1 1 1 1
1 1 3 3 3 3 1 1 1 1 1 1 1 1
1 1 1 1 1 1 1 1 1 1 1 1 1 1
1 1 1 1 1 1 1 1 1 2 2 2 1 1
1 1 1 1 1 1 1 1 1 1 1 1 1 1
3 3 3 1 1 1 1 1 1 1 1 1 1 1
1 1 1 1 1 1 1 1 1 1 1 1 1 1
1 1 1 1 1 1 1 1 3 3 3 3 1 1
1 2 2 2 2 2 1 1 1 1 1 1 1 1
1 1 1 1 1 1 1 1 1 1 1 1 1 1

Example 3 output (2x3):
3 3 3
2 2 0

Example 4 input (13x15):
8 8 8 8 8 8 8 8 8 8 8 8 8 8 8
8 8 8 8 8 8 8 8 8 8 8 8 8 8 8
8 8 2 2 2 2 8 8 8 8 8 8 8 8 8
8 8 8 8 8 8 8 8 8 8 8 8 8 8 8
8 8 8 8 8 8 8 3 3 3 3 3 8 8 8
8 8 8 8 8 8 8 8 8 8 8 8 8 8 8
8 8 3 3 3 3 3 3 8 8 8 8 8 8 8
8 8 8 8 8 8 8 8 8 8 8 8 8 8 8
8 8 8 8 8 8 8 8 8 2 2 2 2 2 8
8 8 8 8 8 8 8 8 8 8 8 8 8 8 8
8 2 2 2 8 8 8 8 8 8 8 8 8 8 8
8 8 8 8 8 8 8 8 2 2 2 2 8 8 8
8 8 8 8 8 8 8 8 8 8 8 8 8 8 8

Example 4 output (2x3):
3 3 2
2 2 2

Test input (15x10):
0 0 0 0 0 0 0 0 0 0
0 3 3 3 3 0 0 0 0 0
0 0 0 0 0 0 0 0 0 0
0 0 2 2 2 2 2 2 0 0
0 0 0 0 0 0 0 0 0 0
0 0 0 0 0 0 0 0 0 0
0 0 0 0 0 0 0 0 0 0
0 0 0 0 0 3 3 3 3 0
0 0 0 0 0 0 0 0 0 0
0 0 0 0 0 2 2 0 0 0
0 0 0 0 0 0 0 0 0 0
0 3 3 0 0 0 0 0 0 0
0 0 0 0 0 0 0 0 0 0
0 0 0 0 2 2 2 2 0 0
0 0 0 0 0 0 0 0 0 0
