Example 1 input (25x25):
0 0 0 0 0 0 0 0 0 0 0 0 0 0 0 0 0 0 0 0 0 0 0 0 0
0 0 0 0 0 0 0 0 0 0 0 0 0 0 0 0 0 0 0 0 0 0 0 0 0
0 0 4 4 4 4 4 4 0 0 0 0 0 0 0 0 0 0 0 0 0 0 0 0 0
0 0 4 2 4 4 4 4 0 0 0 0 0 0 0 0 0 0 0 0 0 0 0 0 0
0 0 4 4 4 4 4 4 0 0 0 0 0 0 0 0 0 0 0 0 0 0 0 0 0
0 0 4 4 4 4 4 4 0 0 0 0 0 0 0 0 0 0 0 0 0 0 0 0 0
0 0 4 4 4 2 4 4 0 0 0 0 0 0 0 0 0 0 0 0 0 0 0 0 0
0 0 4 4 4 4 4 4 0 0 0 0 0 0 0 0 0 0 0 0 0 0 0 0 0
0 0 0 0 0 0 0 0 0 0 0 0 0 0 0 0 0 0 0 0 0 0 0 0 0
0 0 0 0 0 0 0 0 0 0 0 0 0 0 0 0 0 0 0 0 0 0 0 0 0
0 0 0 0 0 0 0 0 0 0 0 0 0 0 0 0 0 0 0 0 0 0 0 0 0
0 0 0 0 0 0 0 0 0 0 0 0 0 0 0 0 0 0 0 0 0 0 0 0 0
0 0 0 0 0 0 0 0 0 0 0 0 0 0 0 0 0 0 0 0 0 0 0 0 0
0 0 0 0 0 0 0 0 0 0 0 0 0 0 0 0 0 0 0 0 0 0 0 0 0
0 0 0 0 0 0 0 0 0 0 0 0 0 0 0 0 0 0 0 0 0 0 0 0 0
0 0 0 0 0 0 0 0 0 0 0 0 0 4 4 4 4 4 4 4 4 0 0 0 0
0 0 0 0 0 0 0 0 0 0 0 0 0 4 4 4 1 4 4 4 4 0 0 0 0
0 0 0 0 0 0 0 0 0 0 0 0 0 4 4 4 4 4 4 4 4 0 0 0 0
0 0 0 0 0 0 0 0 0 0 0 0 0 4 1 4 4 4 4 4 4 0 0 0 0
0 0 0 0 0 0 0 0 0 0 0 0 0 4 4 4 1 4 4 4 4 0 0 0 0
0 0 0 0 0 0 0 0 0 0 0 0 0 4 4 4 4 4 4 4 4 0 0 0 0
0 0 0 0 0 0 0 0 0 0 0 0 0 0 0 0 0 0 0 0 0 0 0 0 0
0 0 0 0 0 0 0 0 0 0 0 0 0 0 0 0 0 0 0 0 0 0 0 0 0
0 0 0 0 0 0 0 0 0 0 0 0 0 0 0 0 0 0 0 0 0 0 0 0 0
0 0 0 0 0 0 0 0 0 0 0 0 0 0 0 0 0 0 0 0 0 0 0 0 0

Example 1 output (25x25):
2 2 2 2 2 2 2 2 2 2 0 0 0 0 0 0 0 0 0 0 0 0 0 0 0
2 2 2 2 2 2 2 2 2 2 0 0 0 0 0 0 0 0 0 0 0 0 0 0 0
2 2 4 4 4 4 4 4 2 2 0 0 0 0 0 0 0 0 0 0 0 0 0 0 0
2 2 4 2 4 4 4 4 2 2 0 0 0 0 0 0 0 0 0 0 0 0 0 0 0
2 2 4 4 4 4 4 4 2 2 0 0 0 0 0 0 0 0 0 0 0 0 0 0 0
2 2 4 4 4 4 4 4 2 2 0 0 0 0 0 0 0 0 0 0 0 0 0 0 0
2 2 4 4 4 2 4 4 2 2 0 0 0 0 0 0 0 0 0 0 0 0 0 0 0
2 2 4 4 4 4 4 4 2 2 0 0 0 0 0 0 0 0 0 0 0 0 0 0 0
2 2 2 2 2 2 2 2 2 2 0 0 0 0 0 0 0 0 0 0 0 0 0 0 0
2 2 2 2 2 2 2 2 2 2 0 0 0 0 0 0 0 0 0 0 0 0 0 0 0
0 0 0 0 0 0 0 0 0 0 0 0 0 0 0 0 0 0 0 0 0 0 0 0 0
0 0 0 0 0 0 0 0 0 0 0 0 0 0 0 0 0 0 0 0 0 0 0 0 0
0 0 0 0 0 0 0 0 0 0 1 1 1 1 1 1 1 1 1 1 1 1 1 1 0
0 0 0 0 0 0 0 0 0 0 1 1 1 1 1 1 1 1 1 1 1 1 1 1 0
0 0 0 0 0 0 0 0 0 0 1 1 1 1 1 1 1 1 1 1 1 1 1 1 0
0 0 0 0 0 0 0 0 0 0 1 1 1 4 4 4 4 4 4 4 4 1 1 1 0
0 0 0 0 0 0 0 0 0 0 1 1 1 4 4 4 1 4 4 4 4 1 1 1 0
0 0 0 0 0 0 0 0 0 0 1 1 1 4 4 4 4 4 4 4 4 1 1 1 0
0 0 0 0 0 0 0 0 0 0 1 1 1 4 1 4 4 4 4 4 4 1 1 1 0
0 0 0 0 0 0 0 0 0 0 1 1 1 4 4 4 1 4 4 4 4 1 1 1 0
0 0 0 0 0 0 0 0 0 0 1 1 1 4 4 4 4 4 4 4 4 1 1 1 0
0 0 0 0 0 0 0 0 0 0 1 1 1 1 1 1 1 1 1 1 1 1 1 1 0
0 0 0 0 0 0 0 0 0 0 1 1 1 1 1 1 1 1 1 1 1 1 1 1 0
0 0 0 0 0 0 0 0 0 0 1 1 1 1 1 1 1 1 1 1 1 1 1 1 0
0 0 0 0 0 0 0 0 0 0 0 0 0 0 0 0 0 0 0 0 0 0 0 0 0

Example 2 input (25x25):
0 0 0 0 0 0 0 0 0 0 0 0 0 0 0 0 0 0 0 0 0 0 0 0 0
0 0 0 0 0 0 0 0 0 0 0 0 0 0 0 0 0 0 0 0 0 0 0 0 0
0 0 0 4 4 4 0 0 0 0 0 0 0 0 0 0 0 0 0 0 0 0 0 0 0
0 0 0 4 3 4 0 0 0 0 0 0 0 0 0 0 0 0 0 0 0 0 0 0 0
0 0 0 4 4 4 0 0 0 0 0 0 0 0 0 0 0 0 0 0 0 0 0 0 0
0 0 0 0 0 0 0 0 0 0 0 0 0 0 0 0 0 0 0 0 0 0 0 0 0
0 0 0 0 0 0 0 0 0 0 0 0 0 0 0 0 0 0 0 0 0 0 0 0 0
0 0 0 0 0 0 0 0 0 0 0 0 0 0 0 0 0 0 0 0 0 0 0 0 0
0 0 0 0 0 0 0 0 0 0 0 0 0 0 0 0 0 0 0 0 0 0 0 0 0
0 0 0 0 0 0 0 0 0 0 0 0 0 0 0 0 0 0 0 0 0 0 0 0 0
0 0 0 0 0 0 0 0 0 0 0 0 0 0 0 0 0 0 0 0 0 0 0 0 0
0 0 0 0 0 0 0 0 0 0 0 0 0 0 0 0 0 0 0 0 0 0 0 0 0
0 0 0 0 0 0 0 0 0 0 0 4 4 4 4 4 4 4 0 0 0 0 0 0 0
0 0 0 0 0 0 0 0 0 0 0 4 4 2 4 4 4 4 0 0 0 0 0 0 0
0 0 0 0 0 0 0 0 0 0 0 4 4 4 4 4 4 4 0 0 0 0 0 0 0
0 0 0 0 0 0 0 0 0 0 0 4 4 4 4 4 2 4 0 0 0 0 0 0 0
0 0 0 0 0 0 0 0 0 0 0 4 2 4 4 4 4 4 0 0 0 0 0 0 0
0 0 0 0 0 0 0 0 0 0 0 4 4 4 4 4 4 4 0 0 0 0 0 0 0
0 0 0 0 0 0 0 0 0 0 0 0 0 0 0 0 0 0 0 0 0 0 0 0 0
0 0 0 0 0 0 0 0 0 0 0 0 0 0 0 0 0 0 0 0 0 0 0 0 0
0 0 0 0 0 0 0 0 0 0 0 0 0 0 0 0 0 0 0 0 0 0 0 0 0
0 0 0 0 0 0 0 0 0 0 0 0 0 0 0 0 0 0 0 0 0 0 0 0 0
0 0 0 0 0 0 0 0 0 0 0 0 0 0 0 0 0 0 0 0 0 0 0 0 0
0 0 0 0 0 0 0 0 0 0 0 0 0 0 0 0 0 0 0 0 0 0 0 0 0
0 0 0 0 0 0 0 0 0 0 0 0 0 0 0 0 0 0 0 0 0 0 0 0 0

Example 2 output (25x25):
0 0 0 0 0 0 0 0 0 0 0 0 0 0 0 0 0 0 0 0 0 0 0 0 0
0 0 3 3 3 3 3 0 0 0 0 0 0 0 0 0 0 0 0 0 0 0 0 0 0
0 0 3 4 4 4 3 0 0 0 0 0 0 0 0 0 0 0 0 0 0 0 0 0 0
0 0 3 4 3 4 3 0 0 0 0 0 0 0 0 0 0 0 0 0 0 0 0 0 0
0 0 3 4 4 4 3 0 0 0 0 0 0 0 0 0 0 0 0 0 0 0 0 0 0
0 0 3 3 3 3 3 0 0 0 0 0 0 0 0 0 0 0 0 0 0 0 0 0 0
0 0 0 0 0 0 0 0 0 0 0 0 0 0 0 0 0 0 0 0 0 0 0 0 0
0 0 0 0 0 0 0 0 0 0 0 0 0 0 0 0 0 0 0 0 0 0 0 0 0
0 0 0 0 0 0 0 0 0 0 0 0 0 0 0 0 0 0 0 0 0 0 0 0 0
0 0 0 0 0 0 0 0 2 2 2 2 2 2 2 2 2 2 2 2 2 0 0 0 0
0 0 0 0 0 0 0 0 2 2 2 2 2 2 2 2 2 2 2 2 2 0 0 0 0
0 0 0 0 0 0 0 0 2 2 2 2 2 2 2 2 2 2 2 2 2 0 0 0 0
0 0 0 0 0 0 0 0 2 2 2 4 4 4 4 4 4 4 2 2 2 0 0 0 0
0 0 0 0 0 0 0 0 2 2 2 4 4 2 4 4 4 4 2 2 2 0 0 0 0
0 0 0 0 0 0 0 0 2 2 2 4 4 4 4 4 4 4 2 2 2 0 0 0 0
0 0 0 0 0 0 0 0 2 2 2 4 4 4 4 4 2 4 2 2 2 0 0 0 0
0 0 0 0 0 0 0 0 2 2 2 4 2 4 4 4 4 4 2 2 2 0 0 0 0
0 0 0 0 0 0 0 0 2 2 2 4 4 4 4 4 4 4 2 2 2 0 0 0 0
0 0 0 0 0 0 0 0 2 2 2 2 2 2 2 2 2 2 2 2 2 0 0 0 0
0 0 0 0 0 0 0 0 2 2 2 2 2 2 2 2 2 2 2 2 2 0 0 0 0
0 0 0 0 0 0 0 0 2 2 2 2 2 2 2 2 2 2 2 2 2 0 0 0 0
0 0 0 0 0 0 0 0 0 0 0 0 0 0 0 0 0 0 0 0 0 0 0 0 0
0 0 0 0 0 0 0 0 0 0 0 0 0 0 0 0 0 0 0 0 0 0 0 0 0
0 0 0 0 0 0 0 0 0 0 0 0 0 0 0 0 0 0 0 0 0 0 0 0 0
0 0 0 0 0 0 0 0 0 0 0 0 0 0 0 0 0 0 0 0 0 0 0 0 0

Example 3 input (25x25):
0 0 0 0 0 0 0 0 0 0 0 0 0 0 0 0 0 0 0 0 0 0 0 0 0
0 0 0 0 0 0 0 0 0 0 0 0 0 0 0 0 0 0 0 0 0 0 0 0 0
0 0 0 0 0 0 4 4 4 4 0 0 0 0 0 0 0 0 0 0 0 0 0 0 0
0 0 0 0 0 0 4 1 4 4 0 0 0 0 0 0 0 0 0 0 0 0 0 0 0
0 0 0 0 0 0 4 4 4 4 0 0 0 0 0 0 0 0 0 0 0 0 0 0 0
0 0 0 0 0 0 4 4 4 4 0 0 0 0 0 0 0 0 0 0 0 0 0 0 0
0 0 0 0 0 0 0 0 0 0 0 0 0 0 0 0 0 0 0 0 0 0 0 0 0
0 0 0 0 0 0 0 0 0 0 0 0 0 0 0 0 0 0 0 0 0 0 0 0 0
0 0 0 0 0 0 0 0 0 0 0 0 0 0 0 0 0 0 0 0 0 0 0 0 0
0 0 0 0 0 0 0 0 0 0 0 0 0 0 0 0 0 0 0 0 0 0 0 0 0
0 0 0 0 0 0 0 0 0 0 0 0 0 0 0 0 0 0 0 0 0 0 0 0 0
0 0 0 0 0 0 0 0 0 0 0 0 0 0 0 0 0 0 0 0 0 0 0 0 0
0 0 0 0 0 0 0 0 4 4 4 4 4 4 4 4 4 4 0 0 0 0 0 0 0
0 0 0 0 0 0 0 0 4 4 8 4 4 4 4 4 4 4 0 0 0 0 0 0 0
0 0 0 0 0 0 0 0 4 4 4 4 4 4 8 4 4 4 0 0 0 0 0 0 0
0 0 0 0 0 0 0 0 4 4 4 4 4 4 4 4 4 4 0 0 0 0 0 0 0
0 0 0 0 0 0 0 0 4 4 4 8 4 4 4 4 4 4 0 0 0 0 0 0 0
0 0 0 0 0 0 0 0 4 4 4 4 4 4 4 4 4 4 0 0 0 0 0 0 0
0 0 0 0 0 0 0 0 4 4 4 4 4 4 8 4 4 4 0 0 0 0 0 0 0
0 0 0 0 0 0 0 0 4 4 4 4 4 4 4 4 4 4 0 0 0 0 0 0 0
0 0 0 0 0 0 0 0 0 0 0 0 0 0 0 0 0 0 0 0 0 0 0 0 0
0 0 0 0 0 0 0 0 0 0 0 0 0 0 0 0 0 0 0 0 0 0 0 0 0
0 0 0 0 0 0 0 0 0 0 0 0 0 0 0 0 0 0 0 0 0 0 0 0 0
0 0 0 0 0 0 0 0 0 0 0 0 0 0 0 0 0 0 0 0 0 0 0 0 0
0 0 0 0 0 0 0 0 0 0 0 0 0 0 0 0 0 0 0 0 0 0 0 0 0

Example 3 output (25x25):
0 0 0 0 0 0 0 0 0 0 0 0 0 0 0 0 0 0 0 0 0 0 0 0 0
0 0 0 0 0 1 1 1 1 1 1 0 0 0 0 0 0 0 0 0 0 0 0 0 0
0 0 0 0 0 1 4 4 4 4 1 0 0 0 0 0 0 0 0 0 0 0 0 0 0
0 0 0 0 0 1 4 1 4 4 1 0 0 0 0 0 0 0 0 0 0 0 0 0 0
0 0 0 0 0 1 4 4 4 4 1 0 0 0 0 0 0 0 0 0 0 0 0 0 0
0 0 0 0 0 1 4 4 4 4 1 0 0 0 0 0 0 0 0 0 0 0 0 0 0
0 0 0 0 0 1 1 1 1 1 1 0 0 0 0 0 0 0 0 0 0 0 0 0 0
0 0 0 0 0 0 0 0 0 0 0 0 0 0 0 0 0 0 0 0 0 0 0 0 0
0 0 0 0 8 8 8 8 8 8 8 8 8 8 8 8 8 8 8 8 8 8 0 0 0
0 0 0 0 8 8 8 8 8 8 8 8 8 8 8 8 8 8 8 8 8 8 0 0 0
0 0 0 0 8 8 8 8 8 8 8 8 8 8 8 8 8 8 8 8 8 8 0 0 0
0 0 0 0 8 8 8 8 8 8 8 8 8 8 8 8 8 8 8 8 8 8 0 0 0
0 0 0 0 8 8 8 8 4 4 4 4 4 4 4 4 4 4 8 8 8 8 0 0 0
0 0 0 0 8 8 8 8 4 4 8 4 4 4 4 4 4 4 8 8 8 8 0 0 0
0 0 0 0 8 8 8 8 4 4 4 4 4 4 8 4 4 4 8 8 8 8 0 0 0
0 0 0 0 8 8 8 8 4 4 4 4 4 4 4 4 4 4 8 8 8 8 0 0 0
0 0 0 0 8 8 8 8 4 4 4 8 4 4 4 4 4 4 8 8 8 8 0 0 0
0 0 0 0 8 8 8 8 4 4 4 4 4 4 4 4 4 4 8 8 8 8 0 0 0
0 0 0 0 8 8 8 8 4 4 4 4 4 4 8 4 4 4 8 8 8 8 0 0 0
0 0 0 0 8 8 8 8 4 4 4 4 4 4 4 4 4 4 8 8 8 8 0 0 0
0 0 0 0 8 8 8 8 8 8 8 8 8 8 8 8 8 8 8 8 8 8 0 0 0
0 0 0 0 8 8 8 8 8 8 8 8 8 8 8 8 8 8 8 8 8 8 0 0 0
0 0 0 0 8 8 8 8 8 8 8 8 8 8 8 8 8 8 8 8 8 8 0 0 0
0 0 0 0 8 8 8 8 8 8 8 8 8 8 8 8 8 8 8 8 8 8 0 0 0
0 0 0 0 0 0 0 0 0 0 0 0 0 0 0 0 0 0 0 0 0 0 0 0 0

Test input (29x29):
0 0 0 0 0 0 0 0 0 0 0 0 0 0 0 0 0 0 0 0 0 0 0 0 0 0 0 0 0
0 0 0 0 0 0 0 0 0 0 0 0 0 0 0 0 0 0 0 0 0 0 0 0 0 0 0 0 0
0 0 0 0 4 4 4 4 0 0 0 0 0 0 0 0 0 0 0 0 0 0 0 0 0 0 0 0 0
0 0 0 0 4 4 1 4 0 0 0 0 0 0 0 0 0 0 4 4 4 4 4 0 0 0 0 0 0
0 0 0 0 4 4 4 4 0 0 0 0 0 0 0 0 0 0 4 3 4 4 4 0 0 0 0 0 0
0 0 0 0 0 0 0 0 0 0 0 0 0 0 0 0 0 0 4 4 4 3 4 0 0 0 0 0 0
0 0 0 0 0 0 0 0 0 0 0 0 0 0 0 0 0 0 4 4 4 4 4 0 0 0 0 0 0
0 0 0 0 0 0 0 0 0 0 0 0 0 0 0 0 0 0 0 0 0 0 0 0 0 0 0 0 0
0 0 0 0 0 0 0 0 0 0 0 0 0 0 0 0 0 0 0 0 0 0 0 0 0 0 0 0 0
0 0 0 0 0 0 0 0 0 0 0 0 0 0 0 0 0 0 0 0 0 0 0 0 0 0 0 0 0
0 0 0 0 0 0 0 0 0 0 0 0 0 0 0 0 0 0 0 0 0 0 0 0 0 0 0 0 0
0 0 0 0 0 0 0 0 0 0 0 0 0 0 0 0 0 0 0 0 0 0 0 0 0 0 0 0 0
0 0 0 0 0 0 0 0 0 0 0 0 0 0 0 0 0 0 0 0 0 0 0 0 0 0 0 0 0
0 0 0 0 0 0 0 0 0 0 0 0 0 0 0 0 0 0 0 0 0 0 0 0 0 0 0 0 0
0 0 0 0 0 0 0 0 0 0 0 0 0 0 0 0 0 0 0 0 0 0 0 0 0 0 0 0 0
0 0 0 0 0 0 4 4 4 4 4 4 4 0 0 0 0 0 0 0 0 0 0 0 0 0 0 0 0
0 0 0 0 0 0 4 4 4 4 6 4 4 0 0 0 0 0 0 0 0 0 0 0 0 0 0 0 0
0 0 0 0 0 0 4 4 6 4 4 4 4 0 0 0 0 0 0 0 0 0 0 0 0 0 0 0 0
0 0 0 0 0 0 4 4 4 4 4 6 4 0 0 0 0 0 0 0 0 0 0 0 0 0 0 0 0
0 0 0 0 0 0 4 6 4 6 4 4 4 0 0 0 0 0 0 0 0 0 0 0 0 0 0 0 0
0 0 0 0 0 0 4 4 4 4 4 4 4 0 0 0 0 0 0 0 0 0 0 0 0 0 0 0 0
0 0 0 0 0 0 0 0 0 0 0 0 0 0 0 0 0 0 0 0 0 0 0 0 0 0 0 0 0
0 0 0 0 0 0 0 0 0 0 0 0 0 0 0 0 0 0 0 0 0 0 0 0 0 0 0 0 0
0 0 0 0 0 0 0 0 0 0 0 0 0 0 0 0 0 0 0 0 0 0 0 0 0 0 0 0 0
0 0 0 0 0 0 0 0 0 0 0 0 0 0 0 0 0 0 0 0 0 0 0 0 0 0 0 0 0
0 0 0 0 0 0 0 0 0 0 0 0 0 0 0 0 0 0 0 0 0 0 0 0 0 0 0 0 0
0 0 0 0 0 0 0 0 0 0 0 0 0 0 0 0 0 0 0 0 0 0 0 0 0 0 0 0 0
0 0 0 0 0 0 0 0 0 0 0 0 0 0 0 0 0 0 0 0 0 0 0 0 0 0 0 0 0
0 0 0 0 0 0 0 0 0 0 0 0 0 0 0 0 0 0 0 0 0 0 0 0 0 0 0 0 0
