Example 1 input (15x15):
0 3 3 9 3 3 0 0 0 0 0 0 0 0 0
0 3 3 3 3 3 0 3 9 3 3 0 0 0 0
0 9 3 3 9 3 0 3 3 3 9 0 0 0 0
0 0 0 0 0 0 0 9 3 9 3 0 0 0 0
0 0 0 0 0 0 0 3 3 3 3 0 0 0 0
3 3 9 0 0 0 0 0 0 0 0 0 0 0 0
9 3 3 0 0 3 9 3 0 0 0 3 3 9 3
3 9 3 0 0 3 3 9 0 0 0 9 3 3 3
3 3 3 0 0 0 0 0 0 0 0 3 3 9 3
9 3 3 0 0 0 0 0 0 0 0 3 9 3 3
3 3 9 0 3 3 3 9 3 0 0 3 3 9 3
0 0 0 0 9 3 9 3 3 0 0 3 3 3 9
0 0 0 0 3 3 3 3 3 0 0 9 3 3 3
0 0 0 0 0 0 0 0 0 0 0 0 0 0 0
0 0 0 0 0 0 0 0 0 0 0 0 0 0 0

Example 1 output (15x15):
0 3 3 9 3 3 0 0 0 0 0 0 0 0 0
0 3 3 3 3 3 0 3 9 3 3 0 0 0 0
0 9 3 3 9 3 0 3 3 3 9 0 0 0 0
0 0 0 0 0 0 0 9 3 9 3 0 0 0 0
0 0 0 0 0 0 0 3 3 3 3 0 0 0 0
3 3 9 0 0 0 0 0 0 0 0 0 0 0 0
9 3 3 0 0 0 0 0 0 0 0 3 3 9 3
3 9 3 0 0 0 0 0 0 0 0 9 3 3 3
3 3 3 0 0 0 0 0 0 0 0 3 3 9 3
9 3 3 0 0 0 0 0 0 0 0 3 9 3 3
3 3 9 0 3 3 3 9 3 0 0 3 3 9 3
0 0 0 0 9 3 9 3 3 0 0 3 3 3 9
0 0 0 0 3 3 3 3 3 0 0 9 3 3 3
0 0 0 0 0 0 0 0 0 0 0 0 0 0 0
0 0 0 0 0 0 0 0 0 0 0 0 0 0 0

Example 2 input (15x15):
0 3 3 3 0 0 0 0 0 0 0 0 0 0 0
0 9 3 9 0 0 3 3 3 3 3 0 0 0 0
0 3 9 3 0 0 3 3 3 9 3 0 0 0 0
0 3 3 9 0 0 3 3 3 3 3 0 0 0 0
0 3 3 3 0 0 3 3 3 3 3 0 0 0 0
0 0 0 0 0 0 3 3 3 3 3 0 0 0 0
0 0 3 9 3 0 0 0 0 0 0 0 0 0 0
0 0 9 3 3 0 0 0 0 0 0 0 0 0 0
0 0 0 0 0 0 0 0 3 3 3 3 3 3 3
0 3 3 3 3 3 0 0 3 3 3 3 3 3 3
0 3 3 3 3 3 0 0 3 9 3 9 9 3 3
0 3 9 3 3 3 0 0 3 3 3 3 3 3 3
0 3 3 3 3 3 0 0 3 3 9 3 3 3 3
0 3 3 3 9 3 0 0 3 3 3 3 3 3 9
0 0 0 0 0 0 0 0 0 0 0 0 0 0 0

Example 2 output (15x15):
0 3 3 3 0 0 0 0 0 0 0 0 0 0 0
0 9 3 9 0 0 0 0 0 0 0 0 0 0 0
0 3 9 3 0 0 0 0 0 0 0 0 0 0 0
0 3 3 9 0 0 0 0 0 0 0 0 0 0 0
0 3 3 3 0 0 0 0 0 0 0 0 0 0 0
0 0 0 0 0 0 0 0 0 0 0 0 0 0 0
0 0 3 9 3 0 0 0 0 0 0 0 0 0 0
0 0 9 3 3 0 0 0 0 0 0 0 0 0 0
0 0 0 0 0 0 0 0 3 3 3 3 3 3 3
0 3 3 3 3 3 0 0 3 3 3 3 3 3 3
0 3 3 3 3 3 0 0 3 9 3 9 9 3 3
0 3 9 3 3 3 0 0 3 3 3 3 3 3 3
0 3 3 3 3 3 0 0 3 3 9 3 3 3 3
0 3 3 3 9 3 0 0 3 3 3 3 3 3 9
0 0 0 0 0 0 0 0 0 0 0 0 0 0 0

Example 3 input (15x15):
0 0 0 0 0 0 0 0 0 0 0 0 3 3 3
0 3 3 3 3 3 0 0 0 0 0 0 3 9 3
0 3 3 9 3 3 0 3 3 3 3 0 3 9 3
0 3 9 3 3 3 0 3 9 9 3 0 3 3 9
0 0 0 0 0 0 0 3 3 3 3 0 9 3 3
0 0 0 0 0 0 0 3 3 9 3 0 0 0 0
0 0 0 0 0 0 0 0 0 0 0 0 0 0 0
3 9 3 3 3 0 0 0 0 0 0 0 3 3 0
3 3 3 9 3 0 0 0 0 0 0 0 3 9 0
3 9 3 3 3 0 0 3 3 3 3 0 3 3 0
3 3 3 9 3 0 0 3 9 3 9 0 3 9 0
0 0 0 0 0 0 0 3 3 3 3 0 9 3 0
0 0 0 0 0 0 0 3 9 9 3 0 0 0 0
0 0 0 0 0 0 0 3 3 3 9 0 0 0 0
0 0 0 0 0 0 0 0 0 0 0 0 0 0 0

Example 3 output (15x15):
0 0 0 0 0 0 0 0 0 0 0 0 3 3 3
0 0 0 0 0 0 0 0 0 0 0 0 3 9 3
0 0 0 0 0 0 0 3 3 3 3 0 3 9 3
0 0 0 0 0 0 0 3 9 9 3 0 3 3 9
0 0 0 0 0 0 0 3 3 3 3 0 9 3 3
0 0 0 0 0 0 0 3 3 9 3 0 0 0 0
0 0 0 0 0 0 0 0 0 0 0 0 0 0 0
3 9 3 3 3 0 0 0 0 0 0 0 3 3 0
3 3 3 9 3 0 0 0 0 0 0 0 3 9 0
3 9 3 3 3 0 0 3 3 3 3 0 3 3 0
3 3 3 9 3 0 0 3 9 3 9 0 3 9 0
0 0 0 0 0 0 0 3 3 3 3 0 9 3 0
0 0 0 0 0 0 0 3 9 9 3 0 0 0 0
0 0 0 0 0 0 0 3 3 3 9 0 0 0 0
0 0 0 0 0 0 0 0 0 0 0 0 0 0 0

Example 4 input (15x15):
0 0 0 0 0 0 0 0 0 0 0 0 0 0 0
3 3 9 3 3 3 3 0 0 0 3 3 9 3 9
3 3 3 3 3 9 3 0 0 0 3 3 3 3 3
3 9 3 9 3 3 3 0 0 0 3 9 3 3 9
3 3 3 3 9 3 3 0 0 0 3 3 3 3 3
3 3 9 3 3 3 3 0 0 0 0 0 0 0 0
0 0 0 0 0 0 0 0 0 0 0 0 0 0 0
0 0 0 0 0 0 3 3 3 3 3 3 3 0 0
0 3 3 3 3 0 3 3 3 3 3 9 3 0 0
0 3 9 3 9 0 3 9 3 3 3 3 3 0 0
0 3 3 3 9 0 3 3 3 9 3 3 3 0 0
0 9 3 9 3 0 3 3 3 3 3 3 3 0 0
0 3 3 3 3 0 0 0 0 0 0 0 0 0 0
0 0 0 0 0 0 0 0 0 0 0 0 0 0 0
0 0 0 0 0 0 0 0 0 0 0 0 0 0 0

Example 4 output (15x15):
0 0 0 0 0 0 0 0 0 0 0 0 0 0 0
3 3 9 3 3 3 3 0 0 0 3 3 9 3 9
3 3 3 3 3 9 3 0 0 0 3 3 3 3 3
3 9 3 9 3 3 3 0 0 0 3 9 3 3 9
3 3 3 3 9 3 3 0 0 0 3 3 3 3 3
3 3 9 3 3 3 3 0 0 0 0 0 0 0 0
0 0 0 0 0 0 0 0 0 0 0 0 0 0 0
0 0 0 0 0 0 0 0 0 0 0 0 0 0 0
0 3 3 3 3 0 0 0 0 0 0 0 0 0 0
0 3 9 3 9 0 0 0 0 0 0 0 0 0 0
0 3 3 3 9 0 0 0 0 0 0 0 0 0 0
0 9 3 9 3 0 0 0 0 0 0 0 0 0 0
0 3 3 3 3 0 0 0 0 0 0 0 0 0 0
0 0 0 0 0 0 0 0 0 0 0 0 0 0 0
0 0 0 0 0 0 0 0 0 0 0 0 0 0 0

Test input (15x15):
0 0 0 0 0 0 0 0 0 3 3 3 3 3 0
0 0 3 3 3 3 9 3 0 3 9 3 3 3 0
0 0 3 9 3 3 3 3 0 3 3 3 3 3 0
0 0 3 3 3 3 3 9 0 3 3 3 3 3 0
0 0 0 0 0 0 0 0 0 3 3 3 3 3 0
3 3 3 3 3 0 0 0 0 3 3 9 3 3 0
3 9 3 9 3 0 0 0 0 0 0 0 0 0 0
3 3 3 3 3 0 0 0 0 0 0 0 0 0 0
3 9 3 9 3 0 3 3 9 9 3 0 0 0 0
3 3 9 3 3 0 3 3 3 3 3 0 0 0 0
3 3 3 3 3 0 3 9 3 9 3 0 3 3 3
0 0 0 0 0 0 3 3 3 3 3 0 3 3 9
3 3 9 3 0 0 0 0 0 0 0 0 3 3 3
3 9 3 9 0 0 0 0 0 0 0 0 3 9 9
9 3 3 3 0 0 0 0 0 0 0 0 3 3 3
