Example 1 input (14x10):
0 0 0 0 0 0 0 0 0 0
0 0 3 0 0 0 0 0 0 0
0 3 3 3 0 0 0 0 0 0
0 0 3 0 0 0 0 0 0 0
0 0 0 0 0 0 0 0 0 0
0 0 0 0 0 0 0 0 0 0
0 0 0 0 0 0 0 3 0 0
0 0 0 0 0 0 3 3 3 0
0 0 0 0 0 0 0 3 0 0
0 0 0 0 0 0 0 0 0 0
0 0 0 3 0 0 0 0 0 0
0 0 3 3 3 0 0 0 0 0
0 0 0 3 0 0 0 0 0 0
0 0 0 0 0 0 0 0 0 0

Example 1 output (14x10):
0 0 0 0 0 0 0 0 0 0
0 0 3 0 0 0 0 0 0 0
0 3 3 3 0 0 0 0 0 0
0 0 3 2 0 0 0 0 0 0
0 0 0 0 2 0 0 0 0 0
0 0 0 0 0 2 0 0 0 0
0 0 0 0 0 0 2 3 0 0
0 0 0 0 0 0 3 3 3 0
0 0 0 0 0 0 2 3 0 0
0 0 0 0 0 2 0 0 0 0
0 0 0 3 2 0 0 0 0 0
0 0 3 3 3 0 0 0 0 0
0 0 0 3 0 0 0 0 0 0
0 0 0 0 0 0 0 0 0 0

Example 2 input (14x16):
0 0 0 3 0 0 0 0 0 0 0 0 0 0 0 0
0 0 3 3 3 0 0 0 0 0 3 0 0 0 0 0
0 0 0 3 0 0 0 0 0 3 3 3 0 0 0 0
0 0 0 0 0 0 0 0 0 0 3 0 0 0 0 0
0 0 0 0 0 0 0 3 0 0 0 0 0 0 0 0
0 0 0 0 0 0 3 3 3 0 0 0 0 0 0 0
0 0 0 0 0 0 0 3 0 0 0 0 0 0 0 0
0 0 0 0 0 0 0 0 0 0 0 0 0 0 0 0
0 0 0 0 0 0 0 0 0 0 0 0 0 0 0 0
0 0 0 0 0 0 0 0 0 0 3 0 0 0 0 0
0 0 0 0 0 0 0 0 0 3 3 3 0 0 0 0
0 0 0 0 0 0 0 0 0 0 3 0 0 0 0 0
0 0 0 0 0 0 0 0 0 0 0 0 0 0 0 0
0 0 0 0 0 0 0 0 0 0 0 0 0 0 0 0

Example 2 output (14x16):
0 0 0 3 0 0 0 0 0 0 0 0 0 0 0 0
0 0 3 3 3 0 0 0 0 0 3 0 0 0 0 0
0 0 0 3 2 0 0 0 0 3 3 3 0 0 0 0
0 0 0 0 0 2 0 0 0 2 3 0 0 0 0 0
0 0 0 0 0 0 2 3 2 0 0 0 0 0 0 0
0 0 0 0 0 0 3 3 3 0 0 0 0 0 0 0
0 0 0 0 0 0 0 3 0 0 0 0 0 0 0 0
0 0 0 0 0 0 0 0 0 0 0 0 0 0 0 0
0 0 0 0 0 0 0 0 0 0 0 0 0 0 0 0
0 0 0 0 0 0 0 0 0 0 3 0 0 0 0 0
0 0 0 0 0 0 0 0 0 3 3 3 0 0 0 0
0 0 0 0 0 0 0 0 0 0 3 0 0 0 0 0
0 0 0 0 0 0 0 0 0 0 0 0 0 0 0 0
0 0 0 0 0 0 0 0 0 0 0 0 0 0 0 0

Example 3 input (12x13):
0 0 0 0 0 0 0 0 0 0 3 0 0
0 0 0 0 0 0 0 0 0 3 3 3 0
0 0 0 0 0 0 3 0 0 0 3 0 0
0 0 0 0 0 3 3 3 0 0 0 0 0
0 0 0 0 0 0 3 0 0 0 0 0 0
0 0 0 3 0 0 0 0 0 0 0 0 0
0 0 3 3 3 0 0 0 0 0 0 0 0
0 0 0 3 0 0 0 0 0 0 3 0 0
0 0 0 0 0 0 0 0 0 3 3 3 0
0 0 0 0 0 0 0 0 0 0 3 0 0
0 0 0 0 0 0 0 0 0 0 0 0 0
0 0 0 0 0 0 0 0 0 0 0 0 0

Example 3 output (12x13):
0 0 0 0 0 0 0 0 0 0 3 0 0
0 0 0 0 0 0 0 0 0 3 3 3 0
0 0 0 0 0 0 3 0 0 0 3 0 0
0 0 0 0 0 3 3 3 0 0 0 0 0
0 0 0 0 0 2 3 0 0 0 0 0 0
0 0 0 3 2 0 0 0 0 0 0 0 0
0 0 3 3 3 0 0 0 0 0 0 0 0
0 0 0 3 0 0 0 0 0 0 3 0 0
0 0 0 0 0 0 0 0 0 3 3 3 0
0 0 0 0 0 0 0 0 0 0 3 0 0
0 0 0 0 0 0 0 0 0 0 0 0 0
0 0 0 0 0 0 0 0 0 0 0 0 0

Test input (17x13):
0 0 3 0 0 0 0 0 0 0 0 0 0
0 3 3 3 0 0 0 0 0 0 0 0 0
0 0 3 0 0 0 0 0 0 0 0 0 0
0 0 0 0 0 0 0 0 0 0 0 0 0
0 0 0 0 0 0 0 0 0 0 0 0 0
0 0 0 0 0 0 0 0 0 0 0 0 0
0 0 0 0 0 0 0 0 3 0 0 0 0
0 0 0 0 0 0 0 3 3 3 0 0 0
0 0 0 0 0 0 0 0 3 0 0 0 0
0 0 0 0 0 0 0 0 0 0 0 0 0
0 0 0 0 3 0 0 0 0 0 0 0 0
0 0 0 3 3 3 0 0 0 0 0 0 0
0 0 0 0 3 0 0 0 0 0 0 0 0
0 0 0 0 0 0 0 0 0 0 3 0 0
0 0 0 0 0 0 0 0 0 3 3 3 0
0 0 0 0 0 0 0 0 0 0 3 0 0
0 0 0 0 0 0 0 0 0 0 0 0 0
