Example 1 input (9x9):
4 4 4 4 4 4 4 4 4
4 4 4 4 4 4 4 4 4
4 1 4 4 4 4 4 4 4
4 4 4 4 4 4 4 4 4
4 4 4 4 4 4 4 4 4
4 4 4 4 4 4 4 4 4
4 4 4 4 4 4 4 4 4
4 4 4 4 4 4 1 4 4
4 4 4 4 4 4 4 4 4

Example 1 output (9x9):
4 4 4 4 4 4 4 4 4
4 4 4 4 4 4 4 4 4
4 1 4 4 4 4 4 4 4
4 4 1 4 4 4 4 4 4
4 4 4 1 4 4 4 4 4
4 4 4 4 1 4 4 4 4
4 4 4 4 4 1 4 4 4
4 4 4 4 4 4 1 4 4
4 4 4 4 4 4 4 4 4

Example 2 input (8x11):
8 8 8 8 8 8 8 8 8 8 8
8 8 8 8 8 8 1 8 8 8 8
8 8 8 8 8 8 8 8 8 8 8
8 8 8 8 6 8 8 8 8 8 8
8 8 8 8 8 8 8 8 8 8 8
8 8 8 8 8 8 8 8 8 8 8
8 1 8 8 8 8 8 8 8 8 8
8 8 8 8 8 8 8 8 8 8 8

Example 2 output (8x11):
8 6 8 8 8 8 8 8 8 8 8
8 8 6 8 8 8 1 8 8 8 8
8 8 8 6 8 1 8 8 8 8 8
8 8 8 8 6 8 8 8 8 8 8
8 8 8 1 8 6 8 8 8 8 8
8 8 1 8 8 8 6 8 8 8 8
8 1 8 8 8 8 8 6 8 8 8
8 8 8 8 8 8 8 8 6 8 8

Example 3 input (9x12):
4 4 4 4 4 4 4 4 4 4 4 4
4 4 4 4 4 4 4 1 4 4 4 4
4 4 4 4 4 4 4 4 4 4 4 4
4 4 4 4 4 4 4 4 4 4 4 4
4 4 4 4 4 4 4 4 4 4 4 4
4 4 4 4 4 4 4 4 4 4 4 4
4 4 4 4 4 4 4 6 4 4 4 4
4 1 4 4 4 4 4 4 4 4 4 4
4 4 4 4 4 4 4 4 4 4 4 4

Example 3 output (9x12):
4 4 4 4 4 4 4 4 4 4 4 4
4 4 4 4 4 4 4 1 4 4 4 4
4 4 4 4 4 4 1 4 4 4 4 4
4 4 4 4 4 1 4 4 4 4 4 4
4 4 4 4 1 4 4 4 4 4 4 4
4 4 4 1 4 4 4 4 4 4 4 4
4 4 1 4 4 4 4 6 4 4 4 4
4 1 4 4 4 4 4 4 4 4 4 4
4 4 4 4 4 4 4 4 4 4 4 4

Example 4 input (15x12):
5 5 5 5 5 5 5 5 5 5 5 5
5 5 5 5 5 5 5 5 5 5 5 5
5 5 5 5 5 5 5 5 5 6 5 5
5 1 5 5 5 5 5 5 5 5 5 5
5 5 5 5 5 5 5 5 5 5 5 5
5 5 5 6 5 5 5 5 5 5 5 5
5 5 5 5 5 5 5 5 5 5 5 5
5 5 5 5 5 5 5 5 5 5 5 5
5 5 5 5 5 5 6 5 5 5 5 5
5 5 5 5 5 5 5 1 5 5 5 5
5 5 5 5 5 5 5 5 5 5 5 5
5 5 5 5 5 5 5 5 5 5 5 5
5 5 5 5 5 5 5 5 5 5 5 5
5 5 5 5 6 5 5 5 5 5 5 5
5 5 5 5 5 5 5 5 5 5 5 5

Example 4 output (15x12):
5 5 5 5 5 5 5 5 6 5 5 5
5 5 5 5 5 5 5 6 5 5 5 5
5 5 5 5 5 5 6 5 5 6 5 5
5 1 5 5 5 6 5 5 5 5 5 6
5 5 1 5 6 5 5 5 5 5 6 5
5 5 5 6 5 5 5 5 5 6 5 5
5 5 6 5 1 5 5 5 6 5 5 5
5 6 5 5 5 1 5 6 5 5 5 5
6 5 5 5 5 5 6 5 5 5 5 5
5 5 5 5 5 6 5 1 5 5 5 5
5 5 5 5 6 5 5 5 5 5 5 5
5 5 5 6 5 5 5 5 5 5 5 5
5 5 6 5 5 5 5 5 5 5 5 5
5 6 5 5 6 5 5 5 5 5 5 5
6 5 5 5 5 5 5 5 5 5 5 5

Example 5 input (15x16):
8 8 8 8 8 8 8 8 8 8 8 8 8 8 8 8
8 8 8 8 8 8 8 8 6 8 8 8 8 8 8 8
8 8 1 8 8 8 8 8 8 8 8 8 8 8 8 8
8 8 8 8 8 8 8 8 8 8 8 8 1 8 8 8
8 8 8 8 8 8 8 8 8 8 8 8 8 8 8 8
8 8 8 8 8 8 8 8 8 8 8 8 8 8 8 8
8 8 8 8 8 8 8 8 8 8 8 8 8 8 8 8
8 8 8 8 8 8 8 8 8 8 8 8 8 8 8 8
8 8 8 8 8 8 8 8 8 8 8 8 8 8 8 8
8 8 8 8 8 8 8 8 8 6 8 8 8 8 8 8
8 6 8 8 8 8 8 8 8 8 8 8 8 8 8 8
8 8 8 8 8 8 8 8 8 8 8 1 8 8 8 8
8 8 8 8 8 8 8 8 8 8 8 8 8 8 8 8
8 8 8 8 8 8 8 8 8 8 8 8 8 8 8 8
8 8 8 1 8 8 8 8 8 8 8 8 8 6 8 8

Example 5 output (15x16):
8 8 8 8 8 8 8 8 8 8 8 8 8 8 8 8
8 8 8 8 8 8 8 8 6 8 8 8 8 8 8 8
8 8 1 8 8 8 8 8 8 8 8 8 8 8 8 8
8 8 8 1 8 8 8 8 8 8 8 8 1 8 8 6
8 8 8 8 1 8 8 8 8 8 8 8 8 8 6 8
8 8 8 8 8 1 8 8 8 8 8 8 8 6 8 8
8 8 8 8 8 8 1 8 8 8 8 8 6 8 8 8
8 8 8 8 8 8 8 1 8 8 8 6 8 8 8 8
8 8 8 8 8 8 8 8 1 8 6 8 8 8 8 8
8 8 8 8 8 8 8 8 8 6 8 8 8 8 8 8
8 6 8 8 8 8 8 8 6 8 1 8 8 8 8 8
8 8 8 8 8 8 8 6 8 8 8 1 8 8 8 8
8 8 8 8 8 8 6 8 8 8 8 8 8 8 8 8
8 8 8 8 8 6 8 8 8 8 8 8 8 8 8 8
8 8 8 1 6 8 8 8 8 8 8 8 8 6 8 8

Test input (19x16):
4 4 4 4 4 4 4 4 4 4 4 4 4 4 4 4
4 4 4 4 4 4 4 4 4 4 4 4 4 4 4 4
4 4 1 4 4 4 4 4 4 4 4 4 4 4 4 4
4 4 4 4 4 4 4 4 4 4 4 4 4 4 4 4
4 4 4 4 6 4 4 4 4 4 4 4 4 4 1 4
4 4 4 4 4 4 4 4 4 4 4 4 4 4 4 4
4 4 4 4 4 4 6 4 4 4 4 4 4 4 4 4
4 4 4 4 4 4 4 4 4 4 4 4 4 4 6 4
4 4 4 4 4 4 4 4 4 4 4 4 4 4 4 4
4 4 4 4 4 4 4 4 4 4 4 4 4 4 4 4
4 4 4 4 4 4 4 4 4 4 1 4 4 4 4 4
4 4 4 4 4 4 4 4 4 4 4 4 4 4 4 4
4 4 4 4 4 4 4 4 4 4 4 4 4 4 4 4
4 4 4 4 4 4 4 4 4 4 4 4 4 4 4 4
4 4 4 4 4 4 4 4 4 4 4 4 4 4 4 4
4 4 6 4 4 4 4 4 4 4 4 4 4 4 4 4
4 4 4 4 4 4 4 4 4 4 4 4 4 4 4 4
4 4 4 4 4 4 4 4 4 1 4 4 4 4 4 4
4 4 4 4 4 4 4 4 4 4 4 4 4 4 4 4
