Example 1 input (10x10):
5 5 5 5 5 0 5 5 5 5
5 5 5 5 5 5 5 5 5 5
5 5 5 5 5 5 5 5 5 5
5 0 5 5 5 0 5 5 5 5
5 5 5 5 0 0 5 5 5 5
5 0 5 5 0 5 5 5 5 5
5 0 5 5 0 5 5 5 5 5
5 5 5 5 5 5 5 5 0 5
5 0 5 5 0 0 5 5 0 5
5 5 5 5 5 5 5 5 0 5

Example 1 output (10x10):
5 5 5 5 5 3 5 5 5 5
5 5 5 5 5 5 5 5 5 5
5 5 5 5 5 5 5 5 5 5
5 1 5 5 5 3 5 5 5 5
5 5 5 5 2 3 5 5 5 5
5 1 5 5 2 5 5 5 5 5
5 1 5 5 2 5 5 5 5 5
5 5 5 5 5 5 5 5 4 5
5 1 5 5 2 3 5 5 4 5
5 5 5 5 5 5 5 5 4 5

Example 2 input (10x10):
0 5 5 5 5 5 5 0 5 5
5 5 5 5 5 5 5 5 5 5
5 5 5 5 0 5 5 5 5 5
5 5 5 5 5 5 5 0 5 5
5 5 5 5 0 5 5 5 5 5
5 5 5 5 5 5 5 5 5 5
5 5 5 5 5 5 5 5 5 5
5 5 5 5 0 5 5 5 5 5
5 5 5 5 5 5 5 5 0 5
5 5 5 5 0 5 5 5 5 5

Example 2 output (10x10):
1 5 5 5 5 5 5 3 5 5
5 5 5 5 5 5 5 5 5 5
5 5 5 5 2 5 5 5 5 5
5 5 5 5 5 5 5 3 5 5
5 5 5 5 2 5 5 5 5 5
5 5 5 5 5 5 5 5 5 5
5 5 5 5 5 5 5 5 5 5
5 5 5 5 2 5 5 5 5 5
5 5 5 5 5 5 5 5 4 5
5 5 5 5 2 5 5 5 5 5

Example 3 input (10x10):
5 5 5 5 5 0 0 5 5 5
5 5 5 5 5 5 5 5 5 5
5 5 5 5 5 5 5 5 5 5
5 5 5 5 5 5 5 5 5 0
5 5 5 5 5 5 5 5 5 0
5 5 5 5 5 5 5 5 0 0
5 5 5 5 5 5 5 5 5 5
5 5 5 5 5 5 0 5 5 5
5 5 5 5 5 5 5 5 5 0
5 5 5 5 5 5 5 5 5 5

Example 3 output (10x10):
5 5 5 5 5 1 2 5 5 5
5 5 5 5 5 5 5 5 5 5
5 5 5 5 5 5 5 5 5 5
5 5 5 5 5 5 5 5 5 4
5 5 5 5 5 5 5 5 5 4
5 5 5 5 5 5 5 5 3 4
5 5 5 5 5 5 5 5 5 5
5 5 5 5 5 5 2 5 5 5
5 5 5 5 5 5 5 5 5 4
5 5 5 5 5 5 5 5 5 5

Test input (10x10):
5 5 5 0 5 5 5 5 5 5
5 5 5 5 5 5 5 5 5 5
5 5 5 5 5 5 5 5 5 5
0 5 5 5 5 5 5 5 5 5
5 5 5 5 5 0 5 5 5 5
5 5 0 5 5 5 5 5 5 5
5 5 0 5 5 5 5 5 5 5
0 5 5 5 5 5 5 5 5 5
5 5 5 5 5 5 5 5 5 5
0 5 5 5 5 0 5 5 5 5
