Example 1 input (6x6):
0 6 0 0 0 7
0 0 0 4 0 0
2 0 0 0 9 0
0 0 3 0 0 0
0 0 0 5 0 0
1 0 0 0 8 0

Example 1 output (3x3):
6 4 7
2 3 9
1 5 8

Example 2 input (9x9):
0 0 0 7 0 0 8 0 0
0 4 0 0 0 0 0 0 0
0 0 0 0 0 0 0 0 0
0 0 0 0 0 2 0 0 0
0 0 0 0 0 0 0 0 1
5 0 0 0 0 0 0 0 0
0 0 3 0 0 0 6 0 0
0 0 0 0 9 0 0 0 0
0 0 0 0 0 0 0 0 0

Example 2 output (3x3):
4 7 8
5 2 1
3 9 6

Example 3 input (6x6):
2 0 0 1 0 0
0 0 0 0 0 7
0 3 0 0 9 0
0 0 5 0 0 0
0 0 0 6 0 0
4 0 0 0 8 0

Example 3 output (3x3):
2 1 7
3 5 9
4 6 8

Test input (9x9):
0 0 0 0 0 0 9 0 0
5 0 0 0 0 6 0 0 0
0 0 0 0 0 0 0 0 0
0 0 0 0 0 0 0 8 0
0 0 0 0 0 1 0 0 0
0 0 4 0 0 0 0 0 0
0 0 0 0 0 0 0 0 0
0 3 0 2 0 0 0 0 0
0 0 0 0 0 0 0 0 7
