Example 1 input (17x18):
0 0 0 0 0 0 0 0 0 0 0 0 0 0 0 0 0 0
0 2 8 2 2 0 1 1 8 8 1 1 1 1 0 0 0 0
0 8 8 2 2 0 1 1 8 8 1 1 1 1 0 0 0 0
0 2 8 8 8 0 8 8 1 1 1 1 8 8 0 0 0 0
0 2 8 2 2 0 8 8 1 1 1 1 8 8 0 0 0 0
0 0 0 0 0 0 0 0 0 0 0 0 0 0 0 0 0 0
0 1 1 1 1 1 1 1 1 1 1 1 1 1 1 1 1 0
0 1 1 1 1 1 1 1 1 1 1 1 1 1 1 1 1 0
0 1 1 1 1 1 1 1 1 1 1 1 1 1 1 1 1 0
0 1 1 1 1 1 1 1 1 1 1 1 1 1 1 1 1 0
0 1 1 1 1 1 1 1 1 1 1 1 1 1 1 1 1 0
0 1 1 1 1 1 1 1 1 1 1 1 1 1 1 1 1 0
0 1 1 1 1 1 1 1 1 1 1 1 1 1 1 1 1 0
0 1 1 1 1 1 1 1 1 1 1 1 1 1 1 1 1 0
0 0 0 0 0 0 0 0 0 0 0 0 0 0 0 0 0 0
0 0 0 0 0 0 0 0 0 0 0 0 0 0 0 0 0 0
0 0 0 0 0 0 0 0 0 0 0 0 0 0 0 0 0 0

Example 1 output (8x16):
1 1 1 1 1 8 1 1 1 1 1 1 1 1 1 1
1 1 1 1 8 8 1 1 1 1 1 1 1 1 1 1
1 1 1 1 1 8 8 8 1 1 1 1 1 1 1 1
1 1 1 1 1 8 1 1 1 1 1 1 1 1 1 1
1 8 1 1 1 1 1 1 1 1 1 1 1 8 1 1
8 8 1 1 1 1 1 1 1 1 1 1 8 8 1 1
1 8 8 8 1 1 1 1 1 1 1 1 1 8 8 8
1 8 1 1 1 1 1 1 1 1 1 1 1 8 1 1

Example 2 input (16x18):
0 0 0 0 0 0 0 0 0 0 0 0 0 0 0 0 0 0
0 2 8 2 0 3 3 8 3 3 0 0 0 0 0 0 0 0
0 8 8 8 0 8 3 3 3 8 0 0 0 0 0 0 0 0
0 2 8 2 0 3 3 8 3 3 0 0 0 0 0 0 0 0
0 0 0 0 0 0 0 0 0 0 0 0 0 0 0 0 0 0
0 3 3 3 3 3 3 3 3 3 3 3 3 3 3 3 0 0
0 3 3 3 3 3 3 3 3 3 3 3 3 3 3 3 0 0
0 3 3 3 3 3 3 3 3 3 3 3 3 3 3 3 0 0
0 3 3 3 3 3 3 3 3 3 3 3 3 3 3 3 0 0
0 3 3 3 3 3 3 3 3 3 3 3 3 3 3 3 0 0
0 3 3 3 3 3 3 3 3 3 3 3 3 3 3 3 0 0
0 3 3 3 3 3 3 3 3 3 3 3 3 3 3 3 0 0
0 3 3 3 3 3 3 3 3 3 3 3 3 3 3 3 0 0
0 3 3 3 3 3 3 3 3 3 3 3 3 3 3 3 0 0
0 0 0 0 0 0 0 0 0 0 0 0 0 0 0 0 0 0
0 0 0 0 0 0 0 0 0 0 0 0 0 0 0 0 0 0

Example 2 output (9x15):
3 3 3 3 3 3 3 8 3 3 3 3 3 3 3
3 3 3 3 3 3 8 8 8 3 3 3 3 3 3
3 3 3 3 3 3 3 8 3 3 3 3 3 3 3
3 8 3 3 3 3 3 3 3 3 3 3 3 8 3
8 8 8 3 3 3 3 3 3 3 3 3 8 8 8
3 8 3 3 3 3 3 3 3 3 3 3 3 8 3
3 3 3 3 3 3 3 8 3 3 3 3 3 3 3
3 3 3 3 3 3 8 8 8 3 3 3 3 3 3
3 3 3 3 3 3 3 8 3 3 3 3 3 3 3

Example 3 input (15x15):
0 0 0 0 0 0 0 0 0 0 0 0 0 0 0
2 8 2 0 4 4 8 8 4 4 0 0 0 0 0
8 2 2 0 4 4 8 8 4 4 0 0 0 0 0
8 8 8 0 8 8 4 4 8 8 0 0 0 0 0
0 0 0 0 8 8 4 4 8 8 0 0 0 0 0
0 0 0 0 0 0 0 0 0 0 0 0 0 0 0
0 0 0 4 4 4 4 4 4 4 4 4 0 0 0
0 0 0 4 4 4 4 4 4 4 4 4 0 0 0
0 0 0 4 4 4 4 4 4 4 4 4 0 0 0
0 0 0 4 4 4 4 4 4 4 4 4 0 0 0
0 0 0 4 4 4 4 4 4 4 4 4 0 0 0
0 0 0 4 4 4 4 4 4 4 4 4 0 0 0
0 0 0 0 0 0 0 0 0 0 0 0 0 0 0
0 0 0 0 0 0 0 0 0 0 0 0 0 0 0
0 0 0 0 0 0 0 0 0 0 0 0 0 0 0

Example 3 output (6x9):
4 4 4 4 8 4 4 4 4
4 4 4 8 4 4 4 4 4
4 4 4 8 8 8 4 4 4
4 8 4 4 4 4 4 8 4
8 4 4 4 4 4 8 4 4
8 8 8 4 4 4 8 8 8

Test input (19x27):
0 0 0 0 0 0 0 0 0 0 0 0 0 0 0 0 0 0 0 0 0 0 0 0 0 0 0
0 2 8 2 8 0 1 8 1 1 8 1 0 0 0 0 0 0 0 0 0 0 0 0 0 0 0
0 8 8 2 2 0 8 1 1 1 1 8 0 0 0 0 0 0 0 0 0 0 0 0 0 0 0
0 2 2 8 8 0 1 8 1 1 8 1 0 0 0 0 0 0 0 0 0 0 0 0 0 0 0
0 8 2 8 8 0 0 0 0 0 0 0 0 0 0 0 0 0 0 0 0 0 0 0 0 0 0
0 0 0 0 0 0 0 0 0 0 0 0 0 0 0 0 0 0 0 0 0 0 0 0 0 0 0
0 1 1 1 1 1 1 1 1 1 1 1 1 1 1 1 1 1 1 1 1 1 1 1 1 0 0
0 1 1 1 1 1 1 1 1 1 1 1 1 1 1 1 1 1 1 1 1 1 1 1 1 0 0
0 1 1 1 1 1 1 1 1 1 1 1 1 1 1 1 1 1 1 1 1 1 1 1 1 0 0
0 1 1 1 1 1 1 1 1 1 1 1 1 1 1 1 1 1 1 1 1 1 1 1 1 0 0
0 1 1 1 1 1 1 1 1 1 1 1 1 1 1 1 1 1 1 1 1 1 1 1 1 0 0
0 1 1 1 1 1 1 1 1 1 1 1 1 1 1 1 1 1 1 1 1 1 1 1 1 0 0
0 1 1 1 1 1 1 1 1 1 1 1 1 1 1 1 1 1 1 1 1 1 1 1 1 0 0
0 1 1 1 1 1 1 1 1 1 1 1 1 1 1 1 1 1 1 1 1 1 1 1 1 0 0
0 1 1 1 1 1 1 1 1 1 1 1 1 1 1 1 1 1 1 1 1 1 1 1 1 0 0
0 1 1 1 1 1 1 1 1 1 1 1 1 1 1 1 1 1 1 1 1 1 1 1 1 0 0
0 1 1 1 1 1 1 1 1 1 1 1 1 1 1 1 1 1 1 1 1 1 1 1 1 0 0
0 1 1 1 1 1 1 1 1 1 1 1 1 1 1 1 1 1 1 1 1 1 1 1 1 0 0
0 0 0 0 0 0 0 0 0 0 0 0 0 0 0 0 0 0 0 0 0 0 0 0 0 0 0
