Example 1 input (23x17):
0 0 0 0 0 0 0 0 0 0 0 0 0 0 0 0 0
0 0 0 0 0 0 0 0 0 0 0 0 0 0 0 0 0
0 0 0 0 0 0 0 0 0 0 0 0 0 0 0 0 0
0 0 0 0 0 0 0 0 0 0 0 0 0 0 0 0 0
0 0 0 0 0 0 0 0 0 0 0 0 0 0 0 0 0
0 0 0 0 0 0 0 0 0 0 0 0 0 0 0 0 0
0 0 0 8 0 8 0 0 0 0 0 0 0 0 0 0 0
0 0 0 8 0 8 0 0 0 0 0 0 0 0 0 0 0
0 0 0 8 0 8 0 0 0 0 0 0 0 0 0 0 0
0 0 0 8 0 8 0 0 0 0 0 0 0 0 0 0 0
0 0 0 0 0 0 0 0 0 0 0 0 0 0 0 0 0
0 0 0 0 0 0 0 0 0 0 0 0 0 0 0 0 0
0 0 0 0 0 0 0 0 0 0 0 0 0 0 0 0 0
0 0 0 0 0 0 0 0 0 0 0 0 0 0 0 0 0
0 0 0 0 0 0 0 0 0 0 0 0 0 0 0 0 0
0 0 0 0 0 0 0 0 0 0 0 0 0 0 0 0 0
0 0 0 0 0 0 0 0 0 0 0 0 0 0 0 0 0
0 0 0 0 0 0 0 0 0 0 3 0 0 3 0 0 0
0 0 0 0 0 0 0 0 0 0 3 0 0 3 0 0 0
0 0 0 0 0 0 0 0 0 0 3 0 0 3 0 0 0
0 0 0 0 0 0 0 0 0 0 0 0 0 0 0 0 0
0 0 0 0 0 0 0 0 0 0 0 0 0 0 0 0 0
0 0 0 0 0 0 0 0 0 0 0 0 0 0 0 0 0

Example 1 output (23x17):
0 8 0 0 3 0 0 8 0 0 0 0 0 0 0 0 0
0 8 0 0 3 0 0 8 0 0 0 0 0 0 0 0 0
0 0 8 0 0 3 8 0 0 0 0 0 0 0 0 0 0
0 0 8 0 0 3 8 0 0 0 0 0 0 0 0 0 0
0 0 8 0 0 3 8 0 0 0 0 0 0 0 0 0 0
0 0 8 0 0 0 6 0 0 0 0 0 0 0 0 0 0
0 0 0 8 0 8 3 0 0 0 0 0 0 0 0 0 0
0 0 0 8 0 8 3 0 0 0 0 0 0 0 0 0 0
0 0 0 8 0 8 0 3 0 0 0 0 0 0 0 0 3
0 0 0 8 0 8 0 3 0 0 0 0 0 0 0 0 3
0 0 8 0 0 0 8 3 0 0 0 0 0 0 0 0 3
0 0 8 0 0 0 8 0 3 0 0 0 0 0 0 3 0
0 0 8 0 0 0 8 0 3 0 0 0 0 0 0 3 0
0 0 8 0 0 0 8 0 3 0 0 0 0 0 0 3 0
0 8 0 0 0 0 0 8 0 3 0 0 0 0 3 0 0
0 8 0 0 0 0 0 8 0 3 0 0 0 0 3 0 0
0 8 0 0 0 0 0 8 0 3 0 0 0 0 3 0 0
0 8 0 0 0 0 0 8 0 0 3 0 0 3 0 0 0
8 0 0 0 0 0 0 0 8 0 3 0 0 3 0 0 0
8 0 0 0 0 0 0 0 8 0 3 0 0 3 0 0 0
8 0 0 0 0 0 0 0 8 3 0 0 0 0 3 0 0
8 0 0 0 0 0 0 0 8 3 0 0 0 0 3 0 0
0 0 0 0 0 0 0 0 0 6 0 0 0 0 3 0 0

Example 2 input (22x18):
0 0 0 0 0 0 0 0 0 0 0 0 0 0 0 0 0 0
0 0 0 0 0 0 0 0 0 0 0 0 3 0 3 0 0 0
0 0 0 0 0 0 0 0 0 0 0 0 3 0 3 0 0 0
0 0 0 0 0 0 0 0 0 0 0 0 3 0 3 0 0 0
0 0 0 0 0 0 0 0 0 0 0 0 0 0 0 0 0 0
0 0 0 0 0 0 0 0 0 0 0 0 0 0 0 0 0 0
0 0 0 0 0 0 0 0 0 0 0 0 0 0 0 0 0 0
0 0 0 8 0 0 8 0 0 0 0 0 0 0 0 0 0 0
0 0 0 8 0 0 8 0 0 0 0 0 0 0 0 0 0 0
0 0 0 0 0 0 0 0 0 0 0 0 0 0 0 0 0 0
0 0 0 0 0 0 0 0 0 0 0 0 0 0 0 0 0 0
0 0 0 0 0 0 0 0 0 0 0 0 0 0 0 0 0 0
0 0 0 0 0 0 0 0 0 0 0 0 0 0 0 0 0 0
0 0 0 0 0 0 0 0 0 0 0 0 0 0 0 0 0 0
0 0 0 0 0 0 0 0 0 0 0 0 0 0 0 0 0 0
0 0 0 0 0 0 0 0 0 0 0 0 0 0 0 0 0 0
0 0 0 0 0 0 0 0 0 0 0 0 0 0 0 0 0 0
0 0 0 0 0 0 0 0 0 0 0 0 0 0 0 0 0 0
0 0 0 0 0 0 0 0 0 0 0 0 0 0 0 0 0 0
0 0 0 0 0 0 0 0 0 0 0 0 0 0 0 0 0 0
0 0 0 0 0 0 0 0 0 0 0 0 0 0 0 0 0 0
0 0 0 0 0 0 0 0 0 0 0 0 0 0 0 0 0 0

Example 2 output (22x18):
0 0 0 0 0 0 0 0 0 0 8 3 0 0 0 3 0 0
8 0 0 0 0 0 0 0 0 8 0 0 3 0 3 0 0 0
8 0 0 0 0 0 0 0 0 8 0 0 3 0 3 0 0 0
0 8 0 0 0 0 0 0 8 0 0 0 3 0 3 0 0 0
0 8 0 0 0 0 0 0 8 0 0 3 0 0 0 3 0 0
0 0 8 0 0 0 0 8 0 0 0 3 0 0 0 3 0 0
0 0 8 0 0 0 0 8 0 0 0 3 0 0 0 3 0 0
0 0 0 8 0 0 8 0 0 0 3 0 0 0 0 0 3 0
0 0 0 8 0 0 8 0 0 0 3 0 0 0 0 0 3 0
0 0 8 0 0 0 0 8 0 0 3 0 0 0 0 0 3 0
0 0 8 0 0 0 0 8 0 3 0 0 0 0 0 0 0 3
0 8 0 0 0 0 0 0 8 3 0 0 0 0 0 0 0 3
0 8 0 0 0 0 0 0 8 3 0 0 0 0 0 0 0 3
8 0 0 0 0 0 0 0 3 8 0 0 0 0 0 0 0 0
8 0 0 0 0 0 0 0 3 8 0 0 0 0 0 0 0 0
0 0 0 0 0 0 0 0 3 0 8 0 0 0 0 0 0 0
0 0 0 0 0 0 0 3 0 0 8 0 0 0 0 0 0 0
0 0 0 0 0 0 0 3 0 0 0 8 0 0 0 0 0 0
0 0 0 0 0 0 0 3 0 0 0 8 0 0 0 0 0 0
0 0 0 0 0 0 3 0 0 0 0 0 8 0 0 0 0 0
0 0 0 0 0 0 3 0 0 0 0 0 8 0 0 0 0 0
0 0 0 0 0 0 3 0 0 0 0 0 0 8 0 0 0 0

Example 3 input (24x19):
0 0 0 0 0 0 0 0 0 0 0 0 0 0 0 0 0 0 0
0 0 0 0 0 0 0 0 0 0 0 0 0 0 0 0 0 0 0
0 0 0 0 0 0 0 0 0 0 0 0 0 0 0 0 0 0 0
0 0 0 0 0 0 0 0 0 0 0 0 0 0 0 0 0 0 0
0 0 0 0 0 0 0 0 0 0 0 0 0 0 0 0 0 0 0
0 0 0 0 0 0 0 0 0 0 0 0 0 0 0 0 0 0 0
0 0 0 0 3 0 0 0 3 0 0 0 0 0 0 0 0 0 0
0 0 0 0 3 0 0 0 3 0 0 0 0 0 0 0 0 0 0
0 0 0 0 3 0 0 0 3 0 0 0 0 0 0 0 0 0 0
0 0 0 0 3 0 0 0 3 0 0 0 0 0 0 0 0 0 0
0 0 0 0 0 0 0 0 0 0 0 0 0 0 0 0 0 0 0
0 0 0 0 0 0 0 0 0 0 0 0 0 0 0 0 0 0 0
0 0 0 0 0 0 0 0 0 0 0 0 0 0 0 0 0 0 0
0 0 0 0 0 0 0 0 0 0 0 0 0 0 0 0 0 0 0
0 0 0 0 0 0 0 0 0 0 0 0 0 0 0 0 0 0 0
0 0 0 0 0 0 0 0 0 0 0 0 0 0 0 0 0 0 0
0 0 0 0 0 0 0 0 0 0 0 0 0 0 0 0 0 0 0
0 0 0 0 0 0 0 0 0 0 0 0 0 0 0 0 0 0 0
0 0 0 0 0 0 0 0 0 0 0 0 0 0 0 0 0 0 0
0 0 0 0 0 0 0 0 0 0 0 8 0 8 0 0 0 0 0
0 0 0 0 0 0 0 0 0 0 0 0 0 0 0 0 0 0 0
0 0 0 0 0 0 0 0 0 0 0 0 0 0 0 0 0 0 0
0 0 0 0 0 0 0 0 0 0 0 0 0 0 0 0 0 0 0
0 0 0 0 0 0 0 0 0 0 0 0 0 0 0 0 0 0 0

Example 3 output (24x19):
0 0 3 0 0 0 0 0 0 0 3 0 0 0 0 0 0 0 0
0 0 3 0 0 0 0 0 0 0 3 0 0 0 0 0 0 0 0
0 0 0 3 0 0 0 0 0 3 0 0 0 0 0 0 0 0 0
0 0 0 3 0 0 0 0 0 3 0 0 0 0 0 0 0 0 0
0 0 0 3 0 0 0 0 0 3 0 0 0 0 0 0 0 0 0
0 0 0 3 0 0 0 0 0 3 0 0 0 0 0 0 0 0 0
0 0 0 0 3 0 0 0 3 0 0 0 0 0 0 0 0 0 0
0 0 0 0 3 0 0 0 3 0 0 0 0 0 0 0 0 0 0
8 0 0 0 3 0 0 0 3 0 0 0 0 0 0 0 0 0 0
0 8 0 0 3 0 0 0 3 0 0 0 0 0 0 0 0 0 0
0 0 8 3 0 0 0 0 0 3 0 0 0 0 0 0 0 0 0
0 0 0 6 0 0 0 0 0 3 0 0 0 0 0 0 0 0 0
0 0 0 3 8 0 0 0 0 3 0 0 0 0 0 0 0 0 0
0 0 0 3 0 8 0 0 0 3 0 0 0 0 0 0 0 0 0
0 0 3 0 0 0 8 0 0 0 3 0 0 0 0 0 0 0 8
0 0 3 0 0 0 0 8 0 0 3 0 0 0 0 0 0 8 0
0 0 3 0 0 0 0 0 8 0 3 0 0 0 0 0 8 0 0
0 0 3 0 0 0 0 0 0 8 3 0 0 0 0 8 0 0 0
0 3 0 0 0 0 0 0 0 0 8 3 0 0 8 0 0 0 0
0 3 0 0 0 0 0 0 0 0 0 6 0 8 0 0 0 0 0
0 3 0 0 0 0 0 0 0 0 8 3 0 0 8 0 0 0 0
0 3 0 0 0 0 0 0 0 8 0 3 0 0 0 8 0 0 0
3 0 0 0 0 0 0 0 8 0 0 0 3 0 0 0 8 0 0
3 0 0 0 0 0 0 8 0 0 0 0 3 0 0 0 0 8 0

Test input (24x20):
0 0 0 0 0 0 0 0 0 0 0 0 0 0 0 0 0 0 0 0
0 0 0 0 0 0 0 0 0 0 0 0 0 0 0 0 0 0 0 0
0 0 0 0 0 0 0 0 0 0 0 0 0 0 0 0 0 0 0 0
0 0 0 0 0 0 0 0 0 0 0 3 0 0 0 0 3 0 0 0
0 0 0 0 0 0 0 0 0 0 0 3 0 0 0 0 3 0 0 0
0 0 0 0 0 0 0 0 0 0 0 3 0 0 0 0 3 0 0 0
0 0 0 0 0 0 0 0 0 0 0 0 0 0 0 0 0 0 0 0
0 0 0 0 0 0 0 0 0 0 0 0 0 0 0 0 0 0 0 0
0 0 0 0 0 0 0 0 0 0 0 0 0 0 0 0 0 0 0 0
0 0 0 0 0 0 0 0 0 0 0 0 0 0 0 0 0 0 0 0
0 0 0 0 0 8 0 0 8 0 0 0 0 0 0 0 0 0 0 0
0 0 0 0 0 8 0 0 8 0 0 0 0 0 0 0 0 0 0 0
0 0 0 0 0 8 0 0 8 0 0 0 0 0 0 0 0 0 0 0
0 0 0 0 0 8 0 0 8 0 0 0 0 0 0 0 0 0 0 0
0 0 0 0 0 8 0 0 8 0 0 0 0 0 0 0 0 0 0 0
0 0 0 0 0 0 0 0 0 0 0 0 0 0 0 0 0 0 0 0
0 0 0 0 0 0 0 0 0 0 0 0 0 0 0 0 0 0 0 0
0 0 0 0 0 0 0 0 0 0 0 0 0 0 0 0 0 0 0 0
0 0 0 0 0 0 0 0 0 0 0 0 0 0 0 0 0 0 0 0
0 0 0 0 0 0 0 0 0 0 0 0 0 0 0 0 0 0 0 0
0 0 0 0 0 0 0 0 0 0 0 0 0 0 0 0 0 0 0 0
0 0 0 0 0 0 0 0 0 0 0 0 0 0 0 0 0 0 0 0
0 0 0 0 0 0 0 0 0 0 0 0 0 0 0 0 0 0 0 0
0 0 0 0 0 0 0 0 0 0 0 0 0 0 0 0 0 0 0 0
