Example 1 input (17x19):
0 0 0 0 0 0 0 0 0 0 0 0 0 0 0 0 0 0 0
0 0 0 1 1 0 1 0 0 0 0 0 0 0 0 0 0 0 0
0 1 1 1 1 4 1 1 0 0 0 0 0 0 0 0 0 0 0
0 1 1 1 1 1 1 1 1 0 0 0 0 0 0 0 0 0 0
0 0 4 4 4 4 4 4 4 0 0 0 0 0 0 0 0 0 0
0 1 1 1 1 1 1 1 0 0 0 0 0 0 0 0 0 0 0
0 0 0 0 1 1 1 0 0 0 0 0 0 0 0 0 0 0 0
0 0 0 0 0 0 0 0 0 0 0 0 0 0 0 0 0 0 0
0 0 0 0 0 0 0 0 0 0 0 0 0 0 0 0 0 0 0
0 0 0 0 0 0 0 2 2 0 0 2 0 0 0 0 0 0 0
0 0 0 0 0 0 2 2 2 2 4 2 2 2 0 0 0 0 0
0 0 0 0 0 0 2 2 4 2 4 2 2 2 2 0 0 0 0
0 0 0 0 0 2 2 2 2 2 4 2 2 2 0 0 0 0 0
0 0 0 0 0 0 2 2 2 2 4 2 2 2 2 0 0 0 0
0 0 0 0 0 2 2 0 0 2 0 2 2 2 0 0 0 0 0
0 0 0 0 0 0 0 0 0 0 0 0 2 2 0 0 0 0 0
0 0 0 0 0 0 0 0 0 0 0 0 0 0 0 0 0 0 0

Example 1 output (17x19):
0 0 0 0 0 0 0 0 0 0 0 0 0 0 0 0 0 0 0
0 0 0 1 1 0 1 0 0 0 0 0 0 0 0 0 0 0 0
0 1 1 1 1 4 1 1 0 0 0 0 0 0 0 0 0 0 0
0 1 1 1 1 1 1 1 1 0 0 0 0 0 0 0 0 0 0
0 0 4 4 4 4 4 4 4 0 0 0 0 0 0 0 0 0 0
0 1 1 1 1 1 1 1 1 0 0 0 0 0 0 0 0 0 0
0 1 1 1 1 4 1 1 0 0 0 0 0 0 0 0 0 0 0
0 0 0 1 1 0 1 0 0 0 0 0 0 0 0 0 0 0 0
0 0 0 0 0 0 0 0 0 0 0 0 0 0 0 0 0 0 0
0 0 0 0 0 0 0 2 2 0 0 0 2 2 0 0 0 0 0
0 0 0 0 0 0 2 2 2 2 4 2 2 2 2 0 0 0 0
0 0 0 0 0 0 2 2 4 2 4 2 4 2 2 0 0 0 0
0 0 0 0 0 2 2 2 2 2 4 2 2 2 2 2 0 0 0
0 0 0 0 0 0 2 2 2 2 4 2 2 2 2 0 0 0 0
0 0 0 0 0 2 2 0 0 2 0 2 0 0 2 2 0 0 0
0 0 0 0 0 0 0 0 0 0 0 0 0 0 0 0 0 0 0
0 0 0 0 0 0 0 0 0 0 0 0 0 0 0 0 0 0 0

Example 2 input (14x14):
0 0 0 0 0 0 0 0 0 0 0 0 0 0
0 0 0 3 0 3 0 3 3 3 3 0 0 0
0 0 0 3 3 3 0 0 3 3 0 0 0 0
0 0 3 3 3 3 4 3 3 0 0 0 0 0
0 0 0 3 3 3 4 3 3 3 3 0 0 0
0 0 0 3 3 3 4 3 3 3 3 0 0 0
0 0 0 0 3 3 4 3 4 3 0 0 0 0
0 0 0 0 3 3 4 3 3 0 0 0 0 0
0 0 0 3 3 3 4 3 3 3 3 0 0 0
0 0 0 3 0 3 4 3 3 3 3 0 0 0
0 0 0 0 0 0 0 0 0 0 0 0 0 0
0 0 0 0 0 0 0 0 0 0 0 0 0 0
0 0 0 0 0 0 0 0 0 0 0 0 0 0
0 0 0 0 0 0 0 0 0 0 0 0 0 0

Example 2 output (14x14):
0 0 0 0 0 0 0 0 0 0 0 0 0 0
0 0 3 3 3 3 0 3 3 3 3 0 0 0
0 0 0 3 3 0 0 0 3 3 0 0 0 0
0 0 0 0 3 3 4 3 3 0 0 0 0 0
0 0 3 3 3 3 4 3 3 3 3 0 0 0
0 0 3 3 3 3 4 3 3 3 3 0 0 0
0 0 0 3 4 3 4 3 4 3 0 0 0 0
0 0 0 0 3 3 4 3 3 0 0 0 0 0
0 0 3 3 3 3 4 3 3 3 3 0 0 0
0 0 3 3 3 3 4 3 3 3 3 0 0 0
0 0 0 0 0 0 0 0 0 0 0 0 0 0
0 0 0 0 0 0 0 0 0 0 0 0 0 0
0 0 0 0 0 0 0 0 0 0 0 0 0 0
0 0 0 0 0 0 0 0 0 0 0 0 0 0

Test input (24x28):
0 0 0 0 0 0 0 0 0 0 0 0 0 0 0 0 0 0 0 0 0 0 0 0 0 0 0 0
0 0 0 0 0 0 0 0 0 0 0 0 0 0 0 0 0 0 0 0 0 0 0 0 0 0 0 0
0 0 0 0 0 2 2 4 2 0 0 0 0 0 0 0 0 0 0 8 0 0 0 0 0 0 0 0
0 0 0 0 2 2 2 2 2 2 0 0 0 0 0 0 0 8 8 8 4 8 0 0 0 0 0 0
0 0 0 0 0 4 4 4 4 4 0 0 0 0 0 0 8 8 4 8 4 8 0 0 0 0 0 0
0 0 0 0 0 0 2 2 2 0 0 0 0 0 0 0 8 8 8 8 4 8 0 0 0 0 0 0
0 0 0 0 0 2 0 0 2 2 2 0 0 0 0 0 0 8 8 8 4 8 8 8 0 0 0 0
0 0 0 0 0 0 0 0 0 0 0 0 0 0 0 0 8 8 8 8 4 8 0 8 0 0 0 0
0 0 0 0 0 0 0 0 0 0 0 0 0 0 0 0 0 0 0 8 0 0 0 0 0 0 0 0
0 0 0 0 0 0 0 0 0 0 0 0 0 0 0 0 0 0 0 0 0 0 0 0 0 0 0 0
0 0 0 0 0 0 0 0 0 0 0 0 0 0 0 0 0 0 0 0 0 0 0 0 0 0 0 0
0 0 0 0 0 0 0 0 0 0 0 0 0 0 0 0 0 0 0 0 0 0 0 0 0 0 0 0
0 0 0 0 0 0 0 0 0 0 0 0 0 0 0 0 0 0 0 0 0 0 0 0 0 0 0 0
0 0 0 0 0 0 0 3 3 3 3 0 0 0 0 0 0 0 0 0 0 0 0 0 0 0 0 0
0 0 0 0 0 3 3 3 3 3 3 3 0 0 0 0 0 0 0 0 4 1 4 1 0 0 0 0
0 0 0 0 0 3 3 3 3 3 3 3 0 0 0 0 0 0 0 1 1 1 4 1 1 0 0 0
0 0 0 0 0 4 4 4 4 4 4 4 4 0 0 0 0 0 0 0 1 1 4 0 0 0 0 0
0 0 0 0 3 3 3 3 3 3 3 3 3 0 0 0 0 0 0 0 0 0 0 0 0 0 0 0
0 0 0 0 0 0 3 3 3 4 3 3 3 3 0 0 0 0 0 0 0 0 0 0 0 0 0 0
0 0 0 0 0 0 3 3 3 3 3 3 0 0 0 0 0 0 0 0 0 0 0 0 0 0 0 0
0 0 0 0 0 0 0 3 0 0 3 3 0 0 0 0 0 0 0 0 0 0 0 0 0 0 0 0
0 0 0 0 0 0 0 0 0 0 0 0 0 0 0 0 0 0 0 0 0 0 0 0 0 0 0 0
0 0 0 0 0 0 0 0 0 0 0 0 0 0 0 0 0 0 0 0 0 0 0 0 0 0 0 0
0 0 0 0 0 0 0 0 0 0 0 0 0 0 0 0 0 0 0 0 0 0 0 0 0 0 0 0
