Example 1 input (4x4):
2 0 0 2
2 2 2 2
2 0 0 2
0 2 0 2

Example 1 output (16x16):
2 0 0 2 0 0 0 0 0 0 0 0 2 0 0 2
2 2 2 2 0 0 0 0 0 0 0 0 2 2 2 2
2 0 0 2 0 0 0 0 0 0 0 0 2 0 0 2
0 2 0 2 0 0 0 0 0 0 0 0 0 2 0 2
2 0 0 2 2 0 0 2 2 0 0 2 2 0 0 2
2 2 2 2 2 2 2 2 2 2 2 2 2 2 2 2
2 0 0 2 2 0 0 2 2 0 0 2 2 0 0 2
0 2 0 2 0 2 0 2 0 2 0 2 0 2 0 2
2 0 0 2 0 0 0 0 0 0 0 0 2 0 0 2
2 2 2 2 0 0 0 0 0 0 0 0 2 2 2 2
2 0 0 2 0 0 0 0 0 0 0 0 2 0 0 2
0 2 0 2 0 0 0 0 0 0 0 0 0 2 0 2
0 0 0 0 2 0 0 2 0 0 0 0 2 0 0 2
0 0 0 0 2 2 2 2 0 0 0 0 2 2 2 2
0 0 0 0 2 0 0 2 0 0 0 0 2 0 0 2
0 0 0 0 0 2 0 2 0 0 0 0 0 2 0 2

Example 2 input (4x4):
0 0 0 1
0 1 1 0
0 0 0 0
0 0 0 1

Example 2 output (16x16):
0 0 0 0 0 0 0 0 0 0 0 0 0 0 0 1
0 0 0 0 0 0 0 0 0 0 0 0 0 1 1 0
0 0 0 0 0 0 0 0 0 0 0 0 0 0 0 0
0 0 0 0 0 0 0 0 0 0 0 0 0 0 0 1
0 0 0 0 0 0 0 1 0 0 0 1 0 0 0 0
0 0 0 0 0 1 1 0 0 1 1 0 0 0 0 0
0 0 0 0 0 0 0 0 0 0 0 0 0 0 0 0
0 0 0 0 0 0 0 1 0 0 0 1 0 0 0 0
0 0 0 0 0 0 0 0 0 0 0 0 0 0 0 0
0 0 0 0 0 0 0 0 0 0 0 0 0 0 0 0
0 0 0 0 0 0 0 0 0 0 0 0 0 0 0 0
0 0 0 0 0 0 0 0 0 0 0 0 0 0 0 0
0 0 0 0 0 0 0 0 0 0 0 0 0 0 0 1
0 0 0 0 0 0 0 0 0 0 0 0 0 1 1 0
0 0 0 0 0 0 0 0 0 0 0 0 0 0 0 0
0 0 0 0 0 0 0 0 0 0 0 0 0 0 0 1

Example 3 input (4x4):
0 0 0 0
4 4 4 4
0 4 4 0
4 4 0 0

Example 3 output (16x16):
0 0 0 0 0 0 0 0 0 0 0 0 0 0 0 0
0 0 0 0 0 0 0 0 0 0 0 0 0 0 0 0
0 0 0 0 0 0 0 0 0 0 0 0 0 0 0 0
0 0 0 0 0 0 0 0 0 0 0 0 0 0 0 0
0 0 0 0 0 0 0 0 0 0 0 0 0 0 0 0
4 4 4 4 4 4 4 4 4 4 4 4 4 4 4 4
0 4 4 0 0 4 4 0 0 4 4 0 0 4 4 0
4 4 0 0 4 4 0 0 4 4 0 0 4 4 0 0
0 0 0 0 0 0 0 0 0 0 0 0 0 0 0 0
0 0 0 0 4 4 4 4 4 4 4 4 0 0 0 0
0 0 0 0 0 4 4 0 0 4 4 0 0 0 0 0
0 0 0 0 4 4 0 0 4 4 0 0 0 0 0 0
0 0 0 0 0 0 0 0 0 0 0 0 0 0 0 0
4 4 4 4 4 4 4 4 0 0 0 0 0 0 0 0
0 4 4 0 0 4 4 0 0 0 0 0 0 0 0 0
4 4 0 0 4 4 0 0 0 0 0 0 0 0 0 0

Example 4 input (4x4):
3 3 0 3
3 0 0 3
0 0 0 3
3 3 0 3

Example 4 output (16x16):
3 3 0 3 3 3 0 3 0 0 0 0 3 3 0 3
3 0 0 3 3 0 0 3 0 0 0 0 3 0 0 3
0 0 0 3 0 0 0 3 0 0 0 0 0 0 0 3
3 3 0 3 3 3 0 3 0 0 0 0 3 3 0 3
3 3 0 3 0 0 0 0 0 0 0 0 3 3 0 3
3 0 0 3 0 0 0 0 0 0 0 0 3 0 0 3
0 0 0 3 0 0 0 0 0 0 0 0 0 0 0 3
3 3 0 3 0 0 0 0 0 0 0 0 3 3 0 3
0 0 0 0 0 0 0 0 0 0 0 0 3 3 0 3
0 0 0 0 0 0 0 0 0 0 0 0 3 0 0 3
0 0 0 0 0 0 0 0 0 0 0 0 0 0 0 3
0 0 0 0 0 0 0 0 0 0 0 0 3 3 0 3
3 3 0 3 3 3 0 3 0 0 0 0 3 3 0 3
3 0 0 3 3 0 0 3 0 0 0 0 3 0 0 3
0 0 0 3 0 0 0 3 0 0 0 0 0 0 0 3
3 3 0 3 3 3 0 3 0 0 0 0 3 3 0 3

Example 5 input (4x4):
1 0 1 0
1 1 0 0
1 1 1 1
1 0 0 1

Example 5 output (16x16):
1 0 1 0 0 0 0 0 1 0 1 0 0 0 0 0
1 1 0 0 0 0 0 0 1 1 0 0 0 0 0 0
1 1 1 1 0 0 0 0 1 1 1 1 0 0 0 0
1 0 0 1 0 0 0 0 1 0 0 1 0 0 0 0
1 0 1 0 1 0 1 0 0 0 0 0 0 0 0 0
1 1 0 0 1 1 0 0 0 0 0 0 0 0 0 0
1 1 1 1 1 1 1 1 0 0 0 0 0 0 0 0
1 0 0 1 1 0 0 1 0 0 0 0 0 0 0 0
1 0 1 0 1 0 1 0 1 0 1 0 1 0 1 0
1 1 0 0 1 1 0 0 1 1 0 0 1 1 0 0
1 1 1 1 1 1 1 1 1 1 1 1 1 1 1 1
1 0 0 1 1 0 0 1 1 0 0 1 1 0 0 1
1 0 1 0 0 0 0 0 0 0 0 0 1 0 1 0
1 1 0 0 0 0 0 0 0 0 0 0 1 1 0 0
1 1 1 1 0 0 0 0 0 0 0 0 1 1 1 1
1 0 0 1 0 0 0 0 0 0 0 0 1 0 0 1

Test input (4x4):
0 2 0 2
2 2 0 2
2 2 0 0
0 0 0 2
