Example 1 input (6x9):
4 4 4 4 1 0 0 0 0
0 4 0 4 1 4 0 0 0
4 0 0 0 1 0 4 0 0
0 4 4 0 1 0 0 0 0
4 0 4 0 1 4 4 4 4
0 4 4 4 1 0 0 0 0

Example 1 output (6x4):
8 8 8 8
8 8 0 8
8 8 0 0
0 8 8 0
8 8 8 8
0 8 8 8

Example 2 input (6x9):
0 0 4 4 1 0 0 4 4
0 4 4 4 1 0 0 0 0
0 4 0 0 1 4 0 4 0
0 4 4 4 1 4 4 0 4
0 4 4 4 1 4 0 4 4
0 4 0 4 1 4 0 0 0

Example 2 output (6x4):
0 0 8 8
0 8 8 8
8 8 8 0
8 8 8 8
8 8 8 8
8 8 0 8

Example 3 input (6x9):
4 0 4 0 1 4 0 4 4
4 0 4 0 1 4 4 4 0
4 4 0 4 1 4 0 4 0
0 4 0 0 1 4 0 0 4
0 0 4 4 1 4 4 4 0
4 4 0 4 1 4 0 0 0

Example 3 output (6x4):
8 0 8 8
8 8 8 0
8 8 8 8
8 8 0 8
8 8 8 8
8 8 0 8

Example 4 input (6x9):
0 0 0 4 1 4 4 0 0
0 0 4 4 1 0 4 0 0
4 0 4 4 1 0 4 4 0
4 4 4 0 1 4 4 0 0
4 0 4 4 1 4 0 0 4
0 0 0 0 1 4 4 4 4

Example 4 output (6x4):
8 8 0 8
0 8 8 8
8 8 8 8
8 8 8 0
8 0 8 8
8 8 8 8

Example 5 input (6x9):
4 0 0 4 1 0 4 0 4
0 0 4 4 1 0 4 0 0
4 0 4 4 1 4 0 4 0
0 4 0 4 1 4 0 4 4
4 4 0 4 1 0 4 4 0
0 4 4 4 1 0 4 0 4

Example 5 output (6x4):
8 8 0 8
0 8 8 8
8 0 8 8
8 8 8 8
8 8 8 8
0 8 8 8

Test 1 input (6x9):
0 0 4 0 1 0 0 4 0
4 0 4 4 1 4 4 0 4
0 0 0 4 1 4 4 0 4
4 0 4 0 1 4 4 4 0
0 4 0 0 1 4 4 4 4
4 4 0 4 1 0 4 0 4

Test 2 input (6x9):
4 4 4 0 1 0 0 4 4
4 4 0 0 1 0 0 0 4
4 0 0 4 1 0 4 0 0
0 4 4 4 1 0 4 4 4
0 4 0 4 1 0 0 4 0
0 0 4 0 1 0 4 4 0
