Example 1 input (10x13):
0 0 0 0 0 0 0 0 0 0 0 0 0
0 0 2 2 0 0 0 0 0 0 0 0 0
0 0 0 2 0 0 0 5 5 0 0 0 0
0 0 0 0 0 0 0 5 5 0 0 0 0
0 0 0 0 3 3 0 0 0 0 0 0 0
0 0 0 0 3 0 0 0 0 0 0 0 0
0 0 0 0 0 0 0 0 0 0 0 0 0
0 6 6 0 0 0 8 0 0 0 0 0 0
0 0 0 0 0 0 0 0 0 0 0 0 0
0 0 0 0 0 0 0 0 0 0 0 0 0

Example 1 output (10x13):
0 0 0 0 0 0 0 0 0 0 0 0 0
0 0 0 0 0 0 0 0 0 2 2 0 0
0 0 0 0 0 0 0 0 0 0 2 5 5
0 0 0 0 0 0 0 0 0 0 0 5 5
0 0 0 0 0 0 0 0 0 0 0 3 3
0 0 0 0 0 0 0 0 0 0 0 3 0
0 0 0 0 0 0 0 0 0 0 0 0 0
0 0 0 0 0 0 0 0 0 0 6 6 8
0 0 0 0 0 0 0 0 0 0 0 0 0
0 0 0 0 0 0 0 0 0 0 0 0 0

Example 2 input (6x6):
0 3 0 0 0 0
0 3 0 2 0 0
0 0 0 2 0 0
0 8 0 0 2 2
0 0 0 0 2 2
6 6 6 0 0 0

Example 2 output (6x6):
0 0 0 0 3 0
0 0 0 0 3 2
0 0 0 0 0 2
0 0 0 8 2 2
0 0 0 0 2 2
0 0 0 6 6 6

Example 3 input (6x6):
0 2 2 0 0 0
6 0 2 0 0 0
6 0 0 0 0 0
0 0 8 0 3 0
0 0 0 0 3 0
8 0 0 0 0 0

Example 3 output (6x6):
0 0 0 0 2 2
0 0 0 0 6 2
0 0 0 0 6 0
0 0 0 0 8 3
0 0 0 0 0 3
0 0 0 0 0 8

Test input (10x10):
0 0 0 8 0 2 0 0 0 0
0 0 0 0 0 2 2 0 0 0
2 0 3 3 3 0 0 0 0 0
2 0 0 0 4 0 4 0 0 0
0 0 0 0 4 4 4 0 0 0
0 0 0 8 0 0 0 0 0 0
0 0 0 0 0 0 6 0 0 0
0 8 0 0 0 0 6 0 0 0
0 0 0 5 5 0 0 0 0 0
0 0 0 0 0 8 0 0 0 0
