Example 1 input (20x16):
0 0 0 0 0 0 0 0 0 0 0 0 0 0 0 0
0 0 7 0 0 0 0 0 0 0 0 0 0 0 0 0
0 7 7 0 0 0 0 0 0 0 0 0 0 0 0 0
1 1 1 1 0 0 0 0 0 0 0 0 0 0 0 0
0 0 0 1 0 0 0 0 7 7 0 0 0 0 0 0
1 0 1 0 0 0 0 0 7 0 0 0 0 0 0 0
0 1 1 1 0 0 0 1 0 1 1 0 0 0 0 0
0 0 0 0 0 0 0 1 1 1 1 0 0 0 0 0
0 0 0 0 0 0 0 1 0 0 1 0 0 0 0 0
0 0 0 0 0 0 0 0 0 0 0 0 0 0 0 0
0 0 0 0 0 0 0 0 0 0 0 0 0 0 0 0
0 0 0 7 7 0 0 0 0 0 0 0 0 0 0 0
0 0 0 0 7 0 0 0 0 0 0 0 0 0 0 0
0 0 0 1 0 1 1 0 0 0 0 0 0 0 0 0
0 0 0 0 1 1 1 0 0 0 0 0 0 0 0 0
0 0 0 1 0 0 1 0 0 0 0 0 0 0 0 0
0 0 0 0 0 0 0 0 0 0 0 0 0 0 0 0
0 0 0 0 0 0 0 0 0 0 0 0 0 0 0 0
0 0 0 0 0 0 0 0 0 0 0 0 0 0 0 0
0 0 0 0 0 0 0 0 0 0 0 0 0 0 0 0

Example 1 output (20x16):
0 0 0 0 0 0 0 0 0 0 0 0 0 0 0 0
0 0 0 0 0 0 0 0 0 0 0 0 0 0 0 0
0 0 0 0 0 0 0 0 0 0 0 0 0 0 0 0
3 3 3 3 0 0 0 0 0 0 0 0 0 0 0 0
0 0 0 3 0 0 0 0 0 0 0 0 0 0 0 0
3 0 3 0 0 0 0 0 0 0 0 0 0 0 0 0
0 3 3 3 0 0 0 6 0 6 6 0 0 0 0 0
0 0 0 0 0 0 0 6 6 6 6 0 0 0 0 0
0 0 0 0 0 0 0 6 0 0 6 0 0 0 0 0
0 0 0 0 0 0 0 0 0 0 0 0 0 0 0 0
0 0 0 0 0 0 0 0 0 0 0 0 0 0 0 0
0 0 0 0 0 0 0 0 0 0 0 0 0 0 0 0
0 0 0 0 0 0 0 0 0 0 0 0 0 0 0 0
0 0 0 4 0 4 4 0 0 0 0 0 0 0 0 0
0 0 0 0 4 4 4 0 0 0 0 0 0 0 0 0
0 0 0 4 0 0 4 0 0 0 0 0 0 0 0 0
0 0 0 0 0 0 0 0 0 0 0 0 0 0 0 0
0 0 0 0 0 0 0 0 0 0 0 0 0 0 0 0
0 0 0 0 0 0 0 0 0 0 0 0 0 0 0 0
0 0 0 0 0 0 0 0 0 0 0 0 0 0 0 0

Example 2 input (8x6):
0 0 0 0 0 0
0 0 7 0 0 0
0 7 7 0 0 0
1 0 1 1 0 0
0 1 1 1 0 0
1 1 0 0 0 0
0 0 0 0 0 0
0 0 0 0 0 0

Example 2 output (8x6):
0 0 0 0 0 0
0 0 0 0 0 0
0 0 0 0 0 0
3 0 3 3 0 0
0 3 3 3 0 0
3 3 0 0 0 0
0 0 0 0 0 0
0 0 0 0 0 0

Example 3 input (9x11):
0 0 0 0 0 0 0 0 0 0 0
0 0 0 0 0 0 7 7 0 0 0
0 0 0 0 0 0 7 0 0 0 0
0 7 7 0 0 1 1 1 0 0 0
0 0 7 0 0 0 1 1 1 0 0
1 0 1 0 0 0 1 0 1 0 0
0 1 1 1 0 0 0 0 0 0 0
0 1 0 1 0 0 0 0 0 0 0
0 0 0 0 0 0 0 0 0 0 0

Example 3 output (9x11):
0 0 0 0 0 0 0 0 0 0 0
0 0 0 0 0 0 0 0 0 0 0
0 0 0 0 0 0 0 0 0 0 0
0 0 0 0 0 6 6 6 0 0 0
0 0 0 0 0 0 6 6 6 0 0
4 0 4 0 0 0 6 0 6 0 0
0 4 4 4 0 0 0 0 0 0 0
0 4 0 4 0 0 0 0 0 0 0
0 0 0 0 0 0 0 0 0 0 0

Example 4 input (8x12):
0 0 0 0 0 0 0 0 0 0 0 0
0 7 0 0 0 0 0 0 0 0 0 0
0 7 7 0 0 0 0 0 0 0 0 0
1 0 1 1 0 0 0 7 0 0 0 0
0 1 0 0 0 0 7 7 0 0 0 0
1 1 1 0 0 1 1 0 1 0 0 0
0 0 0 0 0 0 1 1 1 0 0 0
0 0 0 0 0 0 1 0 1 0 0 0

Example 4 output (8x12):
0 0 0 0 0 0 0 0 0 0 0 0
0 0 0 0 0 0 0 0 0 0 0 0
0 0 0 0 0 0 0 0 0 0 0 0
8 0 8 8 0 0 0 0 0 0 0 0
0 8 0 0 0 0 0 0 0 0 0 0
8 8 8 0 0 3 3 0 3 0 0 0
0 0 0 0 0 0 3 3 3 0 0 0
0 0 0 0 0 0 3 0 3 0 0 0

Test input (15x12):
0 0 0 0 0 0 0 0 0 0 0 0
0 7 7 0 0 0 0 0 0 0 0 0
0 7 0 0 0 0 0 0 7 0 0 0
1 1 1 0 0 0 0 7 7 0 0 0
0 1 1 0 0 0 1 1 1 1 0 0
1 0 0 0 0 0 0 1 0 1 0 0
0 0 0 0 0 0 0 0 1 0 0 0
0 0 0 0 0 0 0 0 0 0 0 0
0 0 0 0 7 7 0 0 0 0 0 0
0 0 0 0 0 7 0 0 0 0 0 0
0 0 0 1 1 0 1 0 0 7 0 0
0 0 0 1 0 1 0 0 0 7 7 0
0 0 0 0 1 1 0 0 1 1 0 1
0 0 0 0 0 0 0 0 0 1 1 1
0 0 0 0 0 0 0 0 1 1 0 0
