Example 1 input (10x15):
0 0 0 2 0 0 0 0 0 0 2 0 0 0 0
0 0 2 0 2 0 0 0 0 2 0 2 0 0 0
0 0 0 2 0 0 0 0 0 0 2 0 0 0 0
0 0 0 0 0 0 0 0 0 0 0 0 0 0 0
0 0 0 0 0 0 0 0 0 0 2 0 0 0 0
0 0 0 0 0 0 0 0 0 2 0 2 0 0 0
0 0 0 0 0 0 0 0 0 0 2 0 0 0 0
0 0 0 0 0 0 0 0 0 0 0 0 0 0 0
0 0 0 0 0 0 0 0 0 0 0 0 0 0 0
0 0 0 0 0 0 0 0 0 0 0 0 0 0 0

Example 1 output (10x15):
0 0 0 2 0 0 0 0 0 0 2 0 0 0 0
0 0 2 0 2 1 1 1 1 2 0 2 0 0 0
0 0 0 2 0 0 0 0 0 0 2 0 0 0 0
0 0 0 0 0 0 0 0 0 0 1 0 0 0 0
0 0 0 0 0 0 0 0 0 0 2 0 0 0 0
0 0 0 0 0 0 0 0 0 2 0 2 0 0 0
0 0 0 0 0 0 0 0 0 0 2 0 0 0 0
0 0 0 0 0 0 0 0 0 0 0 0 0 0 0
0 0 0 0 0 0 0 0 0 0 0 0 0 0 0
0 0 0 0 0 0 0 0 0 0 0 0 0 0 0

Example 2 input (14x16):
0 0 0 0 0 0 0 0 0 0 0 0 0 0 0 0
0 0 0 0 0 0 0 0 0 0 0 0 0 0 0 0
0 0 0 2 0 0 0 0 2 0 0 0 0 2 0 0
0 0 2 0 2 0 0 2 0 2 0 0 2 0 2 0
0 0 0 2 0 0 0 0 2 0 0 0 0 2 0 0
0 0 0 0 0 0 0 0 0 0 0 0 0 0 0 0
0 0 0 0 0 0 0 0 0 0 0 0 0 0 0 0
0 0 0 0 0 0 0 0 0 0 0 0 0 0 0 0
0 0 0 0 0 0 0 0 2 0 0 0 0 0 0 0
0 0 2 0 0 0 0 2 0 2 0 0 0 0 0 0
0 2 0 2 0 0 0 0 2 0 0 0 0 0 0 0
0 0 2 0 0 0 0 0 0 0 0 0 0 0 0 0
0 0 0 0 0 0 0 0 0 0 0 0 0 0 0 0
0 0 0 0 0 0 0 0 0 0 0 0 0 0 0 0

Example 2 output (14x16):
0 0 0 0 0 0 0 0 0 0 0 0 0 0 0 0
0 0 0 0 0 0 0 0 0 0 0 0 0 0 0 0
0 0 0 2 0 0 0 0 2 0 0 0 0 2 0 0
0 0 2 0 2 1 1 2 0 2 1 1 2 0 2 0
0 0 0 2 0 0 0 0 2 0 0 0 0 2 0 0
0 0 0 0 0 0 0 0 1 0 0 0 0 0 0 0
0 0 0 0 0 0 0 0 1 0 0 0 0 0 0 0
0 0 0 0 0 0 0 0 1 0 0 0 0 0 0 0
0 0 0 0 0 0 0 0 2 0 0 0 0 0 0 0
0 0 2 0 0 0 0 2 0 2 0 0 0 0 0 0
0 2 0 2 0 0 0 0 2 0 0 0 0 0 0 0
0 0 2 0 0 0 0 0 0 0 0 0 0 0 0 0
0 0 0 0 0 0 0 0 0 0 0 0 0 0 0 0
0 0 0 0 0 0 0 0 0 0 0 0 0 0 0 0

Example 3 input (12x15):
0 0 0 0 0 0 0 0 2 0 0 0 0 0 0
0 0 0 0 0 0 0 2 0 2 0 0 0 0 0
0 0 0 0 0 0 0 0 2 0 0 0 0 0 0
0 0 0 0 2 0 0 0 0 0 0 2 0 0 0
0 0 0 2 0 2 0 0 0 0 2 0 2 0 0
0 0 0 0 2 0 0 0 0 0 0 2 0 0 0
0 0 0 0 0 0 0 0 0 0 0 0 0 0 0
0 0 0 0 0 0 0 0 0 0 0 0 0 0 0
0 0 0 0 2 0 0 0 0 0 0 2 0 0 0
0 0 0 2 0 2 0 0 0 0 2 0 2 0 0
0 0 0 0 2 0 0 0 0 0 0 2 0 0 0
0 0 0 0 0 0 0 0 0 0 0 0 0 0 0

Example 3 output (12x15):
0 0 0 0 0 0 0 0 2 0 0 0 0 0 0
0 0 0 0 0 0 0 2 0 2 0 0 0 0 0
0 0 0 0 0 0 0 0 2 0 0 0 0 0 0
0 0 0 0 2 0 0 0 0 0 0 2 0 0 0
0 0 0 2 0 2 1 1 1 1 2 0 2 0 0
0 0 0 0 2 0 0 0 0 0 0 2 0 0 0
0 0 0 0 1 0 0 0 0 0 0 1 0 0 0
0 0 0 0 1 0 0 0 0 0 0 1 0 0 0
0 0 0 0 2 0 0 0 0 0 0 2 0 0 0
0 0 0 2 0 2 1 1 1 1 2 0 2 0 0
0 0 0 0 2 0 0 0 0 0 0 2 0 0 0
0 0 0 0 0 0 0 0 0 0 0 0 0 0 0

Test input (9x15):
0 0 0 0 0 0 0 0 0 0 0 0 0 0 0
0 0 2 0 0 0 0 0 0 0 0 0 0 0 0
0 2 0 2 0 0 0 0 0 0 0 0 0 0 0
0 0 2 0 0 0 0 2 0 0 0 0 0 0 0
0 0 0 0 0 0 2 0 2 0 0 0 0 0 0
0 0 2 0 0 0 0 2 0 0 2 0 0 0 0
0 2 0 2 0 0 0 0 0 2 0 2 0 0 0
0 0 2 0 0 0 0 0 0 0 2 0 0 0 0
0 0 0 0 0 0 0 0 0 0 0 0 0 0 0
