Example 1 input (7x7):
0 0 8 8 0 0 0
8 8 8 8 8 0 0
0 8 8 0 8 8 0
0 8 8 8 8 0 0
0 0 0 8 8 0 0
0 0 0 0 0 0 0
0 0 0 0 0 0 0

Example 1 output (7x7):
0 0 1 1 0 0 0
3 3 1 1 4 0 0
0 3 2 0 4 4 0
0 2 2 1 1 0 0
0 0 0 1 1 0 0
0 0 0 0 0 0 0
0 0 0 0 0 0 0

Example 2 input (7x7):
0 8 0 0 8 0 0
8 8 0 0 8 8 0
0 8 8 0 8 8 0
0 8 8 0 8 8 0
0 0 8 8 0 0 0
0 0 0 8 0 0 0
0 0 0 0 0 0 0

Example 2 output (7x7):
0 2 0 0 4 0 0
2 2 0 0 4 4 0
0 1 1 0 1 1 0
0 1 1 0 1 1 0
0 0 3 3 0 0 0
0 0 0 3 0 0 0
0 0 0 0 0 0 0

Example 3 input (7x7):
8 8 8 0 0 0 0
8 8 8 8 0 0 0
8 8 0 8 0 0 0
0 8 8 8 0 0 0
0 0 0 0 0 0 0
0 0 0 0 0 0 0
0 0 0 0 0 0 0

Example 3 output (7x7):
1 1 4 0 0 0 0
1 1 4 4 0 0 0
3 3 0 2 0 0 0
0 3 2 2 0 0 0
0 0 0 0 0 0 0
0 0 0 0 0 0 0
0 0 0 0 0 0 0

Test input (7x7):
0 8 8 0 8 8 0
8 8 8 8 8 8 0
0 8 8 0 8 0 0
0 0 8 8 8 0 0
0 0 0 0 0 0 0
0 0 0 0 0 0 0
0 0 0 0 0 0 0
