Example 1 input (15x5):
5 0 0 5 0
5 0 0 5 0
5 0 5 5 5
5 5 5 0 0
0 0 5 0 0
0 0 5 5 5
0 0 0 5 0
5 5 5 5 0
0 5 0 0 0
0 5 0 0 0
0 5 5 5 0
0 0 0 5 0
0 5 5 5 5
5 5 0 0 0
0 5 0 0 0

Example 1 output (15x5):
5 0 0 5 0
5 0 0 5 0
5 0 5 5 5
5 5 5 0 0
0 0 5 0 0
0 0 5 5 5
0 0 0 5 8
5 5 5 5 8
0 5 8 8 8
0 5 8 8 8
0 5 5 5 8
0 0 0 5 8
0 5 5 5 5
5 5 0 0 0
7 5 0 0 0

Example 2 input (10x9):
0 0 5 0 0 5 0 0 0
0 0 5 5 5 5 0 0 0
5 5 5 0 0 0 0 0 0
0 5 0 0 0 0 0 0 0
0 5 0 0 0 5 5 5 5
0 5 5 5 5 5 0 0 0
5 5 0 0 0 5 5 5 5
0 0 0 0 0 5 0 0 0
5 5 5 5 5 5 0 0 0
0 0 0 0 0 5 0 0 0

Example 2 output (10x9):
0 0 5 7 7 5 8 8 8
0 0 5 5 5 5 8 8 8
5 5 5 8 8 8 8 8 8
0 5 8 8 8 8 8 8 8
0 5 8 8 8 5 5 5 5
0 5 5 5 5 5 0 0 0
5 5 0 0 0 5 5 5 5
0 0 0 0 0 5 0 0 0
5 5 5 5 5 5 0 0 0
0 0 0 0 0 5 0 0 0

Example 3 input (10x12):
0 5 0 0 5 0 0 0 0 5 0 0
0 5 0 0 5 5 5 0 0 5 0 0
0 5 5 5 5 0 5 0 0 5 0 0
0 0 5 0 0 0 5 5 5 5 0 0
5 5 5 0 0 0 5 0 0 5 5 5
0 0 0 0 0 0 5 0 0 0 0 0
0 0 0 5 5 5 5 0 0 0 0 0
5 5 5 5 0 0 5 0 0 0 0 0
0 0 0 5 0 0 5 5 5 0 0 0
0 0 0 5 0 0 0 0 5 0 0 0

Example 3 output (10x12):
0 5 7 7 5 0 0 0 0 5 0 0
0 5 7 7 5 5 5 0 0 5 0 0
0 5 5 5 5 0 5 0 0 5 0 0
0 0 5 0 0 0 5 5 5 5 0 0
5 5 5 0 0 0 5 8 8 5 5 5
0 0 0 0 0 0 5 8 8 8 8 8
0 0 0 5 5 5 5 8 8 8 8 8
5 5 5 5 0 0 5 8 8 8 8 8
0 0 0 5 0 0 5 5 5 8 8 8
0 0 0 5 0 0 0 0 5 8 8 8

Test input (5x12):
0 5 0 0 0 0 0 5 0 0 5 0
0 5 0 0 0 5 5 5 0 5 5 0
5 5 5 0 0 5 0 5 5 5 0 0
0 0 5 5 5 5 0 5 0 5 5 0
0 0 0 5 0 0 0 5 0 0 5 0
