Example 1 input (3x10):
8 2 8 0 0 0 0 0 0 0
1 8 1 0 0 0 0 0 0 0
1 8 1 0 0 0 0 0 0 0

Example 1 output (3x10):
8 2 8 8 8 8 8 8 2 8
1 8 1 1 1 1 1 1 8 1
1 8 1 1 1 1 1 1 8 1

Example 2 input (4x12):
3 2 3 0 0 0 0 0 0 0 0 0
1 2 1 0 0 0 0 0 0 0 0 0
3 2 3 0 0 0 0 0 0 0 0 0
1 3 1 0 0 0 0 0 0 0 0 0

Example 2 output (4x12):
3 2 3 3 3 3 3 3 3 3 2 3
1 2 1 1 1 1 1 1 1 1 2 1
3 2 3 3 3 3 3 3 3 3 2 3
1 3 1 1 1 1 1 1 1 1 3 1

Example 3 input (3x14):
2 3 8 2 0 0 0 0 0 0 0 0 0 0
2 8 8 2 0 0 0 0 0 0 0 0 0 0
2 8 3 2 0 0 0 0 0 0 0 0 0 0

Example 3 output (3x14):
2 3 8 2 2 2 2 2 2 2 2 3 8 2
2 8 8 2 2 2 2 2 2 2 2 8 8 2
2 8 3 2 2 2 2 2 2 2 2 8 3 2

Test input (4x14):
3 8 8 3 0 0 0 0 0 0 0 0 0 0
2 1 1 2 0 0 0 0 0 0 0 0 0 0
1 3 3 1 0 0 0 0 0 0 0 0 0 0
2 1 1 2 0 0 0 0 0 0 0 0 0 0
