Example 1 input (12x13):
8 8 8 8 8 8 8 8 8 8 8 8 8
0 0 0 0 0 0 0 0 0 0 0 0 0
0 0 1 0 0 0 0 0 1 0 0 0 0
0 0 0 0 1 0 0 0 0 0 0 0 0
0 0 0 0 0 0 0 0 0 0 0 0 0
0 0 0 0 0 0 0 0 0 1 0 0 0
0 0 0 0 0 1 0 0 0 0 0 0 0
0 0 0 0 0 0 0 0 0 0 0 0 0
0 0 1 0 0 0 0 0 0 0 0 0 1
0 0 0 0 0 0 0 0 1 0 0 0 0
0 0 0 0 0 0 0 0 0 0 0 0 0
3 3 3 3 3 3 3 3 3 3 3 3 3

Example 1 output (12x13):
8 8 8 8 8 8 8 8 8 8 8 8 8
0 0 8 0 0 0 0 0 8 0 0 0 0
0 0 1 0 8 0 0 0 1 0 0 0 0
0 0 0 0 1 0 0 0 0 0 0 0 0
0 0 0 0 0 0 0 0 0 8 0 0 0
0 0 0 0 0 0 0 0 0 1 0 0 0
0 0 0 0 0 1 0 0 0 0 0 0 0
0 0 0 0 0 3 0 0 0 0 0 0 0
0 0 1 0 0 0 0 0 0 0 0 0 1
0 0 3 0 0 0 0 0 1 0 0 0 3
0 0 0 0 0 0 0 0 3 0 0 0 0
3 3 3 3 3 3 3 3 3 3 3 3 3

Example 2 input (14x10):
2 2 2 2 2 2 2 2 2 2
0 0 0 0 0 0 0 0 0 0
0 1 0 0 0 0 0 0 1 0
0 0 0 1 0 0 0 0 0 0
0 0 0 0 0 0 0 0 0 0
0 0 1 0 0 0 0 0 0 0
0 0 0 0 0 0 1 0 0 0
0 0 0 1 0 0 0 0 0 0
0 0 0 0 0 0 0 0 0 0
0 1 0 0 0 0 0 0 0 0
0 0 0 0 0 0 1 0 0 0
0 0 0 0 0 0 0 0 1 0
0 0 0 0 0 0 0 0 0 0
4 4 4 4 4 4 4 4 4 4

Example 2 output (14x10):
2 2 2 2 2 2 2 2 2 2
0 2 0 0 0 0 0 0 2 0
0 1 0 2 0 0 0 0 1 0
0 0 0 1 0 0 0 0 0 0
0 0 2 0 0 0 0 0 0 0
0 0 1 0 0 0 2 0 0 0
0 0 0 0 0 0 1 0 0 0
0 0 0 1 0 0 0 0 0 0
0 0 0 4 0 0 0 0 0 0
0 1 0 0 0 0 0 0 0 0
0 4 0 0 0 0 1 0 0 0
0 0 0 0 0 0 4 0 1 0
0 0 0 0 0 0 0 0 4 0
4 4 4 4 4 4 4 4 4 4

Example 3 input (12x10):
3 0 0 0 0 0 0 0 0 4
3 0 0 0 0 0 1 0 0 4
3 0 1 0 0 0 0 0 0 4
3 0 0 0 0 0 0 0 0 4
3 0 0 1 0 0 0 0 0 4
3 0 0 0 0 1 0 0 0 4
3 0 0 0 0 0 0 0 0 4
3 0 0 0 0 0 0 0 0 4
3 0 0 0 0 0 1 0 0 4
3 0 0 0 0 0 0 0 0 4
3 0 1 0 0 0 0 0 0 4
3 0 0 0 0 0 0 0 0 4

Example 3 output (12x10):
3 0 0 0 0 0 0 0 0 4
3 0 0 0 0 0 1 4 0 4
3 3 1 0 0 0 0 0 0 4
3 0 0 0 0 0 0 0 0 4
3 0 3 1 0 0 0 0 0 4
3 0 0 0 0 1 4 0 0 4
3 0 0 0 0 0 0 0 0 4
3 0 0 0 0 0 0 0 0 4
3 0 0 0 0 0 1 4 0 4
3 0 0 0 0 0 0 0 0 4
3 3 1 0 0 0 0 0 0 4
3 0 0 0 0 0 0 0 0 4

Test input (16x18):
2 0 0 0 0 0 0 0 0 0 0 0 0 0 0 1 0 8
2 0 1 0 0 0 0 0 0 0 1 0 0 0 0 0 0 8
2 0 0 0 0 0 0 0 0 0 0 0 0 0 0 0 0 8
2 0 0 0 1 0 0 0 0 0 0 0 0 0 0 0 0 8
2 0 0 0 0 0 0 0 0 0 0 0 0 0 0 0 0 8
2 0 0 0 0 0 0 0 0 0 0 1 0 0 0 0 0 8
2 0 0 0 0 0 1 0 0 0 0 0 0 0 0 0 0 8
2 0 0 0 0 0 0 0 0 0 0 0 0 0 0 0 0 8
2 0 0 0 0 0 0 0 1 0 0 0 0 0 0 0 0 8
2 0 0 0 0 0 0 0 0 0 0 0 0 0 0 0 0 8
2 0 0 0 1 0 0 0 0 0 0 0 0 0 0 0 0 8
2 0 0 0 0 0 0 0 0 0 0 0 0 0 1 0 0 8
2 0 0 0 0 0 0 0 0 0 1 0 0 0 0 0 0 8
2 0 0 0 0 0 0 0 0 0 0 0 0 0 0 0 0 8
2 0 0 1 0 0 0 0 0 0 0 0 0 0 0 1 0 8
2 0 0 0 0 0 0 0 0 0 0 0 0 0 0 0 0 8
