Example 1 input (10x10):
0 0 0 0 0 0 0 0 0 0
0 8 8 8 0 0 0 0 0 0
0 8 0 8 0 0 0 0 0 0
0 8 8 8 0 0 0 0 0 0
0 0 0 0 0 0 0 0 0 0
0 0 0 0 0 0 0 0 0 0
0 8 0 0 0 0 0 0 0 0
0 0 0 0 0 0 0 0 0 0
0 0 0 0 0 0 0 0 0 0
0 0 0 0 0 0 0 0 0 0

Example 1 output (10x10):
0 0 0 0 0 0 0 0 0 0
0 0 0 0 8 8 8 0 0 0
0 0 0 0 8 0 8 0 0 0
0 0 0 0 8 8 8 0 0 0
0 0 0 0 0 0 0 0 0 0
0 0 0 0 0 0 0 0 0 0
0 0 8 0 0 0 0 0 0 0
0 0 0 0 0 0 0 0 0 0
0 0 0 0 0 0 0 0 0 0
0 0 0 0 0 0 0 0 0 0

Example 2 input (5x5):
0 0 0 0 0
8 8 0 0 0
8 8 0 0 0
0 0 0 0 0
0 0 0 0 0

Example 2 output (5x5):
0 0 0 0 0
0 0 8 8 0
0 0 8 8 0
0 0 0 0 0
0 0 0 0 0

Example 3 input (12x12):
0 0 0 0 0 0 0 0 0 0 0 0
0 8 8 8 8 0 0 0 0 0 0 0
0 8 8 0 0 0 0 0 0 0 0 0
0 0 0 8 8 0 0 0 0 0 0 0
0 8 8 8 8 0 0 0 0 0 0 0
0 0 0 0 0 0 0 0 0 0 0 0
0 0 0 0 0 0 0 0 0 0 0 0
0 0 0 0 0 0 0 0 0 0 0 0
0 0 0 0 8 8 0 0 0 0 0 0
0 0 0 0 8 8 0 0 0 0 0 0
0 0 0 0 0 0 0 0 0 0 0 0
0 0 0 0 0 0 0 0 0 0 0 0

Example 3 output (12x12):
0 0 0 0 0 0 0 0 0 0 0 0
0 0 0 0 0 8 8 8 8 0 0 0
0 0 0 0 0 8 8 0 0 0 0 0
0 0 0 0 0 0 0 8 8 0 0 0
0 0 0 0 0 8 8 8 8 0 0 0
0 0 0 0 0 0 0 0 0 0 0 0
0 0 0 0 0 0 0 0 0 0 0 0
0 0 0 0 0 0 0 0 0 0 0 0
0 0 0 0 0 0 8 8 0 0 0 0
0 0 0 0 0 0 8 8 0 0 0 0
0 0 0 0 0 0 0 0 0 0 0 0
0 0 0 0 0 0 0 0 0 0 0 0

Test input (12x12):
0 0 0 0 0 0 0 0 0 0 0 0
0 8 0 8 0 8 0 0 0 0 0 0
0 8 0 8 0 8 0 0 0 0 0 0
0 0 8 0 8 0 0 0 0 0 0 0
0 0 8 0 8 0 0 0 0 0 0 0
0 8 0 8 0 8 0 0 0 0 0 0
0 0 0 0 0 0 0 0 0 0 0 0
0 0 0 0 0 0 0 0 0 0 0 0
0 0 0 0 0 8 0 0 0 0 0 0
0 0 0 0 8 8 0 0 0 0 0 0
0 0 0 0 0 0 0 0 0 0 0 0
0 0 0 0 0 0 0 0 0 0 0 0
