Example 1 input (4x14):
0 0 3 3 3 3 3 2 2 2 0 0 0 0
3 0 0 0 0 3 0 2 0 0 0 0 0 0
3 0 0 3 3 0 0 0 0 2 2 2 2 0
0 0 0 0 0 3 3 0 0 0 2 2 0 2

Example 1 output (4x7):
0 0 0 0 0 0 0
0 5 5 5 5 0 5
0 5 0 0 0 0 5
5 5 5 0 0 0 0

Example 2 input (4x14):
3 3 3 0 0 3 0 2 0 0 0 2 2 2
0 3 3 3 3 0 3 2 0 0 0 0 0 2
0 0 3 0 3 3 3 0 0 2 2 0 2 2
0 0 0 3 0 0 0 0 0 2 0 2 2 2

Example 2 output (4x7):
0 0 0 5 0 0 0
0 0 0 0 0 5 0
5 5 0 0 0 0 0
5 5 0 0 0 0 0

Example 3 input (4x14):
0 0 3 0 3 3 0 2 2 2 2 0 0 0
3 0 0 0 3 3 0 0 2 2 2 2 0 2
3 3 0 3 0 0 0 2 0 2 0 2 0 2
3 3 3 0 0 0 3 2 2 0 0 0 0 0

Example 3 output (4x7):
0 0 0 0 0 0 5
0 0 0 0 0 0 0
0 0 0 0 0 5 0
0 0 0 5 5 5 0

Example 4 input (4x14):
0 3 3 0 3 0 3 2 0 2 0 0 0 2
3 0 3 0 0 0 0 0 0 0 0 2 2 0
0 3 3 0 0 3 3 0 0 0 0 2 0 2
0 3 3 0 3 0 3 0 2 2 2 0 2 0

Example 4 output (4x7):
0 0 0 5 0 5 0
0 5 0 5 0 0 5
5 0 0 5 0 0 0
5 0 0 0 0 0 0

Test input (4x14):
3 0 3 0 0 3 3 0 0 2 2 0 2 2
3 0 0 0 3 3 0 2 0 0 0 0 2 0
0 3 0 3 0 3 0 0 2 2 2 0 2 2
0 3 0 0 3 3 3 0 2 0 0 0 2 2
