Example 1 input (13x17):
0 0 0 0 0 0 0 0 0 0 0 0 0 0 0 0 0
0 0 2 0 0 0 0 0 0 0 0 0 0 0 0 0 0
0 2 2 2 0 0 0 0 0 0 0 0 0 0 8 0 0
0 0 2 0 0 0 0 0 0 0 0 0 0 8 8 8 0
0 0 0 0 0 0 0 0 0 0 0 0 0 0 8 0 0
0 0 0 0 0 3 0 0 0 0 0 0 0 0 0 0 0
0 0 0 0 3 3 3 0 0 0 0 0 0 0 0 0 0
0 0 0 0 0 3 0 0 0 0 0 0 0 0 0 0 0
0 0 0 0 0 0 0 0 0 0 0 0 0 0 0 0 0
0 0 0 0 0 0 0 0 0 0 0 0 0 0 0 0 0
0 0 0 0 0 0 0 0 0 0 0 0 0 0 0 0 0
0 0 0 0 0 0 0 0 0 0 0 0 0 0 0 0 0
0 0 0 0 0 0 0 0 0 0 0 0 0 0 0 0 0

Example 1 output (3x9):
0 2 0 0 3 0 0 8 0
2 2 2 3 3 3 8 8 8
0 2 0 0 3 0 0 8 0

Example 2 input (16x10):
0 0 0 0 0 0 0 0 0 0
0 0 0 3 0 0 0 0 0 0
0 0 3 0 3 0 0 0 0 0
0 0 0 3 0 0 0 0 0 0
0 0 0 0 0 0 0 0 0 0
0 0 0 0 0 0 0 0 0 0
0 0 0 0 1 0 0 0 0 0
0 0 0 1 0 1 0 0 0 0
0 0 0 0 1 0 0 0 0 0
0 0 0 0 0 0 0 0 0 0
0 0 0 0 0 0 0 0 0 0
0 0 0 0 0 8 0 0 0 0
0 0 0 0 8 0 8 0 0 0
0 0 0 0 0 8 0 0 0 0
0 0 0 0 0 0 0 0 0 0
0 0 0 0 0 0 0 0 0 0

Example 2 output (9x3):
0 3 0
3 0 3
0 3 0
0 1 0
1 0 1
0 1 0
0 8 0
8 0 8
0 8 0

Example 3 input (12x10):
0 0 0 0 0 0 0 0 0 0
0 0 0 2 0 2 0 0 0 0
0 0 0 0 2 0 0 0 0 0
0 0 0 2 0 2 0 0 0 0
0 0 0 0 0 0 0 0 0 0
0 0 0 0 0 0 0 0 0 0
0 1 0 1 0 0 0 0 0 0
0 0 1 0 0 0 0 0 0 0
0 1 0 1 0 0 0 0 0 0
0 0 0 0 0 0 0 0 0 0
0 0 0 0 0 0 0 0 0 0
0 0 0 0 0 0 0 0 0 0

Example 3 output (6x3):
2 0 2
0 2 0
2 0 2
1 0 1
0 1 0
1 0 1

Test input (14x18):
0 0 0 0 0 0 0 0 0 0 0 0 0 0 0 0 0 0
0 0 0 0 0 0 0 0 0 0 0 0 0 0 0 0 0 0
0 0 0 0 0 0 0 0 0 0 3 0 3 0 0 0 0 0
0 4 0 4 0 0 0 0 0 0 3 3 3 0 1 0 1 0
0 4 4 4 0 0 2 0 2 0 3 0 3 0 1 1 1 0
0 4 0 4 0 0 2 2 2 0 0 0 0 0 1 0 1 0
0 0 0 0 0 0 2 0 2 0 0 0 0 0 0 0 0 0
0 0 0 0 0 0 0 0 0 0 0 0 0 0 0 0 0 0
0 0 0 0 0 0 0 0 0 0 0 0 0 0 0 0 0 0
0 0 0 0 0 0 0 0 0 0 0 0 0 0 0 0 0 0
0 0 0 0 0 0 0 0 0 0 0 0 0 0 0 0 0 0
0 0 0 0 0 0 0 0 0 0 0 0 0 0 0 0 0 0
0 0 0 0 0 0 0 0 0 0 0 0 0 0 0 0 0 0
0 0 0 0 0 0 0 0 0 0 0 0 0 0 0 0 0 0
