Example 1 input (7x6):
0 0 0 0 0 0
0 2 2 0 0 0
0 0 0 0 3 3
0 0 0 0 3 3
0 0 0 0 0 0
1 0 1 0 0 1
1 1 1 1 1 1

Example 1 output (7x6):
0 0 0 0 0 0
0 0 0 0 0 0
0 0 0 0 0 0
0 0 0 0 0 0
0 2 0 3 3 0
1 2 1 3 3 1
1 1 1 1 1 1

Example 2 input (8x8):
0 0 0 0 0 0 0 0
2 2 2 0 0 0 0 0
2 2 2 0 0 0 0 0
0 0 0 0 0 5 5 0
0 0 0 0 0 5 5 0
0 0 0 0 0 0 0 0
8 0 0 8 0 0 0 8
8 8 8 8 8 8 8 8

Example 2 output (8x8):
0 0 0 0 0 0 0 0
0 0 0 0 0 0 0 0
0 0 0 0 0 0 0 0
0 0 0 0 0 0 0 0
0 0 0 0 0 0 0 0
0 5 5 0 2 2 2 0
8 5 5 8 2 2 2 8
8 8 8 8 8 8 8 8

Example 3 input (4x5):
0 0 8 8 0
0 0 0 0 0
3 0 3 3 3
3 3 3 3 3

Example 3 output (4x5):
0 0 0 0 0
0 8 0 0 0
3 8 3 3 3
3 3 3 3 3

Example 4 input (9x12):
0 0 0 0 0 0 0 5 0 0 0 0
0 0 0 0 0 0 0 5 0 0 0 0
0 0 0 0 0 0 0 0 0 0 0 0
6 6 0 0 7 7 0 0 0 0 0 0
6 6 0 0 7 7 0 0 0 0 0 0
0 0 0 0 7 7 0 0 0 0 0 0
0 0 0 0 0 0 0 0 0 0 0 0
1 0 1 0 0 1 1 0 0 0 1 1
1 1 1 1 1 1 1 1 1 1 1 1

Example 4 output (9x12):
0 0 0 0 0 0 0 0 0 0 0 0
0 0 0 0 0 0 0 0 0 0 0 0
0 0 0 0 0 0 0 0 0 0 0 0
0 0 0 0 0 0 0 0 0 0 0 0
0 0 0 0 0 0 0 0 0 0 0 0
0 0 0 0 0 0 0 0 0 0 0 0
0 5 0 6 6 0 0 7 7 7 0 0
1 5 1 6 6 1 1 7 7 7 1 1
1 1 1 1 1 1 1 1 1 1 1 1

Test input (7x11):
2 2 0 6 6 0 0 0 0 0 0
2 2 0 0 0 0 0 0 0 0 0
2 2 0 0 0 0 0 1 1 0 0
2 2 0 0 0 0 0 1 1 0 0
0 0 0 0 0 0 0 0 0 0 0
5 0 5 0 0 5 0 0 0 0 5
5 5 5 5 5 5 5 5 5 5 5
