Example 1 input (6x6):
2 0 2 0 1 0
0 0 0 0 0 0
2 0 1 0 0 0
0 0 0 0 0 0
3 0 0 0 0 0
0 0 0 0 0 0

Example 1 output (3x3):
2 2 1
2 1 0
3 0 0

Example 2 input (6x6):
3 0 0 0 2 0
0 0 0 0 0 0
8 0 0 0 8 0
0 0 0 0 0 0
0 0 1 0 0 0
0 0 0 0 0 0

Example 2 output (3x3):
3 0 2
8 0 8
0 1 0

Example 3 input (6x6):
1 0 0 0 0 0
0 0 0 0 0 0
0 0 2 0 0 0
0 0 0 0 0 0
6 0 0 0 6 0
0 0 0 0 0 0

Example 3 output (3x3):
1 0 0
0 2 0
6 0 6

Test input (6x6):
3 0 3 0 4 0
0 0 0 0 0 0
7 0 0 0 1 0
0 0 0 0 0 0
7 0 0 0 1 0
0 0 0 0 0 0
