Example 1 input (15x15):
0 0 0 0 0 0 0 0 0 0 0 0 0 0 0
0 0 0 0 0 0 0 0 0 0 0 0 0 0 0
0 0 2 2 2 0 0 0 0 0 0 0 0 0 0
0 0 2 5 2 0 0 0 0 0 0 0 0 0 0
0 0 2 0 2 0 0 0 0 0 0 0 0 0 0
0 0 0 0 0 0 0 0 0 0 0 0 0 0 0
0 0 0 0 0 0 0 0 0 0 0 0 0 0 0
0 0 0 0 0 0 0 0 0 0 0 0 0 0 0
0 0 0 0 0 0 0 0 0 0 0 0 0 0 0
0 0 0 0 0 0 0 0 0 0 0 0 0 0 0
0 0 0 0 0 0 0 0 0 0 0 2 2 2 0
0 0 0 0 0 0 0 0 0 0 0 0 5 2 0
0 0 0 0 0 0 0 0 0 0 0 2 2 2 0
0 0 0 0 0 0 0 0 0 0 0 0 0 0 0
0 0 0 0 0 0 0 0 0 0 0 0 0 0 0

Example 1 output (15x15):
0 0 0 0 0 0 0 0 0 0 0 0 0 0 0
0 0 0 0 0 0 0 0 0 0 0 0 0 0 0
0 0 2 2 2 0 0 0 0 0 0 0 0 0 0
0 0 2 5 2 0 0 0 0 0 0 0 0 0 0
0 0 2 4 2 0 0 0 0 0 0 0 0 0 0
0 0 0 4 4 4 4 4 4 4 4 0 0 0 0
0 0 0 4 4 4 4 4 4 4 4 0 0 0 0
0 0 0 4 4 4 4 4 4 4 4 0 0 0 0
0 0 0 4 4 4 4 4 4 4 4 0 0 0 0
0 0 0 4 4 4 4 4 4 4 4 0 0 0 0
0 0 0 4 4 4 4 4 4 4 4 2 2 2 0
0 0 0 4 4 4 4 4 4 4 4 4 5 2 0
0 0 0 0 0 0 0 0 0 0 0 2 2 2 0
0 0 0 0 0 0 0 0 0 0 0 0 0 0 0
0 0 0 0 0 0 0 0 0 0 0 0 0 0 0

Example 2 input (15x15):
0 0 0 0 0 0 0 0 0 0 0 0 0 0 0
0 0 0 0 0 0 0 0 0 0 0 0 0 0 0
0 0 0 0 0 0 0 0 0 0 0 0 0 0 0
0 0 0 0 0 0 0 0 0 2 2 2 0 0 0
0 0 0 0 0 0 0 0 0 2 5 0 0 0 0
0 0 0 0 0 0 0 0 0 2 2 2 0 0 0
0 0 0 0 0 0 0 0 0 0 0 0 0 0 0
0 0 0 0 0 0 0 0 0 0 0 0 0 0 0
0 0 0 0 0 0 0 0 0 0 0 0 0 0 0
0 0 0 0 0 0 0 0 0 0 0 0 0 0 0
0 2 0 2 0 0 0 0 0 0 0 0 0 0 0
0 2 5 2 0 0 0 0 0 0 0 0 0 0 0
0 2 2 2 0 0 0 0 0 0 0 0 0 0 0
0 0 0 0 0 0 0 0 0 0 0 0 0 0 0
0 0 0 0 0 0 0 0 0 0 0 0 0 0 0

Example 2 output (15x15):
0 0 0 0 0 0 0 0 0 0 0 0 0 0 0
0 0 0 0 0 0 0 0 0 0 0 0 0 0 0
0 0 0 0 0 0 0 0 0 0 0 0 0 0 0
0 0 0 0 0 0 0 0 0 2 2 2 0 0 0
0 0 0 0 0 0 0 0 0 2 5 4 4 0 0
0 0 0 0 0 0 0 0 0 2 2 2 4 0 0
0 0 4 4 4 4 4 4 4 4 4 4 4 0 0
0 0 4 4 4 4 4 4 4 4 4 4 4 0 0
0 0 4 4 4 4 4 4 4 4 4 4 4 0 0
0 0 4 4 4 4 4 4 4 4 4 4 4 0 0
0 2 4 2 0 0 0 0 0 0 0 0 0 0 0
0 2 5 2 0 0 0 0 0 0 0 0 0 0 0
0 2 2 2 0 0 0 0 0 0 0 0 0 0 0
0 0 0 0 0 0 0 0 0 0 0 0 0 0 0
0 0 0 0 0 0 0 0 0 0 0 0 0 0 0

Example 3 input (15x15):
0 0 0 0 0 0 0 0 0 0 0 0 0 0 0
0 2 0 2 0 0 0 0 0 0 0 0 0 0 0
0 2 5 2 0 0 0 0 0 0 0 0 0 0 0
0 2 2 2 0 0 0 0 0 0 0 0 0 0 0
0 0 0 0 0 0 0 0 0 0 0 0 0 0 0
0 0 0 0 0 0 0 0 0 0 0 0 0 0 0
0 0 0 0 0 0 0 0 0 0 0 0 0 0 0
0 0 0 0 0 0 0 0 0 0 0 0 0 0 0
0 0 0 0 0 0 0 0 0 0 0 0 0 0 0
0 0 0 0 0 0 0 0 0 0 0 0 0 0 0
0 0 0 0 0 0 0 0 0 0 0 0 0 0 0
0 0 0 0 0 0 0 0 0 0 0 0 0 0 0
0 0 0 0 0 0 0 0 0 2 2 2 0 0 0
0 0 0 0 0 0 0 0 0 2 5 0 0 0 0
0 0 0 0 0 0 0 0 0 2 2 2 0 0 0

Example 3 output (15x15):
0 0 4 4 4 4 4 4 4 4 4 4 4 0 0
0 2 4 2 4 4 4 4 4 4 4 4 4 0 0
0 2 5 2 4 4 4 4 4 4 4 4 4 0 0
0 2 2 2 4 4 4 4 4 4 4 4 4 0 0
0 0 0 0 4 4 4 4 4 4 4 4 4 0 0
0 0 0 0 4 4 4 4 4 4 4 4 4 0 0
0 0 0 0 4 4 4 4 4 4 4 4 4 0 0
0 0 0 0 4 4 4 4 4 4 4 4 4 0 0
0 0 0 0 4 4 4 4 4 4 4 4 4 0 0
0 0 0 0 4 4 4 4 4 4 4 4 4 0 0
0 0 0 0 4 4 4 4 4 4 4 4 4 0 0
0 0 0 0 4 4 4 4 4 4 4 4 4 0 0
0 0 0 0 0 0 0 0 0 2 2 2 4 0 0
0 0 0 0 0 0 0 0 0 2 5 4 4 0 0
0 0 0 0 0 0 0 0 0 2 2 2 0 0 0

Test input (15x15):
0 0 0 0 0 0 0 0 0 0 0 0 0 0 0
0 0 0 0 0 0 0 0 0 2 2 2 0 0 0
0 0 0 0 0 0 0 0 0 2 5 0 0 0 0
0 0 0 0 0 0 0 0 0 2 2 2 0 0 0
0 0 0 0 0 0 0 0 0 0 0 0 0 0 0
0 0 0 0 0 0 0 0 0 0 0 0 0 0 0
0 0 0 0 0 0 0 0 0 0 0 0 0 0 0
0 0 0 0 0 0 0 0 0 0 0 0 0 0 0
0 0 0 0 0 0 0 0 0 0 0 0 0 0 0
0 0 0 0 0 0 0 0 0 0 0 0 0 0 0
0 0 2 2 2 0 0 0 0 0 0 0 0 0 0
0 0 0 5 2 0 0 0 0 0 0 0 0 0 0
0 0 2 2 2 0 0 0 0 0 0 0 0 0 0
0 0 0 0 0 0 0 0 0 0 0 0 0 0 0
0 0 0 0 0 0 0 0 0 0 0 0 0 0 0
