Example 1 input (3x3):
3 3 3
3 3 3
3 3 3

Example 1 output (15x15):
0 0 0 3 0 0 0 3 0 0 0 3 0 0 0
0 0 0 3 0 0 0 3 0 0 0 3 0 0 0
0 0 0 3 0 0 0 3 0 0 0 3 0 0 0
3 3 3 3 3 3 3 3 3 3 3 3 3 3 3
0 0 0 3 0 0 0 3 0 0 0 3 0 0 0
0 0 0 3 0 0 0 3 0 0 0 3 0 0 0
0 0 0 3 0 0 0 3 0 0 0 3 0 0 0
3 3 3 3 3 3 3 3 3 3 3 3 3 3 3
0 0 0 3 0 0 0 3 0 0 0 3 0 0 0
0 0 0 3 0 0 0 3 0 0 0 3 0 0 0
0 0 0 3 0 0 0 3 0 0 0 3 0 0 0
3 3 3 3 3 3 3 3 3 3 3 3 3 3 3
0 0 0 3 0 0 0 3 0 0 0 3 0 0 0
0 0 0 3 0 0 0 3 0 0 0 3 0 0 0
0 0 0 3 0 0 0 3 0 0 0 3 0 0 0

Example 2 input (2x2):
8 8
8 8

Example 2 output (15x15):
0 0 8 0 0 8 0 0 8 0 0 8 0 0 8
0 0 8 0 0 8 0 0 8 0 0 8 0 0 8
8 8 8 8 8 8 8 8 8 8 8 8 8 8 8
0 0 8 0 0 8 0 0 8 0 0 8 0 0 8
0 0 8 0 0 8 0 0 8 0 0 8 0 0 8
8 8 8 8 8 8 8 8 8 8 8 8 8 8 8
0 0 8 0 0 8 0 0 8 0 0 8 0 0 8
0 0 8 0 0 8 0 0 8 0 0 8 0 0 8
8 8 8 8 8 8 8 8 8 8 8 8 8 8 8
0 0 8 0 0 8 0 0 8 0 0 8 0 0 8
0 0 8 0 0 8 0 0 8 0 0 8 0 0 8
8 8 8 8 8 8 8 8 8 8 8 8 8 8 8
0 0 8 0 0 8 0 0 8 0 0 8 0 0 8
0 0 8 0 0 8 0 0 8 0 0 8 0 0 8
8 8 8 8 8 8 8 8 8 8 8 8 8 8 8

Example 3 input (4x4):
2 2 2 2
2 2 2 2
2 2 2 2
2 2 2 2

Example 3 output (15x15):
0 0 0 0 2 0 0 0 0 2 0 0 0 0 2
0 0 0 0 2 0 0 0 0 2 0 0 0 0 2
0 0 0 0 2 0 0 0 0 2 0 0 0 0 2
0 0 0 0 2 0 0 0 0 2 0 0 0 0 2
2 2 2 2 2 2 2 2 2 2 2 2 2 2 2
0 0 0 0 2 0 0 0 0 2 0 0 0 0 2
0 0 0 0 2 0 0 0 0 2 0 0 0 0 2
0 0 0 0 2 0 0 0 0 2 0 0 0 0 2
0 0 0 0 2 0 0 0 0 2 0 0 0 0 2
2 2 2 2 2 2 2 2 2 2 2 2 2 2 2
0 0 0 0 2 0 0 0 0 2 0 0 0 0 2
0 0 0 0 2 0 0 0 0 2 0 0 0 0 2
0 0 0 0 2 0 0 0 0 2 0 0 0 0 2
0 0 0 0 2 0 0 0 0 2 0 0 0 0 2
2 2 2 2 2 2 2 2 2 2 2 2 2 2 2

Test input (5x5):
4 4 4 4 4
4 4 4 4 4
4 4 4 4 4
4 4 4 4 4
4 4 4 4 4
