Example 1 input (15x5):
1 0 0 0 0
1 1 1 1 1
0 1 0 1 0
1 1 1 0 1
0 0 0 1 0
8 0 8 0 0
8 0 0 8 0
8 0 0 0 8
8 8 0 0 0
8 8 0 0 0
0 6 0 0 6
6 0 0 6 6
0 6 6 6 0
6 6 0 6 6
0 0 6 0 6

Example 1 output (5x5):
1 6 8 0 6
6 1 1 6 6
8 6 6 6 8
6 6 1 6 6
8 8 6 1 6

Example 2 input (15x5):
1 0 1 0 1
0 1 0 0 1
0 1 0 0 0
1 0 0 1 1
1 0 0 1 1
0 0 0 0 0
0 8 8 8 0
0 8 0 0 0
8 0 0 0 8
8 0 8 8 0
0 0 6 0 6
6 0 6 0 0
6 0 0 0 6
6 0 0 0 6
0 6 6 6 6

Example 2 output (5x5):
1 0 6 0 6
6 1 6 8 1
6 1 0 0 6
6 0 0 1 6
1 6 6 6 6

Example 3 input (15x5):
0 0 1 1 0
1 1 1 0 0
0 1 1 1 0
0 1 0 0 1
1 0 0 1 1
8 0 8 8 0
8 0 8 8 8
8 8 8 0 8
0 8 0 8 8
8 0 8 8 8
6 0 6 0 6
0 0 0 0 6
6 6 6 6 6
0 0 6 0 0
0 6 0 6 0

Example 3 output (5x5):
6 0 6 1 6
1 1 1 8 6
6 6 6 6 6
0 1 6 8 1
1 6 8 6 1

Example 4 input (15x5):
0 1 1 1 1
0 1 1 0 0
0 1 1 1 0
0 0 1 1 1
0 1 1 1 0
0 8 8 0 0
8 0 0 8 0
0 8 0 0 8
0 0 8 0 0
8 0 8 0 8
0 6 0 6 6
0 0 6 6 6
0 6 0 0 0
0 6 6 0 6
0 0 0 0 0

Example 4 output (5x5):
0 6 1 6 6
8 1 6 6 6
0 6 1 1 8
0 6 6 1 6
8 1 1 1 8

Example 5 input (15x5):
1 1 1 0 0
0 0 1 1 0
1 1 0 0 1
0 1 1 1 1
0 0 0 0 1
0 8 0 0 8
8 8 8 0 0
0 0 0 0 0
0 0 0 8 0
0 0 8 8 8
6 6 0 0 0
0 6 6 6 0
0 0 6 0 6
0 0 6 6 6
6 6 6 6 6

Example 5 output (5x5):
6 6 1 0 8
8 6 6 6 0
1 1 6 0 6
0 1 6 6 6
6 6 6 6 6

Test input (15x5):
1 0 1 1 1
1 0 1 0 0
0 1 1 0 0
0 1 1 1 0
1 0 1 0 1
0 0 8 0 0
0 0 8 8 8
8 8 0 8 8
0 0 8 0 0
8 8 0 8 0
0 6 0 6 0
0 0 6 0 6
0 6 0 0 6
0 0 6 0 6
6 0 6 6 0
