Example 1 input (10x6):
0 0 0 0 8 8
3 0 0 4 0 0
3 0 0 4 0 0
0 0 0 0 0 6
1 1 0 0 0 6
0 0 0 0 0 0
0 0 5 5 0 0
0 0 0 0 0 0
0 0 0 0 0 0
2 2 2 2 2 2

Example 1 output (10x6):
0 0 0 0 0 0
0 0 0 0 0 0
0 0 0 0 0 0
0 0 0 0 0 0
0 0 0 0 0 0
0 0 0 0 0 0
3 0 0 4 8 8
3 0 0 4 0 6
1 1 5 5 0 6
2 2 2 2 2 2

Example 2 input (5x11):
2 0 0 3 3 0 0 4 4 0 0
2 0 0 0 0 5 0 0 0 0 0
2 0 0 0 0 5 0 0 6 6 0
2 0 0 0 0 0 0 8 0 0 0
2 0 7 7 0 0 0 8 0 0 0

Example 2 output (5x11):
2 3 3 4 4 0 0 0 0 0 0
2 5 0 0 0 0 0 0 0 0 0
2 5 6 6 0 0 0 0 0 0 0
2 0 0 8 0 0 0 0 0 0 0
2 7 7 8 0 0 0 0 0 0 0

Example 3 input (5x10):
0 4 4 0 0 0 0 0 0 2
0 0 0 5 5 0 0 6 0 2
0 0 0 0 0 0 0 6 0 2
0 9 0 0 8 8 0 0 0 2
0 9 0 0 0 0 0 0 0 2

Example 3 output (5x10):
0 0 0 0 0 0 0 4 4 2
0 0 0 0 0 0 5 5 6 2
0 0 0 0 0 0 0 0 6 2
0 0 0 0 0 0 9 8 8 2
0 0 0 0 0 0 9 0 0 2

Test input (10x10):
2 2 2 2 2 2 2 2 2 2
0 0 3 3 0 0 0 6 0 0
0 0 0 0 0 7 0 6 0 0
0 8 8 0 0 7 0 0 0 0
0 0 0 0 0 0 0 0 6 6
0 0 0 0 3 3 0 0 0 0
0 0 9 0 0 0 0 0 4 0
0 0 9 0 0 0 0 0 4 0
3 0 0 0 0 1 1 0 0 0
3 0 0 0 0 0 0 5 5 0
