Example 1 input (10x5):
0 0 0 0 0
0 0 0 0 2
0 0 0 2 0
0 0 2 0 2
0 2 2 2 2
0 0 0 0 2
0 0 2 2 0
0 0 0 0 2
0 0 0 2 2
0 0 0 0 0

Example 1 output (10x10):
0 0 0 0 0 8 8 8 8 8
0 0 0 0 2 0 8 8 8 8
0 0 0 2 0 8 0 8 8 8
0 0 2 0 2 0 8 0 8 8
0 2 2 2 2 0 0 0 0 8
0 0 0 0 2 0 8 8 8 8
0 0 2 2 0 8 0 0 8 8
0 0 0 0 2 0 8 8 8 8
0 0 0 2 2 0 0 8 8 8
0 0 0 0 0 8 8 8 8 8

Example 2 input (8x6):
2 0 0 0 0 0
2 2 2 0 0 0
0 0 2 0 0 0
0 2 2 2 0 0
0 0 2 2 0 0
2 2 0 0 0 0
2 2 2 2 2 0
2 0 0 0 0 0

Example 2 output (8x12):
8 8 8 8 8 0 2 0 0 0 0 0
8 8 8 0 0 0 2 2 2 0 0 0
8 8 8 0 8 8 0 0 2 0 0 0
8 8 0 0 0 8 0 2 2 2 0 0
8 8 0 0 8 8 0 0 2 2 0 0
8 8 8 8 0 0 2 2 0 0 0 0
8 0 0 0 0 0 2 2 2 2 2 0
8 8 8 8 8 0 2 0 0 0 0 0

Example 3 input (3x3):
0 2 0
0 2 2
0 0 2

Example 3 output (3x6):
0 2 0 8 0 8
0 2 2 0 0 8
0 0 2 0 8 8

Example 4 input (3x3):
2 2 0
2 0 0
2 2 0

Example 4 output (3x6):
8 0 0 2 2 0
8 8 0 2 0 0
8 0 0 2 2 0

Test input (12x6):
0 0 0 0 0 0
0 0 0 0 0 2
0 0 0 0 2 0
0 0 0 2 2 2
0 0 0 0 2 2
0 2 2 2 0 0
0 0 0 2 2 2
0 0 0 0 0 2
0 0 0 0 2 2
0 0 0 0 2 2
0 0 0 0 0 0
0 0 0 0 0 0
