Example 1 input (21x21):
5 5 5 3 5 5 5 5 3 5 5 5 5 5 5 5 5 5 3 5 5
5 5 5 3 5 5 5 5 3 5 5 5 5 5 5 5 5 5 3 5 5
5 5 5 3 5 5 5 5 3 5 5 5 5 5 5 5 5 5 3 5 5
5 5 5 3 5 5 5 5 3 5 5 5 5 5 5 5 5 5 3 5 5
5 5 5 3 5 5 5 5 3 5 5 5 5 5 5 5 5 5 3 5 5
5 5 5 3 5 5 5 5 3 5 5 5 5 5 5 5 5 5 3 5 5
5 5 5 3 5 5 5 5 3 5 5 5 5 5 5 5 5 5 3 5 5
5 5 5 3 5 5 5 5 3 5 5 5 5 5 5 5 5 5 3 5 5
5 5 5 3 5 5 5 5 3 5 5 5 5 5 5 5 5 5 3 5 5
5 5 5 3 5 5 5 5 3 5 5 5 5 5 5 5 5 5 3 5 5
3 3 3 3 3 3 3 3 3 3 3 3 3 3 3 3 3 3 3 3 3
5 5 5 3 5 5 5 5 3 5 5 5 5 5 5 5 5 5 3 5 5
5 5 5 3 5 5 5 5 3 5 5 5 5 5 5 5 5 5 3 5 5
3 3 3 3 3 3 3 3 3 3 3 3 3 3 3 3 3 3 3 3 3
5 5 5 3 5 5 5 5 3 5 5 5 5 5 5 5 5 5 3 5 5
5 5 5 3 5 5 5 5 3 5 5 5 5 5 5 5 5 5 3 5 5
5 5 5 3 5 5 5 5 3 5 5 5 5 5 5 5 5 5 3 5 5
5 5 5 3 5 5 5 5 3 5 5 5 5 5 5 5 5 5 3 5 5
5 5 5 3 5 5 5 5 3 5 5 5 5 5 5 5 5 5 3 5 5
5 5 5 3 5 5 5 5 3 5 5 5 5 5 5 5 5 5 3 5 5
5 5 5 3 5 5 5 5 3 5 5 5 5 5 5 5 5 5 3 5 5

Example 1 output (3x4):
5 5 5 5
5 5 5 5
5 5 5 5

Example 2 input (27x27):
5 5 5 5 5 5 8 5 5 5 5 5 5 5 5 5 8 5 5 8 5 5 5 5 5 8 5
5 5 5 5 5 5 8 5 5 5 5 5 5 5 5 5 8 5 5 8 5 5 5 5 5 8 5
5 5 5 5 5 5 8 5 5 5 5 5 5 5 5 5 8 5 5 8 5 5 5 5 5 8 5
5 5 5 5 5 5 8 5 5 5 5 5 5 5 5 5 8 5 5 8 5 5 5 5 5 8 5
5 5 5 5 5 5 8 5 5 5 5 5 5 5 5 5 8 5 5 8 5 5 5 5 5 8 5
5 5 5 5 5 5 8 5 5 5 5 5 5 5 5 5 8 5 5 8 5 5 5 5 5 8 5
5 5 5 5 5 5 8 5 5 5 5 5 5 5 5 5 8 5 5 8 5 5 5 5 5 8 5
5 5 5 5 5 5 8 5 5 5 5 5 5 5 5 5 8 5 5 8 5 5 5 5 5 8 5
5 5 5 5 5 5 8 5 5 5 5 5 5 5 5 5 8 5 5 8 5 5 5 5 5 8 5
8 8 8 8 8 8 8 8 8 8 8 8 8 8 8 8 8 8 8 8 8 8 8 8 8 8 8
5 5 5 5 5 5 8 5 5 5 5 5 5 5 5 5 8 5 5 8 5 5 5 5 5 8 5
5 5 5 5 5 5 8 5 5 5 5 5 5 5 5 5 8 5 5 8 5 5 5 5 5 8 5
5 5 5 5 5 5 8 5 5 5 5 5 5 5 5 5 8 5 5 8 5 5 5 5 5 8 5
5 5 5 5 5 5 8 5 5 5 5 5 5 5 5 5 8 5 5 8 5 5 5 5 5 8 5
8 8 8 8 8 8 8 8 8 8 8 8 8 8 8 8 8 8 8 8 8 8 8 8 8 8 8
5 5 5 5 5 5 8 5 5 5 5 5 5 5 5 5 8 5 5 8 5 5 5 5 5 8 5
5 5 5 5 5 5 8 5 5 5 5 5 5 5 5 5 8 5 5 8 5 5 5 5 5 8 5
5 5 5 5 5 5 8 5 5 5 5 5 5 5 5 5 8 5 5 8 5 5 5 5 5 8 5
5 5 5 5 5 5 8 5 5 5 5 5 5 5 5 5 8 5 5 8 5 5 5 5 5 8 5
8 8 8 8 8 8 8 8 8 8 8 8 8 8 8 8 8 8 8 8 8 8 8 8 8 8 8
5 5 5 5 5 5 8 5 5 5 5 5 5 5 5 5 8 5 5 8 5 5 5 5 5 8 5
5 5 5 5 5 5 8 5 5 5 5 5 5 5 5 5 8 5 5 8 5 5 5 5 5 8 5
5 5 5 5 5 5 8 5 5 5 5 5 5 5 5 5 8 5 5 8 5 5 5 5 5 8 5
5 5 5 5 5 5 8 5 5 5 5 5 5 5 5 5 8 5 5 8 5 5 5 5 5 8 5
8 8 8 8 8 8 8 8 8 8 8 8 8 8 8 8 8 8 8 8 8 8 8 8 8 8 8
5 5 5 5 5 5 8 5 5 5 5 5 5 5 5 5 8 5 5 8 5 5 5 5 5 8 5
5 5 5 5 5 5 8 5 5 5 5 5 5 5 5 5 8 5 5 8 5 5 5 5 5 8 5

Example 2 output (5x5):
5 5 5 5 5
5 5 5 5 5
5 5 5 5 5
5 5 5 5 5
5 5 5 5 5

Example 3 input (10x10):
4 1 4 1 1 1 1 1 4 1
4 1 4 1 1 1 1 1 4 1
4 1 4 1 1 1 1 1 4 1
4 1 4 1 1 1 1 1 4 1
4 1 4 1 1 1 1 1 4 1
4 4 4 4 4 4 4 4 4 4
4 1 4 1 1 1 1 1 4 1
4 1 4 1 1 1 1 1 4 1
4 1 4 1 1 1 1 1 4 1
4 1 4 1 1 1 1 1 4 1

Example 3 output (2x3):
1 1 1
1 1 1

Test input (16x16):
1 1 3 1 3 1 3 1 1 3 1 1 1 1 1 1
1 1 3 1 3 1 3 1 1 3 1 1 1 1 1 1
1 1 3 1 3 1 3 1 1 3 1 1 1 1 1 1
1 1 3 1 3 1 3 1 1 3 1 1 1 1 1 1
1 1 3 1 3 1 3 1 1 3 1 1 1 1 1 1
1 1 3 1 3 1 3 1 1 3 1 1 1 1 1 1
3 3 3 3 3 3 3 3 3 3 3 3 3 3 3 3
1 1 3 1 3 1 3 1 1 3 1 1 1 1 1 1
1 1 3 1 3 1 3 1 1 3 1 1 1 1 1 1
1 1 3 1 3 1 3 1 1 3 1 1 1 1 1 1
1 1 3 1 3 1 3 1 1 3 1 1 1 1 1 1
1 1 3 1 3 1 3 1 1 3 1 1 1 1 1 1
1 1 3 1 3 1 3 1 1 3 1 1 1 1 1 1
1 1 3 1 3 1 3 1 1 3 1 1 1 1 1 1
3 3 3 3 3 3 3 3 3 3 3 3 3 3 3 3
1 1 3 1 3 1 3 1 1 3 1 1 1 1 1 1
