Example 1 input (12x13):
0 5 0 0 0 0 0 0 0 5 0 0 0
0 5 0 0 0 5 5 0 0 0 0 0 0
5 0 0 0 0 0 0 5 0 0 0 5 0
0 0 0 0 0 5 0 0 0 0 0 0 0
0 0 0 0 5 0 0 0 0 0 0 0 5
0 0 0 0 5 0 0 0 0 0 0 0 0
5 0 0 0 0 0 0 0 0 0 0 5 5
0 0 5 0 0 0 0 0 0 0 0 0 0
0 0 5 0 0 5 0 0 5 0 0 0 0
0 5 0 0 5 0 0 5 0 0 0 0 0
0 0 0 0 0 0 5 5 0 0 5 0 0
0 0 2 0 0 2 0 0 0 2 0 0 0

Example 1 output (12x13):
0 5 0 2 0 0 0 0 0 5 2 0 0
0 5 0 2 0 5 5 0 0 2 2 0 0
5 0 0 2 0 0 2 5 0 2 0 5 0
0 0 0 2 0 5 2 0 0 2 0 0 0
0 0 0 2 5 0 2 0 0 2 0 0 5
0 0 0 2 5 0 2 0 0 2 0 0 0
5 0 0 2 0 0 2 0 0 2 0 5 5
0 0 5 2 0 0 2 0 0 2 0 0 0
0 0 5 2 0 5 2 0 5 2 0 0 0
0 5 2 2 5 2 2 5 0 2 0 0 0
0 0 2 0 0 2 5 5 0 2 5 0 0
0 0 2 0 0 2 0 0 0 2 0 0 0

Example 2 input (13x14):
0 0 0 0 0 0 5 0 0 0 5 0 0 0
0 0 0 0 0 0 0 0 5 0 0 0 5 0
0 0 0 0 0 0 0 0 0 0 0 5 0 0
0 0 5 5 0 0 0 5 5 0 0 0 0 0
0 0 5 5 0 0 0 0 0 0 0 0 0 0
0 0 0 0 0 0 5 0 0 0 5 0 0 0
0 5 5 0 0 0 0 0 0 5 0 0 0 0
5 0 5 0 0 5 0 0 0 0 0 0 0 5
5 0 0 0 5 0 5 0 0 0 0 0 0 0
5 0 0 0 0 0 0 0 0 0 5 0 0 0
0 0 5 0 0 0 5 0 0 0 5 5 0 0
0 0 0 0 0 0 0 5 0 5 5 0 0 0
5 0 2 0 0 2 0 5 5 0 2 0 0 0

Example 2 output (13x14):
0 0 0 0 2 0 5 0 0 0 5 0 0 2
0 0 0 0 2 0 0 0 5 0 0 0 5 2
0 0 0 0 2 0 0 0 0 0 0 5 2 2
0 0 5 5 2 0 0 5 5 0 0 0 2 0
0 0 5 5 2 0 0 0 0 0 0 0 2 0
0 0 0 2 2 0 5 0 0 0 5 0 2 0
0 5 5 2 0 0 0 0 0 5 0 0 2 0
5 0 5 2 0 5 0 0 0 0 0 0 2 5
5 0 0 2 5 2 5 0 0 0 0 0 2 0
5 0 0 2 0 2 0 0 0 0 5 0 2 0
0 0 5 2 0 2 5 0 0 0 5 5 2 0
0 0 2 2 0 2 0 5 0 5 5 2 2 0
5 0 2 0 0 2 0 5 5 0 2 2 0 0

Example 3 input (13x15):
0 5 0 0 0 0 0 5 0 0 0 0 0 5 5
0 5 0 0 0 0 0 0 0 0 5 0 0 5 0
5 0 0 0 0 0 0 0 0 0 0 0 0 0 0
0 0 0 0 5 0 0 0 0 0 0 5 0 0 0
0 0 0 0 0 0 0 0 5 0 5 0 0 0 0
0 5 5 5 5 0 0 0 0 0 5 0 0 5 0
5 5 0 0 0 0 0 5 0 5 5 0 0 0 5
0 5 0 0 0 0 0 0 0 0 5 0 0 0 0
0 0 0 5 5 0 0 0 0 5 0 0 0 0 0
0 5 0 0 0 0 0 5 0 0 5 0 5 0 0
0 5 5 0 0 0 5 0 0 0 5 0 0 0 0
0 0 5 0 0 0 0 0 0 5 5 0 5 0 0
0 5 5 2 0 0 0 2 0 2 0 0 5 5 0

Example 3 output (13x15):
0 5 0 0 0 2 0 5 0 2 0 0 2 5 5
0 5 0 0 0 2 0 0 0 2 5 0 2 5 0
5 0 0 0 0 2 0 0 0 2 0 0 2 0 0
0 0 0 0 5 2 0 0 0 2 0 5 2 0 0
0 0 0 0 0 2 0 0 5 2 5 2 2 0 0
0 5 5 5 5 2 0 0 2 2 5 2 0 5 0
5 5 0 0 0 2 0 5 2 5 5 2 0 0 5
0 5 0 0 0 2 0 0 2 0 5 2 0 0 0
0 0 0 5 5 2 0 0 2 5 0 2 0 0 0
0 5 0 2 2 2 0 5 2 0 5 2 5 0 0
0 5 5 2 0 0 5 2 2 0 5 2 0 0 0
0 0 5 2 0 0 0 2 0 5 5 2 5 0 0
0 5 5 2 0 0 0 2 0 2 2 2 5 5 0

Test input (13x13):
0 0 0 5 0 5 0 0 0 0 0 5 5
0 0 0 0 0 5 0 5 0 5 5 5 0
0 0 0 0 0 0 5 0 0 0 0 0 0
5 0 5 0 0 0 5 5 0 0 0 0 5
0 0 5 5 0 5 0 0 0 0 0 0 5
0 0 0 0 0 0 0 0 5 0 5 0 0
0 0 5 5 0 5 0 5 0 0 0 0 0
5 0 0 0 0 5 5 0 5 0 0 0 0
0 5 0 0 0 0 0 0 0 5 5 0 0
0 5 0 5 0 0 0 5 0 5 0 5 0
0 5 0 0 0 0 0 0 0 5 5 0 0
5 0 5 0 5 0 5 0 0 0 0 0 0
0 0 0 2 0 0 0 2 0 2 5 5 0
