Example 1 input (7x5):
0 0 0 0 0
0 0 0 0 0
0 0 0 0 0
0 0 0 0 0
0 0 4 0 0
0 0 0 0 0
2 2 2 2 2

Example 1 output (7x5):
0 0 0 0 0
0 0 0 0 0
0 0 0 0 0
4 0 0 0 4
0 4 0 4 0
0 0 4 0 0
2 2 2 2 2

Example 2 input (10x6):
0 0 0 0 0 0
0 0 0 0 0 0
0 4 0 0 0 0
0 0 0 0 4 0
0 0 0 0 0 0
2 2 2 2 2 2
0 0 0 0 0 0
0 0 0 0 0 0
0 0 0 0 0 0
0 0 0 0 0 0

Example 2 output (10x6):
4 0 0 0 0 0
0 4 0 0 0 0
0 0 4 0 0 0
0 4 0 4 0 4
0 0 0 0 4 0
2 2 2 2 2 2
0 0 0 0 0 0
0 0 0 0 0 0
0 0 0 0 0 0
0 0 0 0 0 0

Example 3 input (12x8):
0 4 0 0 0 0 0 0
0 0 0 0 0 4 0 0
0 0 0 0 0 0 0 0
0 0 0 0 0 0 0 0
0 0 4 0 0 0 0 0
0 0 0 0 0 0 0 0
0 0 0 0 0 0 0 0
0 0 0 0 4 0 0 0
0 0 0 0 0 0 0 0
2 2 2 2 2 2 2 2
0 0 0 4 0 0 0 0
0 0 0 0 0 0 0 0

Example 3 output (12x8):
0 0 0 0 0 0 0 0
0 4 0 0 0 0 0 0
0 0 0 0 0 4 0 0
0 0 0 0 0 0 0 0
4 0 0 0 0 0 0 0
0 4 4 0 0 0 0 4
0 0 4 0 0 0 4 0
0 0 0 4 0 4 0 0
0 0 0 0 4 0 0 0
2 2 2 2 2 2 2 2
0 0 0 0 0 0 0 0
0 0 0 4 0 0 0 0

Example 4 input (6x3):
0 0 0
0 4 0
0 0 0
0 0 0
2 2 2
0 0 0

Example 4 output (6x3):
0 0 0
0 0 0
0 4 0
0 0 0
2 2 2
0 0 0

Test input (12x8):
0 0 0 0 4 0 0 0
4 0 0 0 0 0 0 0
0 0 0 0 0 0 0 0
2 2 2 2 2 2 2 2
0 0 0 0 0 0 0 0
0 0 0 0 0 0 0 0
0 4 0 0 0 0 0 0
0 0 0 0 0 0 0 0
0 0 0 0 0 0 0 0
0 0 0 0 0 0 0 0
0 0 0 0 0 0 0 0
0 0 0 0 0 0 0 0
