Example 1 input (23x23):
0 0 0 1 0 0 0 0 0 0 0 0 0 0 0 0 0 0 0 0 0 0 0
0 1 1 1 1 1 0 0 0 0 0 0 0 0 0 0 0 0 0 0 0 0 0
0 1 0 0 0 1 0 0 0 0 0 0 0 0 0 0 0 0 0 0 0 0 0
0 1 1 0 1 1 0 0 0 0 0 0 0 0 0 0 0 0 0 0 0 0 0
0 0 1 0 1 0 0 0 0 0 0 0 0 0 0 0 0 0 0 0 0 0 0
0 0 0 0 0 0 0 0 0 0 1 0 0 0 0 0 0 0 0 0 0 0 0
0 0 0 0 0 0 0 0 1 1 1 1 1 0 0 0 0 0 0 0 0 0 0
0 0 0 0 0 0 0 0 0 1 1 1 0 0 0 0 0 0 0 0 0 0 0
0 0 0 0 0 0 0 1 1 1 0 1 1 1 0 0 0 0 0 0 0 0 0
0 0 0 0 0 0 0 0 0 0 0 0 0 0 0 0 0 0 0 0 0 0 0
0 0 0 0 0 0 0 0 0 0 0 0 0 0 0 0 0 0 0 0 0 0 0
0 0 0 0 0 0 0 0 0 0 0 0 0 0 1 0 0 1 0 0 0 0 0
0 0 0 0 0 0 0 0 0 0 0 0 0 0 0 1 1 0 0 0 0 0 0
0 0 0 0 0 0 0 0 0 0 0 0 0 0 0 1 1 0 0 0 0 0 0
0 0 0 0 0 0 0 0 0 0 0 0 0 0 1 0 0 1 0 0 0 0 0
0 0 0 0 0 0 1 1 0 0 0 0 0 0 0 1 1 0 0 0 0 0 0
0 0 0 0 0 1 1 1 0 0 0 0 0 0 0 0 0 0 0 0 0 0 0
0 0 0 0 1 1 1 0 0 0 0 0 0 0 0 0 0 0 0 0 0 0 0
0 0 0 0 0 1 0 0 0 0 0 0 0 0 0 0 0 0 0 0 0 0 0
0 0 0 0 0 0 0 0 0 0 0 0 0 0 0 0 0 0 0 0 0 0 0
0 0 0 0 0 0 0 0 0 0 0 0 0 0 0 0 0 0 0 0 0 0 0
0 0 0 0 0 0 0 0 0 0 0 0 0 0 0 0 0 0 0 0 0 0 0
0 0 0 0 0 0 0 0 0 0 0 0 0 0 0 0 0 0 0 0 0 0 0

Example 1 output (4x4):
0 0 1 1
0 1 1 1
1 1 1 0
0 1 0 0

Example 2 input (21x21):
0 0 0 0 0 0 0 0 0 0 0 0 0 0 0 0 0 0 0 0 0
0 0 0 0 0 0 0 0 0 0 0 0 0 0 0 0 0 0 0 0 0
0 0 2 2 0 2 2 0 0 0 0 0 0 0 0 0 0 0 0 0 0
0 0 0 2 2 2 0 0 0 0 0 0 0 0 0 0 0 0 0 0 0
2 2 2 2 0 2 2 2 2 0 0 0 0 0 0 0 0 0 0 0 0
0 0 2 2 2 2 2 0 0 0 0 0 0 2 0 0 0 0 0 0 0
0 0 0 0 0 0 0 0 0 0 0 2 2 2 2 2 0 0 0 0 0
0 0 0 0 0 0 0 0 0 0 0 0 2 0 2 0 0 0 0 0 0
0 0 0 0 0 0 0 0 0 0 2 2 2 0 2 2 2 0 0 0 0
0 0 0 0 0 0 0 0 0 0 0 2 0 0 0 2 0 0 0 0 0
0 0 0 0 0 0 0 0 0 0 0 0 0 0 0 0 0 0 0 0 0
0 0 0 0 0 0 0 0 0 0 0 0 0 0 0 0 0 0 0 0 0
0 0 0 0 0 0 0 0 0 0 0 0 0 0 0 0 0 0 0 0 0
0 0 2 0 0 0 2 0 0 0 0 0 0 0 0 0 0 0 0 0 0
0 0 0 2 0 2 0 0 0 0 0 0 0 0 0 2 0 0 0 0 0
0 0 2 2 2 2 2 0 0 0 0 0 0 2 2 2 0 0 0 0 0
0 0 0 2 0 2 0 0 0 0 0 0 2 0 2 0 2 0 0 0 0
0 0 2 2 2 2 2 0 0 0 0 0 0 2 2 0 0 0 0 0 0
0 0 0 0 0 0 0 0 0 0 0 0 0 0 0 0 0 0 0 0 0
0 0 0 0 0 0 0 0 0 0 0 0 0 0 0 0 0 0 0 0 0
0 0 0 0 0 0 0 0 0 0 0 0 0 0 0 0 0 0 0 0 0

Example 2 output (4x5):
0 0 0 2 0
0 2 2 2 0
2 0 2 0 2
0 2 2 0 0

Example 3 input (20x20):
0 0 0 0 0 0 0 0 0 0 0 0 0 0 0 0 0 0 0 0
0 0 0 0 0 0 0 0 0 0 0 0 0 0 0 0 0 0 0 0
0 0 0 0 0 0 0 0 0 0 0 0 0 3 0 0 0 0 0 0
0 0 3 0 0 0 3 0 0 0 0 3 0 3 0 3 0 0 0 0
0 0 3 3 3 3 3 0 0 0 0 3 3 3 3 3 0 0 0 0
0 0 0 3 0 3 0 0 0 0 0 3 0 3 0 3 0 0 0 0
0 0 0 0 0 0 0 0 0 0 0 0 3 0 3 0 0 0 0 0
0 0 0 0 0 0 0 0 0 0 0 0 0 0 0 0 0 0 0 0
0 0 0 0 0 0 0 0 0 0 0 0 0 0 0 0 0 0 0 0
0 0 0 0 0 0 0 0 0 0 0 0 0 0 0 3 0 0 3 0
0 0 0 0 0 0 0 0 0 0 0 0 0 0 0 0 3 3 0 0
0 0 0 0 0 0 0 0 0 0 0 0 0 0 3 3 3 3 3 3
0 0 0 0 3 0 0 0 0 0 3 0 0 0 0 3 0 0 3 0
0 0 0 0 0 3 0 3 0 3 0 0 0 0 0 0 3 3 0 0
0 0 0 0 0 0 3 3 3 0 0 0 0 0 0 0 0 0 0 0
0 0 0 0 0 3 3 3 3 3 0 0 0 0 0 0 0 0 0 0
0 0 0 0 0 0 0 0 3 0 0 0 0 0 0 0 0 0 0 0
0 0 0 0 0 0 0 0 0 0 0 0 0 0 0 0 0 0 0 0
0 0 0 0 0 0 0 0 0 0 0 0 0 0 0 0 0 0 0 0
0 0 0 0 0 0 0 0 0 0 0 0 0 0 0 0 0 0 0 0

Example 3 output (5x7):
3 0 0 0 0 0 3
0 3 0 3 0 3 0
0 0 3 3 3 0 0
0 3 3 3 3 3 0
0 0 0 0 3 0 0

Test input (22x22):
0 0 0 0 0 0 0 0 0 0 0 0 0 0 0 0 0 0 0 0 0 0
0 0 0 8 8 8 8 0 0 0 0 0 8 0 0 8 0 0 0 0 0 0
0 0 0 0 8 8 0 0 0 0 0 0 0 8 8 0 0 0 0 0 0 0
0 0 0 8 0 0 8 0 0 0 0 0 8 8 8 8 0 0 0 0 0 0
0 0 8 8 8 8 8 8 0 0 0 0 8 0 0 8 0 0 0 0 0 0
0 0 0 0 8 8 0 0 0 0 0 0 0 0 0 0 0 0 0 0 0 0
0 0 0 8 0 0 8 0 0 0 0 0 0 0 0 0 0 0 0 0 0 0
0 0 0 0 0 0 0 0 0 0 0 0 0 0 0 0 0 0 0 0 0 0
0 0 0 0 0 0 0 0 0 0 0 0 0 0 0 8 0 8 0 0 0 0
0 0 0 0 0 0 0 0 0 0 0 0 0 8 8 8 8 8 0 0 0 0
0 0 0 0 0 0 0 0 0 0 0 0 0 0 0 8 0 8 0 0 0 0
0 0 0 0 0 0 0 0 0 0 0 0 0 0 8 8 8 0 0 0 0 0
0 0 0 0 0 0 0 0 0 0 0 0 0 8 0 8 0 8 0 0 0 0
0 0 0 0 0 0 0 0 0 0 0 0 0 8 8 8 8 8 0 0 0 0
0 0 0 0 0 8 8 0 0 0 0 0 0 0 8 8 8 0 0 0 0 0
0 0 0 0 8 0 0 8 0 0 0 0 0 0 0 0 0 0 0 0 0 0
0 0 0 8 8 8 8 8 8 0 0 0 0 0 0 0 0 0 0 0 0 0
0 0 0 8 0 8 8 0 8 0 0 0 0 0 0 0 0 0 0 0 0 0
0 0 0 0 0 0 0 0 0 0 0 0 0 0 0 0 0 0 0 0 0 0
0 0 0 0 0 0 0 0 0 0 0 0 0 0 0 0 0 0 0 0 0 0
0 0 0 0 0 0 0 0 0 0 0 0 0 0 0 0 0 0 0 0 0 0
0 0 0 0 0 0 0 0 0 0 0 0 0 0 0 0 0 0 0 0 0 0
