Example 1 input (20x20):
0 0 0 0 0 0 0 3 0 0 0 0 0 0 0 0 0 0 0 0
0 0 0 0 0 0 0 3 0 0 0 0 0 0 0 0 0 0 0 0
0 0 0 0 0 0 0 3 0 0 0 0 0 0 0 0 0 0 0 0
0 0 0 0 0 0 0 3 0 0 0 0 0 0 0 0 0 0 0 0
0 0 0 0 0 0 0 3 0 0 0 0 0 0 0 0 0 0 0 0
3 3 3 3 3 3 3 3 3 3 3 3 3 3 3 3 3 3 3 3
0 0 0 0 0 0 0 3 0 0 0 0 0 0 0 0 0 0 0 0
0 0 0 0 0 0 0 3 0 0 0 0 0 0 0 0 0 0 0 0
0 0 0 0 0 0 0 3 0 0 0 0 0 0 0 0 0 0 0 0
0 0 0 0 0 0 0 3 0 0 0 0 0 0 0 0 0 0 0 0
0 0 0 0 0 0 0 3 0 0 0 0 0 0 0 0 0 0 0 0
0 0 0 0 0 0 0 3 0 0 0 0 0 0 0 0 0 0 0 0
0 0 0 0 0 0 0 3 0 0 0 0 0 0 0 0 0 0 0 0
0 0 0 0 0 0 0 3 0 0 0 0 0 0 0 0 0 0 0 0
0 0 0 0 0 0 0 3 0 0 0 0 0 0 0 0 0 0 0 0
0 0 0 0 0 0 0 3 0 0 0 0 0 0 0 0 0 0 0 0
0 0 0 0 0 0 0 3 0 0 0 0 0 0 0 0 0 0 0 0
0 0 0 0 0 0 0 3 0 0 0 0 0 0 0 0 0 0 0 0
0 0 0 0 0 0 0 3 0 0 0 0 0 0 0 0 0 0 0 0
0 0 0 0 0 0 0 3 0 0 0 0 0 0 0 0 0 0 0 0

Example 1 output (20x20):
0 4 0 0 0 0 0 3 0 0 0 0 0 4 0 4 0 4 0 4
0 4 0 4 4 4 4 3 4 4 4 4 0 4 0 4 0 4 0 4
0 4 0 4 0 0 0 3 0 0 0 4 0 4 0 4 0 4 0 4
0 4 0 4 0 4 4 3 4 4 0 4 0 4 0 4 0 4 0 4
0 4 0 4 0 4 0 3 0 4 0 4 0 4 0 4 0 4 0 4
3 3 3 3 3 3 3 3 3 3 3 3 3 3 3 3 3 3 3 3
0 4 0 4 0 4 0 3 0 4 0 4 0 4 0 4 0 4 0 4
0 4 0 4 0 4 4 3 4 4 0 4 0 4 0 4 0 4 0 4
0 4 0 4 0 0 0 3 0 0 0 4 0 4 0 4 0 4 0 4
0 4 0 4 4 4 4 3 4 4 4 4 0 4 0 4 0 4 0 4
0 4 0 0 0 0 0 3 0 0 0 0 0 4 0 4 0 4 0 4
0 4 4 4 4 4 4 3 4 4 4 4 4 4 0 4 0 4 0 4
0 0 0 0 0 0 0 3 0 0 0 0 0 0 0 4 0 4 0 4
4 4 4 4 4 4 4 3 4 4 4 4 4 4 4 4 0 4 0 4
0 0 0 0 0 0 0 3 0 0 0 0 0 0 0 0 0 4 0 4
4 4 4 4 4 4 4 3 4 4 4 4 4 4 4 4 4 4 0 4
0 0 0 0 0 0 0 3 0 0 0 0 0 0 0 0 0 0 0 4
4 4 4 4 4 4 4 3 4 4 4 4 4 4 4 4 4 4 4 4
0 0 0 0 0 0 0 3 0 0 0 0 0 0 0 0 0 0 0 0
4 4 4 4 4 4 4 3 4 4 4 4 4 4 4 4 4 4 4 4

Example 2 input (10x10):
0 0 0 0 0 0 3 0 0 0
0 0 0 0 0 0 3 0 0 0
0 0 0 0 0 0 3 0 0 0
0 0 0 0 0 0 3 0 0 0
3 3 3 3 3 3 3 3 3 3
0 0 0 0 0 0 3 0 0 0
0 0 0 0 0 0 3 0 0 0
0 0 0 0 0 0 3 0 0 0
0 0 0 0 0 0 3 0 0 0
0 0 0 0 0 0 3 0 0 0

Example 2 output (10x10):
4 0 4 4 4 4 3 4 4 4
4 0 4 0 0 0 3 0 0 0
4 0 4 0 4 4 3 4 4 0
4 0 4 0 4 0 3 0 4 0
3 3 3 3 3 3 3 3 3 3
4 0 4 0 4 0 3 0 4 0
4 0 4 0 4 4 3 4 4 0
4 0 4 0 0 0 3 0 0 0
4 0 4 4 4 4 3 4 4 4
4 0 0 0 0 0 3 0 0 0

Test input (12x12):
0 0 0 0 0 0 3 0 0 0 0 0
0 0 0 0 0 0 3 0 0 0 0 0
0 0 0 0 0 0 3 0 0 0 0 0
0 0 0 0 0 0 3 0 0 0 0 0
0 0 0 0 0 0 3 0 0 0 0 0
0 0 0 0 0 0 3 0 0 0 0 0
0 0 0 0 0 0 3 0 0 0 0 0
0 0 0 0 0 0 3 0 0 0 0 0
3 3 3 3 3 3 3 3 3 3 3 3
0 0 0 0 0 0 3 0 0 0 0 0
0 0 0 0 0 0 3 0 0 0 0 0
0 0 0 0 0 0 3 0 0 0 0 0
