Example 1 input (9x4):
0 3 3 3
0 0 0 0
0 0 0 0
0 0 0 0
2 2 2 2
0 0 0 0
0 0 0 0
0 0 0 0
3 3 0 0

Example 1 output (9x4):
0 3 3 3
0 4 0 0
0 4 0 0
0 4 0 0
2 2 2 2
0 0 0 0
0 0 0 0
0 0 0 0
3 3 0 0

Example 2 input (13x5):
0 6 6 6 6
0 0 0 0 0
0 0 0 0 0
0 0 0 0 0
0 0 0 0 0
0 0 0 0 0
2 2 2 2 2
0 0 0 0 0
0 0 0 0 0
0 0 0 0 0
0 0 0 0 0
0 0 0 0 0
0 0 6 6 6

Example 2 output (13x5):
0 6 6 6 6
0 0 4 4 4
0 0 4 4 4
0 0 4 4 4
0 0 4 4 4
0 0 4 4 4
2 2 2 2 2
0 0 0 0 0
0 0 0 0 0
0 0 0 0 0
0 0 0 0 0
0 0 0 0 0
0 0 6 6 6

Example 3 input (13x5):
0 1 1 0 0
0 0 0 0 0
0 0 0 0 0
0 0 0 0 0
0 0 0 0 0
0 0 0 0 0
2 2 2 2 2
0 0 0 0 0
0 0 0 0 0
0 0 0 0 0
0 0 0 0 0
0 0 0 0 0
1 1 1 1 0

Example 3 output (13x5):
0 1 1 0 0
0 0 0 0 0
0 0 0 0 0
0 0 0 0 0
0 0 0 0 0
0 0 0 0 0
2 2 2 2 2
0 4 4 0 0
0 4 4 0 0
0 4 4 0 0
0 4 4 0 0
0 4 4 0 0
1 1 1 1 0

Example 4 input (13x6):
0 0 0 3 3 0
0 0 0 0 0 0
0 0 0 0 0 0
0 0 0 0 0 0
0 0 0 0 0 0
0 0 0 0 0 0
2 2 2 2 2 2
0 0 0 0 0 0
0 0 0 0 0 0
0 0 0 0 0 0
0 0 0 0 0 0
0 0 0 0 0 0
0 3 3 3 3 3

Example 4 output (13x6):
0 0 0 3 3 0
0 0 0 0 0 0
0 0 0 0 0 0
0 0 0 0 0 0
0 0 0 0 0 0
0 0 0 0 0 0
2 2 2 2 2 2
0 0 0 4 4 0
0 0 0 4 4 0
0 0 0 4 4 0
0 0 0 4 4 0
0 0 0 4 4 0
0 3 3 3 3 3

Test input (11x5):
7 7 7 7 7
0 0 0 0 0
0 0 0 0 0
0 0 0 0 0
0 0 0 0 0
2 2 2 2 2
0 0 0 0 0
0 0 0 0 0
0 0 0 0 0
0 0 0 0 0
0 7 7 0 0
