Example 1 input (10x10):
5 5 5 0 5 0 0 0 5 5
5 0 0 5 5 0 5 0 5 5
0 5 5 0 5 5 0 5 0 0
2 0 5 5 2 0 5 0 2 5
5 2 0 2 0 2 0 2 0 2
0 0 2 5 5 5 2 0 5 0
5 5 0 0 0 5 5 5 5 5
0 5 0 5 5 0 5 0 5 5
0 5 5 0 5 0 5 0 5 5
5 5 0 0 5 5 5 5 5 5

Example 1 output (10x10):
0 0 0 0 0 0 0 0 0 0
0 0 0 0 0 0 0 0 0 0
0 0 0 0 0 0 0 0 0 0
2 0 0 0 2 0 0 0 2 0
5 2 0 2 5 2 0 2 5 2
5 5 2 5 5 5 2 5 5 5
5 5 5 5 5 5 5 5 5 5
5 5 5 5 5 5 5 5 5 5
5 5 5 5 5 5 5 5 5 5
5 5 5 5 5 5 5 5 5 5

Example 2 input (10x10):
1 0 1 1 1 1 1 1 1 0
0 0 1 0 1 1 0 1 0 1
1 1 0 0 1 1 1 1 1 0
2 2 2 2 2 2 2 2 2 2
0 0 1 1 0 0 0 0 0 0
1 1 0 1 0 0 0 0 1 0
0 1 1 1 0 1 1 0 1 0
1 1 0 0 0 1 0 0 1 0
0 0 1 0 0 0 1 1 0 0
0 1 1 1 0 1 1 0 0 1

Example 2 output (10x10):
0 0 0 0 0 0 0 0 0 0
0 0 0 0 0 0 0 0 0 0
0 0 0 0 0 0 0 0 0 0
2 2 2 2 2 2 2 2 2 2
1 1 1 1 1 1 1 1 1 1
1 1 1 1 1 1 1 1 1 1
1 1 1 1 1 1 1 1 1 1
1 1 1 1 1 1 1 1 1 1
1 1 1 1 1 1 1 1 1 1
1 1 1 1 1 1 1 1 1 1

Example 3 input (10x10):
0 8 8 0 8 0 8 8 0 0
2 0 8 8 0 8 0 0 0 8
2 2 8 0 0 0 0 0 0 0
0 2 2 0 8 0 0 0 0 0
8 8 2 2 0 0 0 8 8 0
8 8 8 2 2 8 0 0 0 0
0 0 0 0 2 2 8 8 8 0
8 0 8 0 0 2 2 8 8 8
8 8 0 0 0 0 2 2 8 0
0 8 0 8 0 8 8 2 2 8

Example 3 output (10x10):
0 0 0 0 0 0 0 0 0 0
2 0 0 0 0 0 0 0 0 0
2 2 0 0 0 0 0 0 0 0
8 2 2 0 0 0 0 0 0 0
8 8 2 2 0 0 0 0 0 0
8 8 8 2 2 0 0 0 0 0
8 8 8 8 2 2 0 0 0 0
8 8 8 8 8 2 2 0 0 0
8 8 8 8 8 8 2 2 0 0
8 8 8 8 8 8 8 2 2 0

Test input (10x10):
9 9 9 0 0 0 0 0 0 0
9 9 9 0 9 0 0 9 0 0
9 0 0 0 9 0 9 0 0 0
0 0 9 9 9 0 9 0 0 0
0 2 2 2 0 2 2 2 9 2
2 2 0 2 2 2 9 2 2 2
9 0 0 9 9 9 0 9 9 0
0 0 0 0 9 0 9 0 0 9
0 9 9 0 0 0 0 9 9 0
9 0 9 0 0 9 0 9 0 0
