Example 1 input (19x12):
8 1 8 0 8 1 8 0 1 0 1 1
1 0 1 1 8 6 0 1 1 6 6 8
0 1 8 8 0 8 0 1 0 6 1 0
0 8 0 8 0 0 0 0 6 8 8 6
1 8 0 8 0 0 0 6 8 8 0 0
4 6 6 8 6 0 8 0 1 1 0 8
4 4 6 8 0 1 8 1 1 1 8 6
6 4 4 0 8 0 6 0 1 0 1 0
8 8 1 1 8 8 8 0 0 0 8 0
0 6 8 8 0 0 0 1 8 8 8 8
0 0 0 0 0 0 0 0 0 8 0 6
1 0 1 8 8 0 6 0 8 8 1 8
1 0 0 8 1 6 6 0 1 0 8 8
8 1 8 8 1 1 0 1 8 0 8 8
0 1 1 0 0 6 1 8 0 0 8 1
1 8 8 8 0 8 8 6 1 8 6 0
8 0 6 1 8 1 6 6 8 0 1 1
8 0 8 0 8 0 8 0 8 0 8 1
8 1 0 0 1 1 0 8 8 0 0 8

Example 1 output (19x12):
8 1 8 0 8 1 8 0 1 0 1 1
1 0 1 1 8 6 0 1 1 6 6 4
0 1 8 8 0 8 0 1 0 6 4 4
0 8 0 8 0 0 0 0 6 4 4 6
1 8 0 8 0 0 0 6 8 8 0 0
4 6 6 8 6 0 8 0 1 1 0 8
4 4 6 8 0 1 8 1 1 1 8 6
6 4 4 0 8 0 6 0 1 0 1 0
8 8 1 1 8 8 8 0 0 0 8 0
0 6 8 8 0 0 0 1 8 8 8 8
0 0 0 0 0 0 0 0 0 8 0 6
1 0 1 8 8 0 6 0 8 8 1 8
1 0 0 8 1 6 6 0 1 0 8 8
8 1 8 8 1 1 0 1 8 0 8 8
0 1 1 0 0 6 4 4 0 0 8 1
1 8 8 8 0 4 4 6 1 8 6 0
8 0 6 1 8 4 6 6 8 0 1 1
8 0 8 0 8 0 8 0 8 0 8 1
8 1 0 0 1 1 0 8 8 0 0 8

Example 2 input (18x16):
1 0 6 0 0 0 0 8 0 1 8 8 8 1 1 1
0 1 8 6 1 6 0 0 0 0 6 1 1 8 8 1
0 1 8 1 0 1 0 0 6 6 1 0 0 8 1 1
0 0 1 1 1 6 1 1 0 6 6 0 1 1 8 0
0 1 0 0 1 0 1 1 0 1 1 0 1 6 6 1
0 0 0 0 0 6 0 1 8 8 0 8 1 1 0 1
1 1 1 8 1 0 0 8 1 1 0 8 8 1 1 1
8 8 1 1 0 6 1 8 1 8 6 8 8 1 8 6
1 1 6 1 8 1 0 1 1 1 6 0 6 8 1 8
0 0 8 8 6 4 6 0 1 8 0 1 0 0 1 8
0 1 8 0 4 6 6 1 0 8 1 1 1 1 1 0
1 1 1 6 4 6 4 8 0 0 0 1 0 8 6 8
6 0 1 1 1 1 1 0 8 1 0 1 1 8 0 0
0 1 1 1 1 8 1 1 1 8 8 1 8 8 8 0
0 1 0 0 6 0 0 0 8 1 6 8 8 6 0 0
1 1 1 1 8 8 8 1 1 1 0 8 1 1 8 1
8 1 1 0 0 6 1 0 1 0 1 0 1 1 1 1
6 0 1 0 1 8 8 8 8 6 1 1 8 1 8 8

Example 2 output (18x16):
1 0 6 0 0 0 0 8 0 1 8 8 8 1 1 1
0 1 8 6 1 6 0 0 4 4 6 1 1 8 8 1
0 1 8 1 0 1 0 0 6 6 4 0 0 8 1 1
0 0 1 1 1 6 1 1 4 6 6 0 1 1 8 0
0 1 0 0 1 0 1 1 0 1 1 0 1 6 6 1
0 0 0 0 0 6 0 1 8 8 0 8 1 1 0 1
1 1 1 8 1 0 0 8 1 1 0 8 8 1 1 1
8 8 1 1 0 6 1 8 1 8 6 8 8 1 8 6
1 1 6 1 8 1 0 1 1 1 6 0 6 8 1 8
0 0 8 8 6 4 6 0 1 8 0 1 0 0 1 8
0 1 8 0 4 6 6 1 0 8 1 1 1 1 1 0
1 1 1 6 4 6 4 8 0 0 0 1 0 8 6 8
6 0 1 1 1 1 1 0 8 1 0 1 1 8 0 0
0 1 1 1 1 8 1 1 1 8 8 1 8 8 8 0
0 1 0 0 6 0 0 0 8 1 6 8 8 6 0 0
1 1 1 1 8 8 8 1 1 1 0 8 1 1 8 1
8 1 1 0 0 6 1 0 1 0 1 0 1 1 1 1
6 0 1 0 1 8 8 8 8 6 1 1 8 1 8 8

Example 3 input (17x17):
8 1 8 8 6 0 0 1 0 0 1 0 8 0 1 0 0
6 8 1 0 0 8 0 4 6 6 1 0 0 0 8 0 1
0 8 1 8 0 1 0 6 4 4 0 0 8 0 0 0 8
1 1 0 1 1 0 8 4 4 4 1 8 8 1 0 1 8
1 6 6 0 0 8 6 6 0 0 0 0 0 0 0 0 8
0 8 6 0 0 8 0 0 1 1 0 6 0 0 0 1 8
0 8 0 8 0 0 8 8 8 1 8 0 8 0 0 0 6
0 1 0 1 6 0 0 1 1 0 0 8 1 1 6 8 6
0 0 1 0 1 8 0 8 8 0 1 1 8 1 1 8 0
0 8 0 8 1 0 6 8 8 0 0 0 0 6 8 1 1
0 0 0 0 6 0 1 1 8 1 1 8 8 0 8 8 8
8 8 8 0 6 8 1 8 1 0 0 0 1 8 1 1 6
8 8 0 0 1 0 1 8 0 1 8 0 1 0 0 0 1
0 8 8 1 8 6 8 1 6 1 0 6 0 0 8 0 6
1 0 8 8 1 0 8 0 0 1 1 0 0 1 0 0 0
0 0 0 8 0 0 1 0 8 8 0 0 0 8 0 6 6
1 0 0 0 0 0 1 0 8 0 1 1 6 0 6 0 1

Example 3 output (17x17):
8 1 8 8 6 0 0 1 0 0 1 0 8 0 1 0 0
6 8 1 0 0 8 0 4 6 6 1 0 0 0 8 0 1
0 8 1 8 0 1 0 6 4 4 0 0 8 0 0 0 8
1 1 0 1 1 0 8 4 4 4 1 8 8 1 0 1 8
1 6 6 0 0 8 6 6 0 0 0 0 0 0 0 0 8
0 8 6 0 0 8 0 0 1 1 0 6 0 0 0 1 8
0 8 0 8 0 0 8 8 8 1 8 0 8 0 0 0 6
0 1 0 1 6 0 0 1 1 0 0 8 1 1 6 8 6
0 0 1 0 1 8 0 8 8 0 1 1 8 1 1 8 0
0 8 0 8 1 0 6 8 8 0 0 0 0 6 8 1 1
0 0 0 0 6 0 1 1 8 1 1 8 8 0 8 8 8
8 8 8 0 6 8 1 8 1 0 0 0 1 8 1 1 6
8 8 0 0 1 0 1 8 0 1 8 0 1 0 0 0 1
0 8 8 1 8 6 8 1 6 1 0 6 0 0 8 0 6
1 0 8 8 1 0 8 0 0 1 1 0 0 1 0 0 0
0 0 0 8 0 0 1 0 8 8 0 0 0 8 4 6 6
1 0 0 0 0 0 1 0 8 0 1 1 6 0 6 4 4

Test input (16x15):
0 6 8 0 0 6 1 6 6 1 1 1 0 0 1
1 0 8 1 6 8 8 1 1 0 1 0 8 0 1
0 0 6 0 1 8 0 1 1 0 0 0 1 0 1
1 1 1 8 6 6 6 8 0 0 1 8 0 8 6
1 0 8 0 8 6 0 6 8 1 1 1 1 1 8
0 0 6 0 1 0 0 8 8 1 1 8 1 6 0
0 1 8 1 0 6 8 8 8 6 0 1 6 6 0
1 0 0 0 0 0 1 8 0 0 0 8 1 0 8
0 1 0 8 1 1 1 8 0 0 8 1 1 8 6
0 1 1 1 0 1 1 0 0 1 1 1 0 8 1
8 0 8 8 8 4 4 4 6 1 1 8 6 8 0
1 0 8 1 1 6 4 4 8 1 8 1 0 1 1
0 6 1 0 0 6 6 4 1 1 0 0 8 8 8
8 1 1 0 0 8 8 0 8 8 0 0 1 1 1
1 1 8 8 0 1 8 8 8 8 0 0 1 6 8
0 8 1 8 0 1 8 0 6 1 6 0 6 6 0
