Example 1 input (20x20):
0 0 0 8 0 8 0 0 0 8 0 8 0 0 0 0 0 0 0 0
8 0 0 0 0 0 0 8 0 0 0 0 0 0 0 0 0 8 0 8
0 8 0 8 0 0 0 0 8 0 0 8 0 0 8 0 0 0 0 0
0 0 0 0 8 0 0 8 0 0 0 0 0 8 0 0 0 0 0 0
0 0 0 0 0 8 0 0 0 8 0 0 0 0 0 0 8 0 8 0
0 0 0 0 0 0 0 0 8 0 8 0 0 0 8 0 0 0 0 0
1 0 0 0 0 8 0 0 0 0 0 8 0 0 0 0 0 0 0 0
0 8 0 0 0 0 0 0 0 8 0 0 0 0 0 0 0 0 8 0
0 0 0 8 0 0 0 0 8 0 0 0 8 0 0 8 0 0 0 0
0 0 0 0 0 0 0 0 0 8 0 0 0 0 0 0 0 0 0 0
8 0 0 0 0 8 0 0 0 0 0 8 0 0 0 0 8 0 0 8
1 0 8 0 0 0 0 0 8 0 0 0 0 0 0 0 0 0 8 0
0 0 0 0 0 0 0 0 0 0 0 0 8 0 8 0 8 0 0 0
0 0 0 0 0 0 0 0 8 0 0 8 0 0 0 0 0 0 8 0
0 0 0 0 0 0 8 0 0 0 0 0 0 0 0 0 8 0 0 0
1 0 8 0 8 0 0 0 0 0 8 0 0 0 0 8 0 0 0 0
0 0 0 8 0 0 0 0 0 0 0 0 0 0 0 0 0 0 8 0
0 0 0 0 0 0 0 8 0 0 0 0 0 8 0 0 0 0 0 0
0 0 0 8 0 0 0 0 0 8 0 0 8 0 8 0 0 0 8 0
0 0 8 0 0 0 0 8 0 0 0 0 0 0 0 0 8 0 0 0

Example 1 output (20x20):
0 0 0 8 0 8 0 0 0 8 0 8 0 0 0 0 0 0 0 0
8 0 0 0 0 0 0 8 0 0 0 0 0 0 0 0 0 8 0 8
0 8 0 8 0 0 0 0 8 0 0 8 0 0 8 0 0 0 0 0
0 0 0 0 8 0 0 8 0 0 0 0 0 8 0 0 0 0 0 0
0 0 0 0 0 8 0 0 0 8 0 0 0 0 0 0 8 0 8 0
0 0 0 0 1 1 1 0 8 0 8 0 0 0 8 0 0 0 0 0
1 1 1 1 1 8 1 1 1 1 1 8 1 1 1 1 1 1 1 1
0 8 0 0 1 1 1 0 0 8 1 1 1 0 0 0 0 0 8 0
0 0 0 8 0 0 0 0 8 0 0 0 8 0 0 8 0 0 0 0
0 0 0 0 0 0 0 0 0 8 0 0 0 0 0 0 0 0 1 1
8 1 1 1 0 8 0 1 1 1 0 8 0 0 0 0 8 1 1 8
1 1 8 1 1 1 1 1 8 1 1 1 1 1 1 1 1 1 8 1
0 1 1 1 0 0 0 1 1 1 0 0 8 0 8 0 8 1 1 1
0 0 0 0 0 0 0 0 8 0 0 8 0 0 0 1 1 1 8 0
0 1 1 1 1 1 8 0 0 1 1 1 0 0 1 1 8 1 0 0
1 1 8 1 8 1 1 1 1 1 8 1 1 1 1 8 1 1 1 1
0 1 1 8 1 1 0 0 0 1 1 1 0 0 1 1 1 0 8 0
0 0 1 1 1 0 0 8 0 0 0 0 0 8 0 0 0 0 0 0
0 0 0 8 0 0 0 0 0 8 0 0 8 0 8 0 0 0 8 0
0 0 8 0 0 0 0 8 0 0 0 0 0 0 0 0 8 0 0 0

Example 2 input (10x10):
0 0 5 0 0 0 0 0 0 0
0 0 0 0 0 5 0 5 0 0
0 0 0 0 0 0 0 0 5 0
1 0 5 0 0 0 0 0 0 0
0 0 0 5 0 0 0 0 5 0
0 0 0 0 0 0 0 0 0 0
0 0 5 0 0 0 5 0 0 0
0 0 0 0 0 0 0 0 0 0
1 0 0 0 5 0 0 0 0 0
0 5 0 0 0 0 0 0 5 0

Example 2 output (10x10):
0 0 5 0 0 0 0 0 0 0
0 0 0 0 0 5 0 5 0 0
0 1 1 1 0 0 0 0 5 0
1 1 5 1 1 1 1 1 1 1
0 1 1 5 1 0 0 0 5 0
0 0 1 1 1 0 0 0 0 0
0 0 5 0 0 0 5 0 0 0
0 0 0 1 1 1 0 0 0 0
1 1 1 1 5 1 1 1 1 1
0 5 0 1 1 1 0 0 5 0

Example 3 input (6x6):
0 0 0 0 0 0
0 0 5 0 0 0
0 0 0 0 0 0
1 0 0 5 0 0
0 0 0 0 0 0
0 0 0 0 0 0

Example 3 output (6x6):
0 0 0 0 0 0
0 0 5 0 0 0
0 0 1 1 1 0
1 1 1 5 1 1
0 0 1 1 1 0
0 0 0 0 0 0

Example 4 input (6x6):
0 0 0 0 0 0
0 0 0 0 0 0
1 0 8 0 0 0
0 8 0 0 0 0
0 0 0 0 8 0
0 0 0 0 0 0

Example 4 output (6x6):
0 0 0 0 0 0
0 1 1 1 0 0
1 1 8 1 1 1
0 8 0 0 0 0
0 0 0 0 8 0
0 0 0 0 0 0

Example 5 input (13x13):
5 0 0 0 0 0 5 0 0 0 0 0 0
0 5 0 5 0 0 0 0 0 0 0 0 0
0 0 0 0 0 0 0 0 0 0 0 5 0
0 0 0 0 5 0 0 0 0 5 0 0 0
1 0 5 0 0 0 0 0 5 0 0 0 5
0 0 0 0 0 5 0 0 0 5 0 0 0
0 5 0 5 0 0 0 0 0 0 0 0 0
0 0 0 0 0 0 0 5 0 0 0 0 0
0 0 0 0 0 5 0 0 0 0 0 0 0
5 0 0 5 0 0 5 0 5 0 0 5 0
0 0 0 0 5 0 0 0 0 5 0 0 0
1 0 0 0 0 0 0 0 0 0 0 5 0
0 0 0 0 5 0 5 0 0 5 0 0 0

Example 5 output (13x13):
5 0 0 0 0 0 5 0 0 0 0 0 0
0 5 0 5 0 0 0 0 0 0 0 0 0
0 0 0 0 0 0 0 0 1 1 1 5 0
0 1 1 1 5 0 0 1 1 5 1 1 1
1 1 5 1 1 1 1 1 5 0 0 0 5
0 1 1 1 0 5 0 1 1 5 1 1 1
0 5 0 5 0 0 0 0 1 1 1 0 0
0 0 0 0 0 0 0 5 0 0 0 0 0
0 0 0 0 0 5 0 0 0 0 0 0 0
5 0 0 5 0 0 5 0 5 0 0 5 0
0 0 0 0 5 0 0 0 0 5 1 1 1
1 1 1 1 1 1 1 1 1 1 1 5 1
0 0 0 0 5 0 5 0 0 5 1 1 1

Example 6 input (7x7):
0 0 0 8 0 0 0
0 0 0 0 0 0 0
0 0 0 0 0 0 0
1 0 8 0 8 0 0
0 0 0 0 0 0 0
0 0 8 0 0 0 0
0 0 0 0 0 0 0

Example 6 output (7x7):
0 0 0 8 0 0 0
0 0 0 0 0 0 0
0 1 1 1 1 1 0
1 1 8 1 8 1 1
0 1 1 1 1 1 0
0 0 8 0 0 0 0
0 0 0 0 0 0 0

Test input (26x26):
0 0 8 0 0 0 0 0 0 0 8 0 0 0 0 0 0 0 0 0 8 0 0 0 0 0
8 0 0 0 8 0 8 0 0 0 0 0 0 0 0 0 0 0 0 0 0 8 0 0 0 0
0 0 8 0 0 0 0 0 0 0 8 0 0 0 0 0 0 0 0 8 0 0 0 0 0 0
0 0 0 0 0 0 0 0 0 0 0 0 8 0 0 0 0 0 0 0 0 0 0 0 0 0
0 0 0 0 0 0 0 0 0 0 0 0 0 0 0 0 0 8 8 0 0 0 0 0 0 0
1 0 0 0 0 8 0 8 0 0 8 0 0 8 0 0 0 0 0 0 0 8 0 0 0 0
0 0 0 0 8 0 0 0 0 0 0 0 0 0 0 0 0 0 0 0 0 0 0 0 0 0
0 0 0 0 0 0 0 8 0 0 0 0 0 0 0 0 0 0 0 0 0 0 0 0 0 8
0 8 0 0 0 0 8 0 0 0 0 0 8 0 0 0 0 0 8 0 0 0 0 0 0 0
0 0 0 0 0 0 0 0 0 0 0 0 0 0 0 0 0 0 0 0 0 0 0 0 8 0
1 0 0 0 0 0 0 0 0 0 0 8 0 8 0 0 0 0 0 0 0 8 0 0 0 0
0 0 0 0 0 8 0 0 0 8 0 0 0 0 0 0 0 0 0 0 0 0 8 0 0 0
0 8 0 0 0 0 0 0 8 0 0 0 0 0 0 0 0 0 0 0 0 8 0 0 0 8
0 0 0 8 0 0 0 0 0 0 0 8 0 0 0 0 0 0 0 8 0 0 0 0 0 0
8 0 0 0 0 0 8 0 0 0 0 0 8 0 8 0 0 0 0 0 0 0 0 8 0 0
0 8 0 0 0 0 0 0 0 0 0 8 0 0 0 8 0 0 0 8 0 0 0 0 0 0
0 0 0 0 0 0 0 0 0 0 0 0 0 0 0 0 0 0 0 0 0 0 0 0 8 0
1 0 0 0 0 8 0 0 0 0 8 0 8 0 0 8 0 0 8 0 0 0 0 0 0 0
8 0 0 0 0 0 0 0 0 0 0 0 0 0 0 0 0 0 0 0 8 0 0 0 0 0
0 0 0 0 8 0 0 0 8 0 0 0 0 0 0 0 0 0 0 0 0 0 0 0 0 8
0 8 0 0 0 0 0 0 0 0 0 8 0 0 0 0 0 0 0 0 0 8 0 0 0 0
0 0 0 0 0 0 0 8 0 0 0 0 0 0 8 0 0 0 0 0 8 0 0 8 0 0
8 0 0 0 0 0 0 0 8 0 0 8 0 0 0 8 0 8 0 0 0 0 0 0 0 0
0 0 0 0 8 0 0 0 0 0 0 0 0 8 0 0 0 0 0 8 0 0 0 0 0 0
0 0 0 0 0 8 0 0 0 0 0 0 0 0 0 0 0 0 0 0 0 0 0 0 0 0
0 0 0 8 0 0 0 0 8 0 0 0 0 0 0 0 8 0 8 0 0 0 0 0 8 0
