Example 1 input (21x18):
0 0 0 0 0 0 0 0 0 0 0 0 0 0 0 0 0 0
0 1 6 1 0 0 0 0 0 0 0 0 0 0 0 0 0 0
0 1 1 1 0 0 1 1 1 1 1 1 0 0 0 0 0 0
0 4 1 6 0 0 1 6 1 1 4 1 0 0 0 0 0 0
0 0 0 0 0 0 1 1 1 6 1 1 0 0 0 0 0 0
0 0 0 0 0 0 1 1 1 1 1 1 0 1 1 1 1 1
0 1 4 1 0 0 1 6 1 1 1 1 0 1 1 1 1 1
0 6 1 1 0 0 0 0 0 0 0 0 0 1 6 1 1 1
0 1 1 6 0 0 0 0 0 0 0 0 0 1 1 1 4 1
0 0 0 0 0 0 0 0 0 0 0 0 0 1 1 1 1 1
0 0 0 0 0 0 0 0 0 0 0 0 0 0 0 0 0 0
0 0 1 1 1 1 6 1 1 1 1 1 0 0 0 0 0 0
0 0 1 1 1 1 1 1 1 1 1 1 0 0 1 1 1 1
0 0 1 1 1 1 1 1 1 1 4 1 0 0 1 1 6 1
0 0 1 1 1 6 1 1 1 6 1 1 0 0 6 1 1 1
0 0 1 1 1 1 1 1 1 1 1 1 0 0 1 1 4 1
0 0 1 1 1 1 1 6 1 1 1 1 0 0 0 0 0 0
0 0 1 4 1 1 1 1 1 1 1 1 0 0 0 0 0 0
0 0 1 1 1 1 1 1 1 1 1 1 0 0 0 0 0 0
0 0 0 0 0 0 0 0 0 0 0 0 0 0 0 0 0 0
0 0 0 0 0 0 0 0 0 0 0 0 0 0 0 0 0 0

Example 1 output (5x5):
1 1 1 1 1
1 1 1 1 1
1 6 1 1 1
1 1 1 4 1
1 1 1 1 1

Example 2 input (22x20):
0 0 0 0 0 0 0 0 0 0 0 0 0 0 0 0 0 0 0 0
0 0 0 0 0 0 0 0 0 0 0 0 0 0 0 0 0 0 0 0
0 0 1 1 1 1 1 4 0 0 0 0 0 0 0 0 0 0 0 0
0 0 1 4 1 1 1 1 0 0 0 0 0 0 0 0 0 0 0 0
0 0 1 1 1 1 6 1 0 0 0 1 1 1 1 1 0 0 0 0
0 0 1 1 6 1 1 1 0 0 0 1 1 1 1 1 0 0 0 0
0 0 1 1 1 1 1 1 0 0 0 1 1 6 1 1 0 0 0 0
0 0 0 0 0 0 0 0 0 0 0 1 1 1 1 1 0 0 0 0
0 0 0 0 0 0 0 0 0 0 0 1 1 1 4 1 0 0 0 0
0 0 0 0 0 0 0 0 0 0 0 1 6 1 1 1 0 0 0 0
0 0 0 0 0 0 0 0 0 0 0 1 1 1 1 1 0 0 0 0
0 0 1 1 1 1 1 1 1 0 0 1 1 1 4 1 0 0 0 0
0 0 1 1 1 1 1 4 1 0 0 1 1 1 1 1 0 0 0 0
0 0 1 1 4 1 1 1 1 0 0 1 1 1 1 1 0 0 0 0
0 0 1 1 1 6 1 1 1 0 0 0 0 0 0 0 0 0 0 0
0 0 1 1 1 1 1 1 1 0 0 0 0 0 0 0 0 0 0 0
0 0 1 1 1 1 1 1 1 0 0 0 1 4 1 1 1 0 0 0
0 0 1 1 4 1 1 6 1 0 0 0 1 1 1 6 1 0 0 0
0 0 1 1 1 1 1 1 1 0 0 0 6 1 1 1 1 0 0 0
0 0 0 0 0 0 0 0 0 0 0 0 0 0 0 0 0 0 0 0
0 0 0 0 0 0 0 0 0 0 0 0 0 0 0 0 0 0 0 0
0 0 0 0 0 0 0 0 0 0 0 0 0 0 0 0 0 0 0 0

Example 2 output (3x5):
1 4 1 1 1
1 1 1 6 1
6 1 1 1 1

Example 3 input (22x21):
0 0 0 0 0 0 0 0 0 0 0 0 0 0 0 0 0 0 0 0 0
0 1 1 1 1 1 1 1 1 0 0 0 0 0 0 0 0 0 0 0 0
0 1 1 1 1 6 1 4 1 0 0 0 1 1 1 1 1 1 0 0 0
0 1 1 4 1 1 1 1 1 0 0 0 1 1 6 1 1 1 0 0 0
0 1 1 1 1 4 1 1 1 0 0 0 1 1 1 1 1 1 0 0 0
0 1 1 1 1 1 1 1 6 0 0 0 1 1 1 4 1 1 0 0 0
0 1 1 1 1 1 1 1 1 0 0 0 1 1 1 1 1 1 0 0 0
0 0 0 0 0 0 0 0 0 0 0 0 1 6 1 1 1 1 0 0 0
0 0 0 0 0 1 1 1 1 1 1 0 1 1 1 1 4 1 0 0 0
0 0 0 0 0 1 6 1 1 1 1 0 1 1 6 1 1 1 0 0 0
0 0 0 0 0 1 1 1 1 6 1 0 1 1 1 1 1 1 0 0 0
1 1 1 6 0 1 1 1 1 1 1 0 1 1 1 1 1 1 0 0 0
6 1 1 1 0 1 1 1 4 1 1 0 0 0 0 0 0 0 0 0 0
1 4 1 6 0 1 1 1 1 1 1 0 0 0 0 0 0 0 0 0 0
1 1 1 1 0 1 6 1 1 1 1 0 0 0 1 1 1 1 4 0 0
0 0 0 0 0 1 1 1 1 4 1 0 0 0 1 4 1 1 1 0 0
0 0 0 0 0 1 1 1 1 1 1 0 0 0 1 1 1 6 1 0 0
0 0 0 0 0 1 1 1 1 1 1 0 0 0 1 1 1 1 1 0 0
0 0 0 0 0 0 0 0 0 0 0 0 0 0 0 0 0 0 0 0 0
0 0 0 0 0 0 0 0 0 0 1 1 1 1 1 1 1 1 1 1 0
0 0 0 0 0 0 0 0 0 0 1 4 1 1 1 1 4 1 4 1 0
0 0 0 0 0 0 0 0 0 0 1 1 1 6 1 1 1 1 1 1 0

Example 3 output (4x5):
1 1 1 1 4
1 4 1 1 1
1 1 1 6 1
1 1 1 1 1

Example 4 input (12x11):
0 0 0 0 0 0 0 0 0 0 0
0 1 1 1 4 0 0 0 0 0 0
0 1 4 1 1 0 0 0 0 0 0
0 1 1 1 1 0 0 0 0 0 0
0 0 0 0 0 0 0 0 0 0 0
0 0 0 0 0 0 0 0 0 0 0
0 0 0 0 1 1 1 1 1 1 0
0 0 0 0 1 1 1 1 1 1 0
0 0 0 0 1 1 6 1 1 1 0
0 0 0 0 1 1 1 1 1 1 0
0 0 0 0 0 0 0 0 0 0 0
0 0 0 0 0 0 0 0 0 0 0

Example 4 output (4x6):
1 1 1 1 1 1
1 1 1 1 1 1
1 1 6 1 1 1
1 1 1 1 1 1

Example 5 input (22x15):
0 0 0 0 0 0 0 0 0 0 0 0 0 0 0
0 0 0 0 0 0 0 0 0 0 0 0 0 0 0
0 0 0 0 0 0 1 4 1 1 1 1 0 0 0
0 0 0 0 0 0 1 1 1 1 1 1 0 0 0
0 0 0 0 0 0 1 1 6 1 6 1 0 0 0
0 0 0 0 0 0 1 1 1 1 1 1 0 0 0
1 1 1 1 1 0 1 1 1 1 4 1 0 0 0
1 1 1 1 1 0 0 0 0 0 0 0 0 0 0
1 4 1 1 1 0 0 0 0 0 0 0 0 0 0
1 1 1 1 1 0 0 0 0 0 0 0 0 0 0
1 1 4 1 1 0 0 0 0 0 0 0 0 0 0
1 1 1 1 1 0 0 0 0 1 1 1 1 1 1
1 1 1 1 1 0 0 0 0 1 1 1 1 1 1
0 0 0 0 0 0 0 0 0 1 6 1 6 1 1
1 1 1 1 4 0 0 0 0 1 1 4 1 1 1
1 4 1 1 1 0 0 0 0 1 1 1 1 1 1
1 1 6 1 1 0 0 0 0 0 0 0 0 0 0
0 0 0 0 0 0 0 0 0 0 0 0 0 0 0
0 0 0 0 0 0 0 0 0 0 0 0 0 0 0
0 0 0 0 1 1 1 1 1 1 1 1 0 0 0
0 0 0 0 4 1 1 6 1 4 1 1 0 0 0
0 0 0 0 1 4 1 1 1 1 6 1 0 0 0

Example 5 output (7x5):
1 1 1 1 1
1 1 1 1 1
1 4 1 1 1
1 1 1 1 1
1 1 4 1 1
1 1 1 1 1
1 1 1 1 1

Test input (22x25):
0 0 0 0 0 0 0 0 0 0 0 0 0 0 0 0 0 0 1 6 1 1 4 1 0
0 0 0 0 0 0 0 0 0 0 0 0 0 0 0 0 0 0 1 1 1 1 1 1 0
0 0 0 0 1 1 1 1 0 0 0 0 0 0 0 0 0 0 1 1 4 1 1 6 0
0 0 0 0 1 1 1 1 0 0 1 1 1 1 1 0 0 0 1 1 1 1 1 1 0
0 0 0 0 1 1 4 1 0 0 1 6 1 1 1 0 0 0 0 0 0 0 0 0 0
0 0 0 0 1 1 1 1 0 0 1 1 1 4 1 0 0 0 0 0 0 0 0 0 0
0 0 0 0 1 6 1 1 0 0 1 4 1 1 1 0 0 0 1 1 1 1 0 0 0
0 0 0 0 1 1 1 1 0 0 1 1 1 1 1 0 0 0 1 4 1 6 0 0 0
0 0 0 0 0 0 0 0 0 0 0 0 0 0 0 0 0 0 1 6 1 1 0 0 0
0 0 0 0 0 0 0 0 0 0 0 0 0 0 0 0 0 0 1 1 1 1 0 0 0
0 0 0 0 0 0 0 0 0 0 0 0 0 0 0 0 0 0 1 6 1 1 0 0 0
0 0 0 0 0 0 0 0 0 0 0 0 0 0 0 0 0 0 0 0 0 0 0 0 0
0 1 1 1 6 0 0 0 0 0 0 0 0 0 0 0 0 0 0 0 0 0 0 0 0
0 1 4 1 1 0 0 0 1 1 1 1 1 1 1 1 0 0 0 0 0 0 0 0 0
0 1 1 1 1 0 0 0 1 1 1 1 1 1 1 1 0 0 0 1 1 1 1 1 1
0 1 1 6 1 0 0 0 1 1 6 1 4 1 1 1 0 0 0 1 1 1 6 1 1
0 0 0 0 0 0 0 0 1 1 1 1 1 1 6 1 0 0 0 6 1 1 1 1 1
0 0 0 0 0 0 0 0 1 1 1 1 4 1 1 1 0 0 0 1 1 1 4 1 1
0 0 0 0 0 0 0 0 1 1 1 1 1 1 1 1 0 0 0 1 1 1 1 1 1
0 0 0 0 0 0 0 0 1 1 1 1 1 1 1 1 0 0 0 0 0 0 0 0 0
0 0 0 0 0 0 0 0 1 1 6 1 1 4 1 1 0 0 0 0 0 0 0 0 0
0 0 0 0 0 0 0 0 1 1 1 1 1 1 1 1 0 0 0 0 0 0 0 0 0
