Example 1 input (10x10):
1 5 1 5 5 2 5 5 5 1
0 0 0 5 0 0 0 5 0 0
0 0 0 5 0 0 0 2 0 0
0 0 0 5 0 0 0 5 0 0
5 2 5 5 5 5 5 5 2 5
0 0 0 5 0 0 0 5 0 0
0 0 0 1 0 0 0 5 0 0
0 0 0 5 0 0 0 5 0 0
0 0 0 5 0 0 0 5 0 0
5 2 5 5 5 5 1 5 5 2

Example 1 output (10x10):
1 5 1 5 5 2 5 5 5 1
1 1 1 5 2 2 2 5 2 2
1 1 1 5 2 2 2 2 2 2
1 1 1 5 2 2 2 5 2 2
5 2 5 5 5 5 5 5 2 5
2 2 2 5 1 1 1 5 2 2
2 2 2 1 1 1 1 5 2 2
2 2 2 5 1 1 1 5 2 2
2 2 2 5 1 1 1 5 2 2
5 2 5 5 5 5 1 5 5 2

Example 2 input (10x10):
2 5 5 5 1 5 5 5 5 2
0 0 5 0 0 0 0 5 0 0
0 0 1 0 0 0 0 1 0 0
0 0 5 0 0 0 0 5 0 0
0 0 5 0 0 0 0 5 0 0
5 1 5 5 5 2 5 5 5 1
0 0 5 0 0 0 0 5 0 0
0 0 5 0 0 0 0 2 0 0
0 0 5 0 0 0 0 5 0 0
1 5 5 5 2 5 5 5 5 1

Example 2 output (10x10):
2 5 5 5 1 5 5 5 5 2
1 1 5 1 1 1 1 5 1 1
1 1 1 1 1 1 1 1 1 1
1 1 5 1 1 1 1 5 1 1
1 1 5 1 1 1 1 5 1 1
5 1 5 5 5 2 5 5 5 1
1 1 5 2 2 2 2 5 1 1
1 1 5 2 2 2 2 2 1 1
1 1 5 2 2 2 2 5 1 1
1 5 5 5 2 5 5 5 5 1

Example 3 input (10x10):
1 5 2 5 2 5 5 5 5 1
0 0 0 5 0 0 2 0 0 0
0 0 0 5 0 0 5 0 0 0
5 2 5 5 5 1 5 5 2 5
0 0 0 5 0 0 2 0 0 0
0 0 0 1 0 0 5 0 0 0
2 2 5 5 1 5 5 5 1 5
0 0 0 5 0 0 1 0 0 0
0 0 0 5 0 0 5 0 0 0
5 5 1 5 5 1 5 5 2 5

Example 3 output (10x10):
1 5 2 5 2 5 5 5 5 1
2 2 2 5 2 2 2 2 2 2
2 2 2 5 2 2 5 2 2 2
5 2 5 5 5 1 5 5 2 5
2 2 2 5 1 1 2 2 2 2
2 2 2 1 1 1 5 2 2 2
2 2 5 5 1 5 5 5 1 5
2 2 2 5 1 1 1 1 1 1
2 2 2 5 1 1 5 1 1 1
5 5 1 5 5 1 5 5 2 5

Test input (10x10):
5 1 5 5 5 5 5 5 1 5
0 0 5 0 0 5 0 0 0 0
0 0 5 0 0 1 0 0 0 0
5 5 5 5 1 5 5 2 1 5
0 0 2 0 0 2 0 0 0 0
0 0 5 0 0 5 0 0 0 0
2 5 5 5 2 5 5 1 2 5
0 0 1 0 0 2 0 0 0 0
0 0 5 0 0 5 0 0 0 0
5 2 5 5 5 5 1 5 5 1
