Example 1 input (16x16):
1 1 1 1 1 1 1 1 1 1 1 1 1 1 1 1
1 0 0 0 0 1 1 1 1 1 1 1 1 1 1 1
1 0 0 0 0 1 1 1 1 1 0 0 0 0 1 1
1 0 0 0 0 1 1 1 1 1 3 3 0 0 1 1
1 0 2 2 0 1 1 1 1 1 3 3 0 0 1 1
1 1 1 1 1 1 1 1 1 1 0 0 0 0 1 1
1 1 1 1 1 1 1 1 1 1 1 1 1 1 1 1
1 1 1 1 1 1 1 1 1 1 1 1 1 1 1 1
1 1 1 1 1 1 1 1 1 1 1 1 1 1 1 1
1 1 1 1 1 1 1 1 1 1 1 1 1 1 1 1
1 1 1 1 1 4 4 4 4 1 1 1 1 1 1 1
1 1 1 1 1 0 0 0 0 1 1 1 1 1 1 1
1 1 1 1 1 0 0 0 0 1 1 1 1 1 1 1
1 1 1 1 1 0 0 0 0 1 1 1 1 1 1 1
1 1 1 1 1 1 1 1 1 1 1 1 1 1 1 1
1 1 1 1 1 1 1 1 1 1 1 1 1 1 1 1

Example 1 output (4x4):
4 4 4 4
3 3 0 0
3 3 0 0
0 2 2 0

Example 2 input (16x16):
8 8 8 8 8 8 8 8 8 8 8 8 8 8 8 8
8 0 0 0 0 8 8 8 8 8 8 8 8 8 8 8
8 1 1 0 0 8 8 8 8 0 0 3 3 8 8 8
8 0 0 0 0 8 8 8 8 0 0 0 0 8 8 8
8 8 8 8 8 8 8 8 8 0 0 0 0 8 8 8
8 8 8 8 8 8 8 8 8 8 8 8 8 8 8 8
8 8 8 8 8 8 8 8 8 8 8 8 8 8 8 8
8 8 8 8 8 8 8 8 8 8 8 8 8 8 8 8
8 8 8 0 0 0 0 8 8 8 8 8 8 8 8 8
8 8 8 0 0 2 0 8 8 8 8 8 8 8 8 8
8 8 8 0 2 2 0 8 8 8 8 8 8 8 8 8
8 8 8 8 8 8 8 8 8 8 8 8 8 8 8 8
8 8 8 8 8 8 8 8 8 0 0 0 0 8 8 8
8 8 8 8 8 8 8 8 8 0 0 0 4 8 8 8
8 8 8 8 8 8 8 8 8 0 0 0 4 8 8 8
8 8 8 8 8 8 8 8 8 8 8 8 8 8 8 8

Example 2 output (3x4):
0 0 3 3
1 1 2 4
0 2 2 4

Example 3 input (16x16):
9 9 9 9 9 9 9 9 9 9 9 9 9 9 9 9
9 9 0 1 0 0 0 9 9 9 9 9 9 9 9 9
9 9 1 1 0 0 0 9 9 9 9 9 9 9 9 9
9 9 0 1 1 0 0 9 9 9 9 9 9 9 9 9
9 9 0 0 0 0 0 9 9 9 9 9 9 9 9 9
9 9 9 9 9 9 9 9 9 9 9 9 9 9 9 9
9 9 9 9 9 9 9 9 9 9 9 9 9 9 9 9
9 9 9 9 9 9 9 9 9 9 9 9 9 9 9 9
9 9 9 9 9 9 0 0 0 0 0 9 9 9 9 9
9 9 9 9 9 9 0 0 2 2 0 9 9 9 9 9
9 9 9 9 9 9 0 0 0 2 0 9 9 9 9 9
9 9 9 9 9 9 0 0 0 2 0 9 9 9 9 9
9 9 9 9 9 9 9 9 9 9 9 9 9 9 9 9
9 9 9 9 9 9 9 9 9 9 9 9 9 9 9 9
9 9 9 9 9 9 9 9 9 9 9 9 9 9 9 9
9 9 9 9 9 9 9 9 9 9 9 9 9 9 9 9

Example 3 output (4x5):
0 1 0 0 0
1 1 2 2 0
0 1 1 2 0
0 0 0 2 0

Test input (16x16):
1 1 1 1 1 1 1 1 1 1 1 1 1 1 1 1
1 0 2 0 1 1 1 1 0 0 3 1 1 1 1 1
1 2 2 0 1 1 1 1 0 0 3 1 1 1 1 1
1 0 0 0 1 1 1 1 0 0 0 1 1 1 1 1
1 0 0 0 1 1 1 1 0 0 0 1 1 1 1 1
1 0 0 0 1 1 1 1 0 0 0 1 1 1 1 1
1 1 1 1 1 1 1 1 1 1 1 1 1 1 1 1
1 1 1 1 1 1 1 1 1 1 1 1 1 1 1 1
1 1 1 0 0 0 1 1 1 1 1 1 1 1 1 1
1 1 1 0 0 0 1 1 1 1 1 0 0 0 1 1
1 1 1 4 4 4 1 1 1 1 1 0 0 0 1 1
1 1 1 0 4 0 1 1 1 1 1 0 0 0 1 1
1 1 1 0 0 0 1 1 1 1 1 6 0 0 1 1
1 1 1 1 1 1 1 1 1 1 1 6 6 0 1 1
1 1 1 1 1 1 1 1 1 1 1 1 1 1 1 1
1 1 1 1 1 1 1 1 1 1 1 1 1 1 1 1
