Example 1 input (17x13):
0 0 0 0 0 0 0 2 2 0 0 0 0
0 0 0 0 0 0 0 2 0 2 0 0 0
0 0 0 4 0 0 0 0 2 0 0 0 0
0 0 4 4 4 0 0 0 0 0 0 0 0
0 0 0 4 0 0 0 0 0 0 0 0 0
0 0 0 0 0 0 0 0 0 0 0 0 0
0 0 0 0 0 0 0 0 3 0 3 0 0
0 0 0 0 0 0 0 0 3 3 0 0 0
0 0 0 0 0 0 0 0 0 3 0 0 0
0 0 0 0 0 0 0 0 0 0 0 0 0
1 1 1 1 1 1 1 0 0 0 0 0 0
1 4 1 1 1 8 1 0 0 0 0 0 0
1 1 1 1 1 1 1 0 0 0 8 0 0
1 1 1 1 1 1 1 0 0 8 0 8 0
1 1 1 1 1 1 1 0 0 0 8 0 0
1 3 1 1 1 2 1 0 0 0 0 0 0
1 1 1 1 1 1 1 0 0 0 0 0 0

Example 1 output (7x7):
0 4 0 0 0 8 0
4 4 4 0 8 0 8
0 4 0 0 0 8 0
0 0 0 0 0 0 0
3 0 3 0 2 2 0
3 3 0 0 2 0 2
0 3 0 0 0 2 0

Example 2 input (17x17):
0 0 0 0 0 0 0 0 0 0 1 1 1 1 1 1 1
0 0 0 0 2 0 0 0 0 0 1 2 1 1 1 4 1
0 0 2 2 2 0 0 0 0 0 1 1 1 1 1 1 1
0 0 0 2 2 0 0 0 0 0 1 1 1 1 1 1 1
0 0 0 0 0 0 0 0 0 0 1 1 1 1 1 1 1
0 0 0 0 0 0 0 0 0 0 1 6 1 1 1 3 1
0 0 0 0 0 0 0 0 0 0 1 1 1 1 1 1 1
0 0 0 0 0 0 0 0 0 0 0 0 0 0 0 0 0
0 0 6 0 6 0 0 0 0 0 0 0 0 0 0 0 0
0 0 0 6 0 0 0 0 0 0 0 0 3 3 0 0 0
0 0 6 6 6 0 0 0 0 0 0 0 3 0 3 0 0
0 0 0 0 0 0 0 0 8 0 0 0 0 3 0 0 0
0 0 0 0 0 0 0 8 8 8 0 0 0 0 0 0 0
0 0 0 4 0 0 0 0 8 0 0 0 0 0 0 0 0
0 0 4 4 4 0 0 0 0 0 0 0 0 0 0 0 0
0 0 0 4 4 0 0 0 0 0 0 0 0 0 0 0 0
0 0 0 0 0 0 0 0 0 0 0 0 0 0 0 0 0

Example 2 output (7x7):
0 0 2 0 0 4 0
2 2 2 0 4 4 4
0 2 2 0 0 4 4
0 0 0 0 0 0 0
6 0 6 0 3 3 0
0 6 0 0 3 0 3
6 6 6 0 0 3 0

Example 3 input (18x17):
1 1 1 1 1 1 1 0 0 0 0 0 0 0 0 0 0
1 5 1 1 1 4 1 0 0 0 0 0 0 0 0 0 0
1 1 1 1 1 1 1 0 0 0 0 0 4 0 0 0 0
1 1 1 1 1 1 1 0 0 0 0 4 0 0 0 0 0
1 1 1 1 1 1 1 0 0 0 4 4 4 0 0 0 0
1 2 1 1 1 3 1 0 0 0 0 0 0 0 0 0 0
1 1 1 1 1 1 1 0 0 0 0 0 0 0 0 0 0
0 0 0 0 0 0 0 0 0 0 0 0 0 0 6 0 0
0 0 0 0 0 0 0 0 0 0 0 0 0 6 6 6 0
0 0 0 0 0 0 0 0 0 2 0 0 0 0 6 0 0
0 0 3 0 3 0 0 0 2 0 2 0 0 0 0 0 0
0 0 0 3 3 0 0 0 2 2 2 0 0 0 0 0 0
0 0 0 0 3 0 0 0 0 0 0 0 0 0 0 0 0
0 0 0 0 0 0 0 0 0 8 0 0 0 0 0 0 0
0 0 0 0 0 0 0 0 8 8 8 0 0 0 0 0 0
0 0 5 0 0 0 0 0 8 8 8 0 0 0 0 0 0
0 5 5 0 0 0 0 0 0 0 0 0 0 0 0 0 0
0 0 0 5 0 0 0 0 0 0 0 0 0 0 0 0 0

Example 3 output (7x7):
0 5 0 0 0 0 4
5 5 0 0 0 4 0
0 0 5 0 4 4 4
0 0 0 0 0 0 0
0 2 0 0 3 0 3
2 0 2 0 0 3 3
2 2 2 0 0 0 3

Test input (16x17):
0 0 0 0 0 0 0 0 0 0 0 0 0 0 0 0 0
0 0 0 0 0 0 0 0 0 0 0 0 0 0 0 0 0
0 0 0 0 0 0 0 0 8 8 0 0 0 0 2 0 0
0 0 0 0 0 0 0 8 8 8 0 0 0 2 2 0 0
0 0 6 6 0 0 0 0 0 8 0 0 0 0 0 2 0
0 6 6 0 0 0 0 0 0 0 0 0 0 0 0 0 0
0 0 6 6 0 0 0 0 0 0 0 0 0 4 0 0 0
0 0 0 0 0 0 0 0 0 0 0 0 4 0 4 0 0
0 0 0 0 0 0 0 0 0 0 0 0 0 4 0 0 0
1 1 1 1 1 1 1 0 0 0 0 0 0 0 0 0 0
1 2 1 1 1 3 1 0 0 0 3 3 3 0 0 0 0
1 1 1 1 1 1 1 0 0 0 0 3 0 0 0 0 0
1 1 1 1 1 1 1 0 0 0 3 3 3 0 0 0 0
1 1 1 1 1 1 1 0 0 0 0 0 0 0 0 0 0
1 8 1 1 1 6 1 0 0 0 0 0 0 0 0 0 0
1 1 1 1 1 1 1 0 0 0 0 0 0 0 0 0 0
