Example 1 input (12x19):
0 0 0 0 0 0 0 0 0 0 0 0 0 0 0 0 0 0 0
0 8 8 0 8 8 0 8 8 0 8 8 0 8 8 0 8 8 0
0 8 8 0 8 0 0 8 8 0 0 8 0 8 8 0 8 8 0
0 8 8 0 8 8 0 0 8 0 8 8 0 8 8 0 0 8 0
0 8 8 0 8 8 0 8 8 0 8 0 0 8 8 0 8 8 0
0 0 0 0 8 8 0 6 6 0 8 8 0 8 0 0 8 0 0
0 8 8 0 8 8 0 6 6 0 8 8 0 8 8 0 8 8 0
0 8 8 0 8 8 0 8 8 0 8 8 0 8 8 0 8 8 0
0 8 8 0 8 8 0 8 8 0 8 8 0 0 8 0 0 8 0
0 8 8 0 8 8 0 8 8 0 8 8 0 8 0 0 8 0 0
0 8 8 0 8 8 0 8 0 0 8 8 0 8 8 0 8 8 0
0 0 0 0 0 0 0 0 0 0 0 0 0 0 0 0 0 0 0

Example 1 output (12x19):
0 0 0 0 0 0 0 0 0 0 0 0 0 0 0 0 0 0 0
0 4 4 0 4 4 0 8 8 0 4 4 0 4 4 0 8 8 0
0 4 4 0 4 0 0 8 8 0 0 4 0 4 4 0 8 8 0
0 8 8 0 4 4 0 0 8 0 4 4 0 8 8 0 0 8 0
0 8 8 0 4 4 0 8 8 0 4 0 0 8 8 0 8 8 0
0 0 0 0 8 8 0 6 6 0 8 8 0 8 0 0 8 0 0
0 8 8 0 8 8 0 6 6 0 8 8 0 8 8 0 8 8 0
0 8 8 0 4 4 0 8 8 0 4 4 0 8 8 0 8 8 0
0 8 8 0 4 4 0 8 8 0 4 4 0 0 8 0 0 8 0
0 4 4 0 4 4 0 8 8 0 4 4 0 4 0 0 8 0 0
0 4 4 0 4 4 0 8 0 0 4 4 0 4 4 0 8 8 0
0 0 0 0 0 0 0 0 0 0 0 0 0 0 0 0 0 0 0

Example 2 input (16x14):
0 0 0 0 0 0 0 0 0 0 0 0 0 0
0 8 8 8 8 8 8 8 8 8 8 8 8 0
0 8 0 8 8 8 8 8 8 8 8 8 8 0
0 0 0 0 0 0 0 0 0 0 0 0 0 0
0 0 8 8 8 8 8 8 8 8 0 8 8 0
0 8 8 8 8 8 8 8 8 8 0 8 8 0
0 0 0 0 0 0 0 0 0 0 0 0 0 0
0 8 8 8 8 8 6 6 8 8 8 0 8 0
0 8 8 8 8 8 6 6 8 8 8 8 0 0
0 0 0 0 0 0 0 0 0 0 0 0 0 0
0 8 8 8 8 8 8 8 8 8 8 8 8 0
0 8 8 8 8 0 8 8 8 8 8 8 8 0
0 0 0 0 0 0 0 0 0 0 0 0 0 0
0 8 8 8 8 0 8 8 8 8 8 8 8 0
0 8 8 8 8 8 8 0 8 8 8 8 8 0
0 0 0 0 0 0 0 0 0 0 0 0 0 0

Example 2 output (16x14):
0 0 0 0 0 0 0 0 0 0 0 0 0 0
0 4 4 4 8 8 8 8 8 8 4 4 4 0
0 4 0 4 8 8 8 8 8 8 4 4 4 0
0 0 0 0 0 0 0 0 0 0 0 0 0 0
0 0 4 4 4 4 8 8 4 4 0 4 4 0
0 4 4 4 4 4 8 8 4 4 0 4 4 0
0 0 0 0 0 0 0 0 0 0 0 0 0 0
0 8 8 8 8 8 6 6 8 8 8 0 8 0
0 8 8 8 8 8 6 6 8 8 8 8 0 0
0 0 0 0 0 0 0 0 0 0 0 0 0 0
0 4 4 4 4 4 8 8 4 4 4 4 4 0
0 4 4 4 4 0 8 8 4 4 4 4 4 0
0 0 0 0 0 0 0 0 0 0 0 0 0 0
0 4 4 4 8 0 8 8 8 8 4 4 4 0
0 4 4 4 8 8 8 0 8 8 4 4 4 0
0 0 0 0 0 0 0 0 0 0 0 0 0 0

Example 3 input (16x22):
0 0 0 0 0 0 0 0 0 0 0 0 0 0 0 0 0 0 0 0 0 0
0 8 8 0 8 8 0 8 8 0 8 8 0 8 8 0 8 8 0 8 8 0
0 8 8 0 8 8 0 8 8 0 8 8 0 8 8 0 8 8 0 8 8 0
0 8 8 0 8 8 0 8 8 0 8 8 0 8 8 0 8 8 0 8 8 0
0 8 8 0 8 8 0 8 8 0 8 0 0 8 8 0 8 8 0 8 8 0
0 8 8 0 0 8 0 8 8 0 6 6 0 8 8 0 8 8 0 8 8 0
0 8 8 0 8 8 0 8 8 0 6 6 0 8 8 0 8 8 0 8 8 0
0 8 8 0 8 8 0 8 8 0 8 8 0 0 8 0 8 8 0 8 8 0
0 8 8 0 8 8 0 8 8 0 8 8 0 8 8 0 8 0 0 8 8 0
0 8 8 0 8 0 0 8 8 0 8 8 0 8 8 0 8 8 0 8 8 0
0 8 8 0 8 8 0 8 8 0 8 0 0 8 8 0 8 8 0 8 8 0
0 8 8 0 8 8 0 8 8 0 8 8 0 8 8 0 8 8 0 8 8 0
0 8 8 0 8 8 0 8 8 0 8 8 0 8 8 0 8 8 0 8 8 0
0 8 8 0 8 8 0 8 0 0 8 8 0 8 8 0 8 0 0 8 8 0
0 8 8 0 8 0 0 8 8 0 8 0 0 0 8 0 8 8 0 8 8 0
0 0 0 0 0 0 0 0 0 0 0 0 0 0 0 0 0 0 0 0 0 0

Example 3 output (16x22):
0 0 0 0 0 0 0 0 0 0 0 0 0 0 0 0 0 0 0 0 0 0
0 8 8 0 4 4 0 4 4 0 8 8 0 4 4 0 4 4 0 8 8 0
0 8 8 0 4 4 0 4 4 0 8 8 0 4 4 0 4 4 0 8 8 0
0 8 8 0 8 8 0 4 4 0 8 8 0 4 4 0 8 8 0 8 8 0
0 8 8 0 8 8 0 4 4 0 8 0 0 4 4 0 8 8 0 8 8 0
0 8 8 0 0 8 0 8 8 0 6 6 0 8 8 0 8 8 0 8 8 0
0 8 8 0 8 8 0 8 8 0 6 6 0 8 8 0 8 8 0 8 8 0
0 8 8 0 8 8 0 4 4 0 8 8 0 0 4 0 8 8 0 8 8 0
0 8 8 0 8 8 0 4 4 0 8 8 0 4 4 0 8 0 0 8 8 0
0 8 8 0 4 0 0 4 4 0 8 8 0 4 4 0 4 4 0 8 8 0
0 8 8 0 4 4 0 4 4 0 8 0 0 4 4 0 4 4 0 8 8 0
0 4 4 0 4 4 0 4 4 0 8 8 0 4 4 0 4 4 0 4 4 0
0 4 4 0 4 4 0 4 4 0 8 8 0 4 4 0 4 4 0 4 4 0
0 4 4 0 4 4 0 4 0 0 8 8 0 4 4 0 4 0 0 4 4 0
0 4 4 0 4 0 0 4 4 0 8 0 0 0 4 0 4 4 0 4 4 0
0 0 0 0 0 0 0 0 0 0 0 0 0 0 0 0 0 0 0 0 0 0

Test input (25x20):
0 0 0 0 0 0 0 0 0 0 0 0 0 0 0 0 0 0 0 0
0 8 8 8 8 8 0 8 8 8 8 0 8 8 8 8 0 8 8 0
0 8 8 8 8 8 8 8 8 8 8 8 8 8 8 8 8 8 8 0
0 0 0 0 0 0 0 0 0 0 0 0 0 0 0 0 0 0 0 0
0 8 8 8 8 0 8 8 8 8 8 0 8 8 8 8 8 8 8 0
0 8 8 8 8 8 0 8 8 8 8 8 8 8 8 8 8 8 8 0
0 0 0 0 0 0 0 0 0 0 0 0 0 0 0 0 0 0 0 0
0 8 8 8 8 8 8 8 8 8 8 8 8 8 8 8 8 8 8 0
0 8 8 8 0 8 8 8 8 8 0 8 8 8 8 8 8 8 8 0
0 0 0 0 0 0 0 0 0 0 0 0 0 0 0 0 0 0 0 0
0 8 8 8 8 8 0 8 8 6 6 0 8 8 8 8 0 0 8 0
0 8 8 8 8 8 8 8 8 6 6 8 0 8 8 8 8 8 8 0
0 0 0 0 0 0 0 0 0 0 0 0 0 0 0 0 0 0 0 0
0 8 8 8 8 8 8 0 0 8 8 8 8 8 8 0 0 8 8 0
0 8 8 8 8 8 8 8 8 8 8 8 8 8 8 8 8 8 0 0
0 0 0 0 0 0 0 0 0 0 0 0 0 0 0 0 0 0 0 0
0 8 8 8 8 8 8 8 8 8 8 8 8 8 8 8 8 0 8 0
0 8 8 8 0 8 8 0 0 8 8 0 8 8 8 8 8 0 8 0
0 0 0 0 0 0 0 0 0 0 0 0 0 0 0 0 0 0 0 0
0 8 8 8 8 8 8 8 8 8 8 8 8 8 0 8 8 8 8 0
0 8 8 8 8 8 8 8 8 8 8 8 8 8 8 8 8 8 8 0
0 0 0 0 0 0 0 0 0 0 0 0 0 0 0 0 0 0 0 0
0 0 8 8 8 8 8 8 8 8 8 8 8 8 8 8 8 8 8 0
0 8 8 8 8 8 8 8 8 8 8 8 8 8 8 0 8 8 8 0
0 0 0 0 0 0 0 0 0 0 0 0 0 0 0 0 0 0 0 0
