Example 1 input (12x12):
8 0 0 8 0 0 0 8 8 0 8 0
8 0 8 0 0 0 8 0 0 8 0 0
0 0 0 8 0 8 8 8 8 8 0 8
0 8 0 8 0 0 8 0 8 8 0 0
8 0 0 8 0 0 0 8 8 8 0 0
8 8 0 8 0 8 8 8 8 8 8 0
0 8 0 0 0 8 0 8 0 8 8 0
0 8 8 8 8 0 0 8 0 0 8 8
0 8 0 8 8 8 8 0 0 8 8 0
0 8 8 8 8 0 0 0 8 0 0 8
8 0 8 0 0 0 0 0 8 8 0 0
0 8 0 8 0 8 0 8 0 0 8 0

Example 1 output (12x12):
8 0 0 8 3 0 0 8 8 0 8 0
8 0 8 3 3 3 8 0 0 8 0 0
0 0 0 8 3 8 8 8 8 8 0 8
0 8 0 8 0 0 8 0 8 8 0 0
8 0 0 8 0 0 0 8 8 8 0 0
8 8 0 8 0 8 8 8 8 8 8 0
0 8 0 0 0 8 0 8 0 8 8 0
0 8 8 8 8 0 0 8 0 0 8 8
0 8 0 8 8 8 8 0 0 8 8 0
0 8 8 8 8 0 3 0 8 0 0 8
8 0 8 0 0 3 3 3 8 8 0 0
0 8 0 8 0 8 3 8 0 0 8 0

Example 2 input (12x12):
8 0 8 8 8 8 0 8 0 8 8 8
0 8 0 0 0 8 8 0 0 0 8 8
8 0 8 0 8 8 8 8 8 8 8 8
0 8 0 0 8 8 0 0 0 8 0 0
8 0 8 8 0 0 8 8 0 0 8 8
8 8 8 0 8 8 0 0 8 8 8 8
8 0 8 0 0 0 8 0 0 0 0 0
0 8 0 8 0 8 0 0 0 8 8 0
0 8 0 8 0 0 0 8 8 0 8 8
8 8 8 8 0 0 0 0 8 0 8 0
0 8 8 0 0 0 8 8 0 0 0 0
8 0 0 8 0 8 8 8 8 8 8 8

Example 2 output (12x12):
8 0 8 8 8 8 0 8 0 8 8 8
0 8 0 0 0 8 8 0 0 0 8 8
8 0 8 0 8 8 8 8 8 8 8 8
0 8 0 0 8 8 0 0 0 8 0 0
8 0 8 8 0 0 8 8 0 0 8 8
8 8 8 0 8 8 0 0 8 8 8 8
8 0 8 0 0 0 8 0 0 0 0 0
0 8 0 8 0 8 0 0 0 8 8 0
0 8 0 8 0 3 0 8 8 0 8 8
8 8 8 8 3 3 3 0 8 0 8 0
0 8 8 3 3 3 8 8 0 0 0 0
8 0 0 8 3 8 8 8 8 8 8 8

Example 3 input (12x12):
8 8 0 0 0 8 0 0 0 0 8 8
8 8 8 8 8 8 8 8 0 0 0 8
8 8 8 0 0 8 8 0 0 0 8 8
0 8 0 8 8 8 8 0 0 8 8 8
0 0 0 8 8 8 8 8 0 0 0 0
0 0 0 8 8 0 8 0 8 8 0 0
0 0 8 8 0 8 8 0 8 8 8 0
8 8 8 0 8 8 8 8 0 8 0 8
8 8 0 0 0 8 8 8 0 8 8 8
8 8 0 0 0 8 0 8 8 8 8 8
8 0 0 0 0 8 8 8 8 8 8 8
8 0 8 8 8 8 8 0 8 8 0 8

Example 3 output (12x12):
8 8 0 0 0 8 0 0 0 3 8 8
8 8 8 8 8 8 8 8 3 3 3 8
8 8 8 0 0 8 8 3 3 3 8 8
0 8 0 8 8 8 8 0 3 8 8 8
0 3 0 8 8 8 8 8 0 0 0 0
3 3 3 8 8 0 8 0 8 8 0 0
0 3 8 8 0 8 8 0 8 8 8 0
8 8 8 3 8 8 8 8 0 8 0 8
8 8 3 3 3 8 8 8 0 8 8 8
8 8 3 3 3 8 0 8 8 8 8 8
8 0 0 3 0 8 8 8 8 8 8 8
8 0 8 8 8 8 8 0 8 8 0 8

Test input (12x12):
8 0 8 8 8 8 8 0 8 0 8 0
0 8 8 8 0 0 8 0 8 0 0 0
8 8 8 8 0 0 0 8 8 8 8 8
8 0 0 0 8 0 8 8 0 0 8 0
0 8 8 8 0 8 0 8 8 0 8 8
0 0 8 8 8 0 0 0 0 0 0 0
8 0 8 8 0 8 8 0 8 0 0 0
0 8 0 8 0 0 8 8 8 8 8 8
0 0 0 8 8 0 0 8 0 8 0 0
0 0 0 0 8 0 8 8 0 8 8 0
0 0 0 8 8 0 8 8 0 8 8 8
8 8 8 0 8 0 0 0 0 8 8 8
