Example 1 input (7x17):
2 2 0 0 0 0 0 0 0 0 0 2 2 0 0 0 0
2 2 0 0 2 2 0 0 0 0 0 2 2 0 0 0 0
0 0 0 0 2 2 0 2 2 0 0 0 0 0 0 0 0
0 2 2 0 0 0 0 2 2 0 0 0 0 2 2 0 0
0 2 2 0 0 0 0 0 0 0 2 2 0 2 2 0 0
0 0 0 0 0 0 2 2 0 0 2 2 0 0 0 2 2
0 0 0 0 0 0 2 2 0 0 0 0 0 0 0 2 2

Example 1 output (7x17):
8 8 0 0 0 0 0 0 0 0 0 8 8 0 0 0 0
8 8 0 0 8 8 0 0 0 0 0 8 8 0 0 0 0
0 0 0 0 8 8 0 8 8 0 0 0 0 0 0 0 0
0 2 2 0 0 0 0 8 8 0 0 0 0 2 2 0 0
0 2 2 0 0 0 0 0 0 0 2 2 0 2 2 0 0
0 0 0 0 0 0 2 2 0 0 2 2 0 0 0 8 8
0 0 0 0 0 0 2 2 0 0 0 0 0 0 0 8 8

Example 2 input (7x14):
0 0 0 0 0 0 0 0 0 0 0 0 2 2
0 2 2 0 2 2 0 0 0 0 0 0 2 2
0 2 2 0 2 2 0 0 0 2 2 0 0 0
0 0 0 0 0 0 0 0 0 2 2 0 0 0
0 0 0 2 2 0 0 2 2 0 0 0 0 0
0 0 0 2 2 0 0 2 2 0 0 0 0 0
0 0 0 0 0 0 0 0 0 0 0 0 0 0

Example 2 output (7x14):
0 0 0 0 0 0 0 0 0 0 0 0 8 8
0 2 2 0 2 2 0 0 0 0 0 0 8 8
0 2 2 0 2 2 0 0 0 2 2 0 0 0
0 0 0 0 0 0 0 0 0 2 2 0 0 0
0 0 0 8 8 0 0 8 8 0 0 0 0 0
0 0 0 8 8 0 0 8 8 0 0 0 0 0
0 0 0 0 0 0 0 0 0 0 0 0 0 0

Example 3 input (7x15):
0 0 0 0 0 0 2 2 0 0 0 0 0 0 0
0 0 0 0 0 0 2 2 0 0 0 0 0 2 2
0 0 2 2 0 0 0 0 0 0 0 0 0 2 2
0 0 2 2 0 0 0 0 2 2 0 0 0 0 0
0 0 0 0 0 2 2 0 2 2 0 0 0 0 0
2 2 0 0 0 2 2 0 0 0 0 2 2 0 0
2 2 0 0 0 0 0 0 0 0 0 2 2 0 0

Example 3 output (7x15):
0 0 0 0 0 0 2 2 0 0 0 0 0 0 0
0 0 0 0 0 0 2 2 0 0 0 0 0 8 8
0 0 2 2 0 0 0 0 0 0 0 0 0 8 8
0 0 2 2 0 0 0 0 8 8 0 0 0 0 0
0 0 0 0 0 8 8 0 8 8 0 0 0 0 0
8 8 0 0 0 8 8 0 0 0 0 2 2 0 0
8 8 0 0 0 0 0 0 0 0 0 2 2 0 0

Example 4 input (7x7):
0 0 0 0 0 0 0
0 0 0 0 0 2 2
2 2 0 0 0 2 2
2 2 0 0 0 0 0
0 0 2 2 0 0 0
0 0 2 2 0 0 0
0 0 0 0 0 0 0

Example 4 output (7x7):
0 0 0 0 0 0 0
0 0 0 0 0 8 8
8 8 0 0 0 8 8
8 8 0 0 0 0 0
0 0 2 2 0 0 0
0 0 2 2 0 0 0
0 0 0 0 0 0 0

Example 5 input (7x5):
0 0 0 0 0
2 2 0 0 0
2 2 0 0 0
0 0 0 0 0
0 0 0 2 2
0 0 0 2 2
0 0 0 0 0

Example 5 output (7x5):
0 0 0 0 0
2 2 0 0 0
2 2 0 0 0
0 0 0 0 0
0 0 0 8 8
0 0 0 8 8
0 0 0 0 0

Test input (7x15):
0 0 0 0 0 0 0 0 0 0 0 0 0 0 0
0 0 0 0 0 0 0 2 2 0 0 0 0 2 2
0 0 2 2 0 0 0 2 2 0 0 0 0 2 2
0 0 2 2 0 0 0 0 0 0 0 0 0 0 0
0 0 0 0 2 2 0 0 0 0 0 2 2 0 0
2 2 0 0 2 2 0 0 2 2 0 2 2 0 0
2 2 0 0 0 0 0 0 2 2 0 0 0 0 0
