Example 1 input (19x13):
0 0 0 0 6 0 0 0 0 6 0 0 0
0 4 4 0 6 0 6 6 0 6 0 8 8
0 4 4 0 6 0 6 6 0 6 0 8 8
0 0 0 0 6 0 0 0 0 6 0 0 0
6 6 6 6 6 6 6 6 6 6 6 6 6
0 0 0 0 6 0 0 0 0 6 0 0 0
0 8 8 0 6 0 6 6 0 6 0 3 3
0 8 8 0 6 0 6 6 0 6 0 3 3
0 0 0 0 6 0 0 0 0 6 0 0 0
6 6 6 6 6 6 6 6 6 6 6 6 6
0 0 0 0 6 0 0 0 0 6 0 0 0
0 6 6 0 6 0 8 8 0 6 0 4 4
0 6 6 0 6 0 8 8 0 6 0 4 4
0 0 0 0 6 0 0 0 0 6 0 0 0
6 6 6 6 6 6 6 6 6 6 6 6 6
0 0 0 0 6 0 0 0 0 6 0 0 0
0 6 6 0 6 0 6 6 0 6 0 6 6
0 6 6 0 6 0 6 6 0 6 0 6 6
0 0 0 0 6 0 0 0 0 6 0 0 0

Example 1 output (3x3):
3 0 0
4 4 0
8 8 8

Example 2 input (16x16):
0 0 0 0 3 0 0 0 0 3 0 0 0 0 3 0
0 3 3 0 3 0 1 1 0 3 0 2 2 0 3 0
0 3 3 0 3 0 1 1 0 3 0 2 2 0 3 0
0 0 0 0 3 0 0 0 0 3 0 0 0 0 3 0
3 3 3 3 3 3 3 3 3 3 3 3 3 3 3 3
0 0 0 0 3 0 0 0 0 3 0 0 0 0 3 0
0 2 2 0 3 0 1 1 0 3 0 3 3 0 3 0
0 2 2 0 3 0 1 1 0 3 0 3 3 0 3 0
0 0 0 0 3 0 0 0 0 3 0 0 0 0 3 0
3 3 3 3 3 3 3 3 3 3 3 3 3 3 3 3
0 0 0 0 3 0 0 0 0 3 0 0 0 0 3 0
0 1 1 0 3 0 3 3 0 3 0 3 3 0 3 0
0 1 1 0 3 0 3 3 0 3 0 3 3 0 3 0
0 0 0 0 3 0 0 0 0 3 0 0 0 0 3 0
3 3 3 3 3 3 3 3 3 3 3 3 3 3 3 3
0 0 0 0 3 0 0 0 0 3 0 0 0 0 3 0

Example 2 output (2x3):
2 2 0
1 1 1

Example 3 input (16x18):
0 0 0 0 2 0 0 0 0 2 0 0 0 0 2 0 0 0
0 4 4 0 2 0 1 1 0 2 0 1 1 0 2 0 8 8
0 4 4 0 2 0 1 1 0 2 0 1 1 0 2 0 8 8
0 0 0 0 2 0 0 0 0 2 0 0 0 0 2 0 0 0
2 2 2 2 2 2 2 2 2 2 2 2 2 2 2 2 2 2
0 0 0 0 2 0 0 0 0 2 0 0 0 0 2 0 0 0
0 2 2 0 2 0 4 4 0 2 0 2 2 0 2 0 2 2
0 2 2 0 2 0 4 4 0 2 0 2 2 0 2 0 2 2
0 0 0 0 2 0 0 0 0 2 0 0 0 0 2 0 0 0
2 2 2 2 2 2 2 2 2 2 2 2 2 2 2 2 2 2
0 0 0 0 2 0 0 0 0 2 0 0 0 0 2 0 0 0
0 4 4 0 2 0 4 4 0 2 0 2 2 0 2 0 2 2
0 4 4 0 2 0 4 4 0 2 0 2 2 0 2 0 2 2
0 0 0 0 2 0 0 0 0 2 0 0 0 0 2 0 0 0
2 2 2 2 2 2 2 2 2 2 2 2 2 2 2 2 2 2
0 0 0 0 2 0 0 0 0 2 0 0 0 0 2 0 0 0

Example 3 output (3x4):
8 0 0 0
1 1 0 0
4 4 4 4

Test input (19x21):
0 0 0 0 8 0 0 0 0 8 0 0 0 0 8 0 0 0 0 8 0
0 4 4 0 8 0 6 6 0 8 0 3 3 0 8 0 2 2 0 8 0
0 4 4 0 8 0 6 6 0 8 0 3 3 0 8 0 2 2 0 8 0
0 0 0 0 8 0 0 0 0 8 0 0 0 0 8 0 0 0 0 8 0
8 8 8 8 8 8 8 8 8 8 8 8 8 8 8 8 8 8 8 8 8
0 0 0 0 8 0 0 0 0 8 0 0 0 0 8 0 0 0 0 8 0
0 6 6 0 8 0 8 8 0 8 0 8 8 0 8 0 3 3 0 8 0
0 6 6 0 8 0 8 8 0 8 0 8 8 0 8 0 3 3 0 8 0
0 0 0 0 8 0 0 0 0 8 0 0 0 0 8 0 0 0 0 8 0
8 8 8 8 8 8 8 8 8 8 8 8 8 8 8 8 8 8 8 8 8
0 0 0 0 8 0 0 0 0 8 0 0 0 0 8 0 0 0 0 8 0
0 8 8 0 8 0 6 6 0 8 0 2 2 0 8 0 8 8 0 8 0
0 8 8 0 8 0 6 6 0 8 0 2 2 0 8 0 8 8 0 8 0
0 0 0 0 8 0 0 0 0 8 0 0 0 0 8 0 0 0 0 8 0
8 8 8 8 8 8 8 8 8 8 8 8 8 8 8 8 8 8 8 8 8
0 0 0 0 8 0 0 0 0 8 0 0 0 0 8 0 0 0 0 8 0
0 2 2 0 8 0 2 2 0 8 0 8 8 0 8 0 8 8 0 8 0
0 2 2 0 8 0 2 2 0 8 0 8 8 0 8 0 8 8 0 8 0
0 0 0 0 8 0 0 0 0 8 0 0 0 0 8 0 0 0 0 8 0
