Example 1 input (16x16):
0 2 0 0 1 1 0 5 0 0 0 0 0 0 0 0
2 2 2 0 1 0 0 5 0 0 3 3 3 0 0 0
0 0 0 0 0 0 0 5 0 0 0 3 0 0 0 0
5 5 5 5 5 5 5 5 0 0 0 0 0 0 0 0
0 0 0 0 0 0 0 0 0 0 0 0 0 3 3 0
0 0 0 0 0 0 0 0 0 0 0 0 0 3 0 0
0 0 3 0 0 0 0 3 3 0 0 0 0 0 0 0
0 3 3 0 0 0 0 0 3 0 0 0 0 0 0 0
0 0 3 0 0 0 0 0 0 0 0 0 0 0 0 0
0 0 0 0 0 0 0 0 0 0 0 0 0 0 0 0
0 0 0 0 0 0 0 0 0 0 0 3 0 0 0 0
0 0 0 3 0 0 0 0 0 0 3 3 3 0 0 0
0 0 3 3 0 0 0 0 0 0 0 0 0 0 0 0
0 0 0 0 0 0 3 0 0 0 0 0 0 3 0 0
0 0 0 0 0 0 3 3 0 0 0 0 3 3 0 0
0 0 0 0 0 0 3 0 0 0 0 0 0 0 0 0

Example 1 output (16x16):
0 2 0 0 1 1 0 5 0 0 0 0 0 0 0 0
2 2 2 0 1 0 0 5 0 0 2 2 2 0 0 0
0 0 0 0 0 0 0 5 0 0 0 2 0 0 0 0
5 5 5 5 5 5 5 5 0 0 0 0 0 0 0 0
0 0 0 0 0 0 0 0 0 0 0 0 0 1 1 0
0 0 0 0 0 0 0 0 0 0 0 0 0 1 0 0
0 0 2 0 0 0 0 1 1 0 0 0 0 0 0 0
0 2 2 0 0 0 0 0 1 0 0 0 0 0 0 0
0 0 2 0 0 0 0 0 0 0 0 0 0 0 0 0
0 0 0 0 0 0 0 0 0 0 0 0 0 0 0 0
0 0 0 0 0 0 0 0 0 0 0 2 0 0 0 0
0 0 0 1 0 0 0 0 0 0 2 2 2 0 0 0
0 0 1 1 0 0 0 0 0 0 0 0 0 0 0 0
0 0 0 0 0 0 2 0 0 0 0 0 0 1 0 0
0 0 0 0 0 0 2 2 0 0 0 0 1 1 0 0
0 0 0 0 0 0 2 0 0 0 0 0 0 0 0 0

Example 2 input (16x16):
0 2 0 4 4 0 1 1 1 0 5 0 0 3 0 0
0 2 0 4 0 0 0 1 0 0 5 0 0 3 3 0
0 0 0 0 0 0 0 0 0 0 5 0 0 3 0 0
5 5 5 5 5 5 5 5 5 5 5 0 0 0 0 0
0 0 0 0 0 0 0 0 0 0 0 0 0 0 0 0
0 3 0 0 0 3 0 0 0 0 0 3 3 3 0 0
0 3 3 0 0 3 0 0 0 0 0 0 3 0 0 0
0 0 0 0 0 0 0 0 3 0 0 0 0 0 0 0
0 0 0 0 0 0 0 0 3 0 0 0 0 0 0 0
0 3 3 0 0 0 0 0 0 0 0 0 3 3 0 0
0 0 0 0 0 0 0 0 0 0 0 0 0 3 0 0
0 3 3 3 0 0 0 3 0 0 0 0 0 0 0 0
0 0 3 0 0 0 3 3 0 0 3 3 0 0 0 0
0 0 0 0 0 0 0 0 0 0 3 0 0 0 3 0
0 0 0 3 3 0 0 0 0 0 0 0 0 3 3 0
0 0 0 0 0 0 0 0 0 0 0 0 0 0 3 0

Example 2 output (16x16):
0 2 0 4 4 0 1 1 1 0 5 0 0 1 0 0
0 2 0 4 0 0 0 1 0 0 5 0 0 1 1 0
0 0 0 0 0 0 0 0 0 0 5 0 0 1 0 0
5 5 5 5 5 5 5 5 5 5 5 0 0 0 0 0
0 0 0 0 0 0 0 0 0 0 0 0 0 0 0 0
0 4 0 0 0 2 0 0 0 0 0 1 1 1 0 0
0 4 4 0 0 2 0 0 0 0 0 0 1 0 0 0
0 0 0 0 0 0 0 0 2 0 0 0 0 0 0 0
0 0 0 0 0 0 0 0 2 0 0 0 0 0 0 0
0 2 2 0 0 0 0 0 0 0 0 0 4 4 0 0
0 0 0 0 0 0 0 0 0 0 0 0 0 4 0 0
0 1 1 1 0 0 0 4 0 0 0 0 0 0 0 0
0 0 1 0 0 0 4 4 0 0 4 4 0 0 0 0
0 0 0 0 0 0 0 0 0 0 4 0 0 0 1 0
0 0 0 2 2 0 0 0 0 0 0 0 0 1 1 0
0 0 0 0 0 0 0 0 0 0 0 0 0 0 1 0

Example 3 input (10x10):
2 2 0 0 7 0 0 5 0 0
2 0 0 7 7 7 0 5 0 0
2 2 0 0 7 0 0 5 0 0
5 5 5 5 5 5 5 5 0 0
0 0 3 0 0 0 0 0 0 0
0 3 3 3 0 3 0 3 0 0
0 0 3 0 0 3 3 3 0 0
0 0 0 0 0 0 0 0 0 0
0 0 0 3 3 3 0 0 0 0
0 0 0 3 0 3 0 0 0 0

Example 3 output (10x10):
2 2 0 0 7 0 0 5 0 0
2 0 0 7 7 7 0 5 0 0
2 2 0 0 7 0 0 5 0 0
5 5 5 5 5 5 5 5 0 0
0 0 7 0 0 0 0 0 0 0
0 7 7 7 0 2 0 2 0 0
0 0 7 0 0 2 2 2 0 0
0 0 0 0 0 0 0 0 0 0
0 0 0 2 2 2 0 0 0 0
0 0 0 2 0 2 0 0 0 0

Test input (18x17):
0 2 0 1 0 0 4 4 0 0 0 5 0 0 0 0 0
2 2 0 1 1 0 4 0 0 8 8 5 0 0 3 0 0
0 0 0 1 0 0 4 4 0 0 0 5 0 0 3 0 0
5 5 5 5 5 5 5 5 5 5 5 5 0 0 0 0 0
0 0 0 0 0 0 0 0 0 0 0 0 0 0 0 3 3
0 0 0 0 3 0 0 0 0 0 0 0 0 0 0 0 0
3 3 0 3 3 3 0 0 0 0 0 0 0 0 0 0 0
3 0 0 0 0 0 0 0 3 3 0 0 0 0 0 0 0
0 0 0 0 0 0 0 0 0 3 0 0 0 3 0 0 0
0 0 0 0 0 0 0 0 3 3 0 0 0 3 3 0 0
0 0 0 0 0 0 0 0 0 0 0 0 0 3 0 0 0
0 0 3 3 3 0 0 0 0 0 0 0 0 0 0 0 0
0 0 3 0 3 0 0 0 0 0 0 0 0 0 0 3 0
0 0 0 0 0 0 0 0 0 3 3 3 0 0 0 3 0
0 0 0 0 0 0 0 0 0 0 3 0 0 0 0 0 0
0 0 0 0 3 3 0 0 0 0 0 0 0 0 3 0 0
3 3 0 0 0 0 0 0 0 0 0 0 0 3 3 0 0
0 3 0 0 0 0 0 0 0 0 0 0 0 0 0 0 0
