Example 1 input (10x10):
3 1 0 3 3 3 3 3 0 3
1 0 0 3 3 0 1 3 1 1
0 1 1 1 0 3 0 0 0 3
0 1 3 3 0 3 1 3 0 0
1 3 1 1 0 1 3 0 0 0
0 1 1 3 0 0 3 1 1 3
3 0 1 0 0 0 0 0 3 0
0 0 0 3 3 1 0 0 1 3
3 3 1 0 0 1 1 0 0 1
0 1 3 0 1 1 1 1 1 3

Example 1 output (10x10):
3 1 2 3 3 3 3 3 2 3
1 2 2 3 3 5 1 3 1 1
2 1 1 1 5 3 2 2 2 3
2 1 3 3 5 3 1 3 2 2
1 3 1 1 5 1 3 2 2 2
2 1 1 3 5 5 3 1 1 3
3 2 1 5 5 5 5 5 3 2
2 2 2 3 3 1 5 5 1 3
3 3 1 2 2 1 1 5 5 1
2 1 3 2 1 1 1 1 1 3

Example 2 input (10x10):
0 3 3 0 3 1 0 1 1 3
1 3 0 0 1 1 3 1 0 0
1 0 1 0 0 1 3 0 3 3
0 0 3 3 1 3 3 3 0 1
0 0 3 3 0 0 0 0 3 1
3 3 0 0 3 0 0 0 3 0
0 0 3 3 3 0 3 0 3 3
3 1 1 1 3 0 1 1 1 3
0 0 1 3 1 0 0 3 3 3
0 3 3 0 3 3 1 3 1 1

Example 2 output (10x10):
2 3 3 2 3 1 2 1 1 3
1 3 2 2 1 1 3 1 2 2
1 2 1 2 2 1 3 5 3 3
2 2 3 3 1 3 3 3 5 1
2 2 3 3 5 5 5 5 3 1
3 3 5 5 3 5 5 5 3 2
2 2 3 3 3 5 3 5 3 3
3 1 1 1 3 5 1 1 1 3
2 2 1 3 1 5 5 3 3 3
2 3 3 2 3 3 1 3 1 1

Example 3 input (10x10):
0 3 0 3 0 0 1 3 3 1
0 1 1 1 1 3 0 0 1 1
0 3 1 0 1 0 3 0 3 0
3 3 3 0 0 3 3 3 0 0
1 1 3 1 3 0 0 0 1 0
1 0 1 0 3 0 3 3 0 3
0 0 0 0 1 1 3 0 1 0
3 0 1 3 3 1 0 3 0 0
1 1 0 0 1 3 3 1 1 3
0 0 1 1 0 1 0 0 0 0

Example 3 output (10x10):
2 3 2 3 2 2 1 3 3 1
2 1 1 1 1 3 5 5 1 1
2 3 1 5 1 5 3 5 3 2
3 3 3 5 5 3 3 3 2 2
1 1 3 1 3 5 5 5 1 2
1 2 1 2 3 5 3 3 5 3
2 2 2 2 1 1 3 5 1 2
3 2 1 3 3 1 5 3 2 2
1 1 5 5 1 3 3 1 1 3
2 2 1 1 2 1 2 2 2 2

Example 4 input (10x10):
0 0 0 0 0 0 3 1 1 3
0 0 3 1 0 1 1 0 0 3
0 1 0 0 1 3 3 1 3 1
0 1 3 0 0 0 0 0 1 0
0 1 3 1 0 1 0 3 0 1
1 0 0 3 1 3 1 0 1 0
1 0 0 3 0 1 0 3 0 0
0 1 0 1 1 0 3 1 0 3
0 3 1 1 3 0 0 3 1 0
1 1 3 3 0 0 1 3 0 3

Example 4 output (10x10):
2 2 2 2 2 2 3 1 1 3
2 2 3 1 2 1 1 5 5 3
2 1 5 5 1 3 3 1 3 1
2 1 3 5 5 5 5 5 1 2
2 1 3 1 5 1 5 3 5 1
1 5 5 3 1 3 1 5 1 2
1 5 5 3 5 1 5 3 2 2
2 1 5 1 1 2 3 1 2 3
2 3 1 1 3 2 2 3 1 2
1 1 3 3 2 2 1 3 2 3

Test input (10x10):
1 0 0 1 0 1 1 1 1 3
0 0 0 3 0 3 0 1 0 0
0 1 0 3 3 0 1 3 3 3
3 1 3 1 1 0 3 3 0 1
1 1 3 0 1 3 0 1 1 0
0 3 0 1 3 0 1 1 0 3
1 1 3 0 0 3 0 3 3 3
3 1 1 1 1 3 1 0 3 1
3 0 0 0 3 3 1 0 1 1
1 0 3 1 1 0 0 0 1 0
