Example 1 input (13x13):
0 0 0 0 0 0 0 0 0 0 0 0 0
0 4 4 4 0 0 0 2 2 2 0 0 0
0 4 0 4 0 0 0 2 0 2 0 0 0
0 4 4 4 0 0 0 2 2 2 0 0 0
0 0 0 0 0 0 0 0 0 0 0 0 0
0 0 0 3 3 3 3 0 0 0 0 0 0
0 0 0 3 0 0 3 0 0 0 0 0 0
0 0 0 3 3 3 3 0 0 0 0 0 0
0 0 0 0 0 0 0 0 0 0 0 0 0
0 0 0 0 0 0 0 3 3 3 0 0 0
8 8 8 8 0 0 0 3 0 3 0 0 0
8 0 0 8 0 0 0 3 3 3 0 0 0
8 8 8 8 0 0 0 0 0 0 0 0 0

Example 1 output (13x13):
0 0 0 0 0 0 0 0 0 0 0 0 0
0 4 4 4 0 0 0 2 2 2 0 0 0
0 4 5 4 0 0 0 2 5 2 0 0 0
0 4 4 4 0 0 0 2 2 2 0 0 0
0 0 0 0 0 0 0 0 0 0 0 0 0
0 0 0 3 3 3 3 0 0 0 0 0 0
0 0 0 3 7 7 3 0 0 0 0 0 0
0 0 0 3 3 3 3 0 0 0 0 0 0
0 0 0 0 0 0 0 0 0 0 0 0 0
0 0 0 0 0 0 0 3 3 3 0 0 0
8 8 8 8 0 0 0 3 5 3 0 0 0
8 7 7 8 0 0 0 3 3 3 0 0 0
8 8 8 8 0 0 0 0 0 0 0 0 0

Example 2 input (6x6):
0 0 0 0 0 0
0 8 8 8 0 0
0 8 0 8 0 0
0 8 8 8 0 0
0 0 0 0 0 0
0 0 0 0 0 0

Example 2 output (6x6):
0 0 0 0 0 0
0 8 8 8 0 0
0 8 5 8 0 0
0 8 8 8 0 0
0 0 0 0 0 0
0 0 0 0 0 0

Example 3 input (6x6):
0 0 0 0 0 0
4 4 4 0 0 0
4 0 4 0 0 0
4 0 4 0 0 0
4 4 4 0 0 0
0 0 0 0 0 0

Example 3 output (6x6):
0 0 0 0 0 0
4 4 4 0 0 0
4 7 4 0 0 0
4 7 4 0 0 0
4 4 4 0 0 0
0 0 0 0 0 0

Example 4 input (16x12):
0 0 0 0 0 0 0 0 0 0 0 0
0 4 4 4 4 0 0 0 0 0 0 0
0 4 0 0 4 0 0 3 3 3 0 0
0 4 4 4 4 0 0 3 0 3 0 0
0 0 0 0 0 0 0 3 0 3 0 0
0 0 0 0 0 0 0 3 3 3 0 0
0 0 0 0 0 0 0 0 0 0 0 0
0 0 0 0 0 0 0 0 0 0 0 0
0 0 0 0 0 0 0 0 0 0 0 0
0 0 0 3 3 3 0 0 2 2 2 2
0 0 0 3 0 3 0 0 2 0 0 2
0 0 0 3 3 3 0 0 2 2 2 2
0 0 0 0 0 0 0 0 0 0 0 0
0 0 0 0 0 2 2 2 0 0 0 0
0 0 0 0 0 2 0 2 0 0 0 0
0 0 0 0 0 2 2 2 0 0 0 0

Example 4 output (16x12):
0 0 0 0 0 0 0 0 0 0 0 0
0 4 4 4 4 0 0 0 0 0 0 0
0 4 7 7 4 0 0 3 3 3 0 0
0 4 4 4 4 0 0 3 7 3 0 0
0 0 0 0 0 0 0 3 7 3 0 0
0 0 0 0 0 0 0 3 3 3 0 0
0 0 0 0 0 0 0 0 0 0 0 0
0 0 0 0 0 0 0 0 0 0 0 0
0 0 0 0 0 0 0 0 0 0 0 0
0 0 0 3 3 3 0 0 2 2 2 2
0 0 0 3 5 3 0 0 2 7 7 2
0 0 0 3 3 3 0 0 2 2 2 2
0 0 0 0 0 0 0 0 0 0 0 0
0 0 0 0 0 2 2 2 0 0 0 0
0 0 0 0 0 2 5 2 0 0 0 0
0 0 0 0 0 2 2 2 0 0 0 0

Test input (13x12):
0 0 0 0 0 0 0 0 0 0 0 0
0 4 4 4 0 0 0 0 0 0 0 0
0 4 0 4 0 0 2 2 2 2 0 0
0 4 4 4 0 0 2 0 0 2 0 0
0 0 0 0 0 0 2 2 2 2 0 0
0 0 0 0 0 0 0 0 0 0 0 0
0 0 0 0 0 0 0 0 0 0 0 0
3 3 3 0 2 2 2 0 0 0 0 0
3 0 3 0 2 0 2 0 0 0 0 0
3 0 3 0 2 2 2 0 0 3 3 3
3 3 3 0 0 0 0 0 0 3 0 3
0 0 0 0 0 0 0 0 0 3 3 3
0 0 0 0 0 0 0 0 0 0 0 0
