Example 1 input (9x9):
0 0 2 0 0 0 4 0 0
0 0 0 0 0 0 4 0 0
0 0 0 0 0 0 0 0 0
0 0 0 0 0 0 0 0 0
5 5 5 5 5 5 5 5 5
0 0 2 0 0 0 4 0 0
0 0 2 0 0 0 4 0 0
0 0 0 0 0 0 4 0 0
0 0 0 0 0 0 4 0 0

Example 1 output (2x2):
4 4
4 4

Example 2 input (9x9):
0 0 2 0 0 0 4 0 0
0 0 0 0 0 0 4 0 0
0 0 0 0 0 0 0 0 0
0 0 0 0 0 0 0 0 0
5 5 5 5 5 5 5 5 5
0 0 2 0 0 0 4 0 0
0 0 2 0 0 0 4 0 0
0 0 2 0 0 0 4 0 0
0 0 2 0 0 0 4 0 0

Example 2 output (2x2):
2 2
2 2

Example 3 input (11x9):
0 0 2 0 0 0 4 0 0
0 0 0 0 0 0 4 0 0
0 0 0 0 0 0 4 0 0
0 0 0 0 0 0 0 0 0
0 0 0 0 0 0 0 0 0
5 5 5 5 5 5 5 5 5
0 0 2 0 0 0 4 0 0
0 0 2 0 0 0 4 0 0
0 0 2 0 0 0 4 0 0
0 0 2 0 0 0 4 0 0
0 0 0 0 0 0 4 0 0

Example 3 output (2x2):
2 2
2 2

Example 4 input (11x9):
0 0 2 0 0 0 4 0 0
0 0 2 0 0 0 4 0 0
0 0 0 0 0 0 0 0 0
0 0 0 0 0 0 0 0 0
0 0 0 0 0 0 0 0 0
5 5 5 5 5 5 5 5 5
0 0 2 0 0 0 4 0 0
0 0 2 0 0 0 4 0 0
0 0 2 0 0 0 4 0 0
0 0 2 0 0 0 0 0 0
0 0 0 0 0 0 0 0 0

Example 4 output (2x2):
2 2
2 2

Test input (11x9):
0 0 2 0 0 0 4 0 0
0 0 2 0 0 0 4 0 0
0 0 2 0 0 0 0 0 0
0 0 0 0 0 0 0 0 0
0 0 0 0 0 0 0 0 0
5 5 5 5 5 5 5 5 5
0 0 2 0 0 0 4 0 0
0 0 2 0 0 0 4 0 0
0 0 2 0 0 0 4 0 0
0 0 2 0 0 0 4 0 0
0 0 0 0 0 0 0 0 0
