Example 1 input (13x14):
6 6 0 6 6 0 6 6 0 6 6 0 6 6
6 0 0 6 6 0 6 6 0 6 0 0 6 0
6 6 0 6 6 0 6 6 0 6 6 0 6 6
6 0 0 6 0 0 6 0 0 6 0 0 6 0
6 6 0 6 6 0 6 6 0 6 6 0 6 6
6 6 0 6 6 0 6 6 0 6 0 0 6 0
6 6 0 6 6 0 6 6 0 6 6 0 6 6
6 6 0 6 0 0 6 0 0 6 0 0 6 0
6 6 0 6 6 0 6 6 0 6 6 0 6 6
6 6 0 6 0 0 6 6 0 6 0 0 6 6
6 6 0 6 6 0 6 6 0 6 6 0 6 6
6 0 0 6 0 0 6 6 0 6 0 0 6 0
6 6 0 6 6 0 6 6 0 6 6 0 6 6

Example 1 output (13x14):
6 6 0 6 6 0 6 6 0 6 6 0 6 6
6 0 0 6 0 0 6 6 0 6 0 0 6 6
6 6 0 6 6 0 6 6 0 6 6 0 6 6
6 0 0 6 0 0 6 0 0 6 0 0 6 0
6 6 0 6 6 0 6 6 0 6 6 0 6 6
6 0 0 6 0 0 6 6 0 6 6 0 6 6
6 6 0 6 6 0 6 6 0 6 6 0 6 6
6 0 0 6 0 0 6 0 0 6 6 0 6 0
6 6 0 6 6 0 6 6 0 6 6 0 6 6
6 0 0 6 6 0 6 0 0 6 6 0 6 6
6 6 0 6 6 0 6 6 0 6 6 0 6 6
6 0 0 6 0 0 6 0 0 6 0 0 6 6
6 6 0 6 6 0 6 6 0 6 6 0 6 6

Example 2 input (13x14):
7 7 0 7 7 0 7 7 0 7 7 0 7 7
7 7 0 7 0 0 7 7 0 7 0 0 7 7
7 7 0 7 7 0 7 7 0 7 7 0 7 7
7 0 0 7 0 0 7 0 0 7 0 0 7 7
7 7 0 7 7 0 7 7 0 7 7 0 7 7
7 7 0 7 0 0 7 7 0 7 7 0 7 7
7 7 0 7 7 0 7 7 0 7 7 0 7 7
7 0 0 7 7 0 7 7 0 7 7 0 7 0
7 7 0 7 7 0 7 7 0 7 7 0 7 7
7 0 0 7 0 0 7 7 0 7 0 0 7 7
7 7 0 7 7 0 7 7 0 7 7 0 7 7
7 7 0 7 0 0 7 7 0 7 0 0 7 0
7 7 0 7 7 0 7 7 0 7 7 0 7 7

Example 2 output (13x14):
7 7 0 7 7 0 7 7 0 7 7 0 7 7
7 0 0 7 0 0 7 7 0 7 7 0 7 7
7 7 0 7 7 0 7 7 0 7 7 0 7 7
7 0 0 7 0 0 7 0 0 7 7 0 7 0
7 7 0 7 7 0 7 7 0 7 7 0 7 7
7 0 0 7 7 0 7 7 0 7 7 0 7 7
7 7 0 7 7 0 7 7 0 7 7 0 7 7
7 7 0 7 7 0 7 0 0 7 0 0 7 7
7 7 0 7 7 0 7 7 0 7 7 0 7 7
7 0 0 7 0 0 7 0 0 7 7 0 7 7
7 7 0 7 7 0 7 7 0 7 7 0 7 7
7 0 0 7 0 0 7 7 0 7 0 0 7 7
7 7 0 7 7 0 7 7 0 7 7 0 7 7

Example 3 input (13x14):
1 1 0 1 1 0 1 1 0 1 1 0 1 1
1 0 0 1 1 0 1 0 0 1 0 0 1 1
1 1 0 1 1 0 1 1 0 1 1 0 1 1
1 0 0 1 0 0 1 0 0 1 0 0 1 1
1 1 0 1 1 0 1 1 0 1 1 0 1 1
1 1 0 1 0 0 1 0 0 1 0 0 1 1
1 1 0 1 1 0 1 1 0 1 1 0 1 1
1 1 0 1 0 0 1 0 0 1 1 0 1 0
1 1 0 1 1 0 1 1 0 1 1 0 1 1
1 1 0 1 0 0 1 0 0 1 0 0 1 1
1 1 0 1 1 0 1 1 0 1 1 0 1 1
1 1 0 1 1 0 1 0 0 1 0 0 1 1
1 1 0 1 1 0 1 1 0 1 1 0 1 1

Example 3 output (13x14):
1 1 0 1 1 0 1 1 0 1 1 0 1 1
1 0 0 1 0 0 1 1 0 1 0 0 1 1
1 1 0 1 1 0 1 1 0 1 1 0 1 1
1 0 0 1 0 0 1 0 0 1 0 0 1 1
1 1 0 1 1 0 1 1 0 1 1 0 1 1
1 0 0 1 0 0 1 0 0 1 1 0 1 1
1 1 0 1 1 0 1 1 0 1 1 0 1 1
1 0 0 1 1 0 1 0 0 1 1 0 1 0
1 1 0 1 1 0 1 1 0 1 1 0 1 1
1 0 0 1 0 0 1 0 0 1 1 0 1 1
1 1 0 1 1 0 1 1 0 1 1 0 1 1
1 0 0 1 0 0 1 1 0 1 1 0 1 1
1 1 0 1 1 0 1 1 0 1 1 0 1 1

Example 4 input (13x14):
1 1 0 1 1 0 1 1 0 1 1 0 1 1
1 0 0 1 0 0 1 1 0 1 0 0 1 0
1 1 0 1 1 0 1 1 0 1 1 0 1 1
1 0 0 1 1 0 1 0 0 1 0 0 1 0
1 1 0 1 1 0 1 1 0 1 1 0 1 1
1 1 0 1 1 0 1 1 0 1 0 0 1 0
1 1 0 1 1 0 1 1 0 1 1 0 1 1
1 1 0 1 1 0 1 1 0 1 0 0 1 0
1 1 0 1 1 0 1 1 0 1 1 0 1 1
1 1 0 1 1 0 1 0 0 1 0 0 1 1
1 1 0 1 1 0 1 1 0 1 1 0 1 1
1 1 0 1 1 0 1 0 0 1 0 0 1 0
1 1 0 1 1 0 1 1 0 1 1 0 1 1

Example 4 output (13x14):
1 1 0 1 1 0 1 1 0 1 1 0 1 1
1 0 0 1 0 0 1 1 0 1 0 0 1 0
1 1 0 1 1 0 1 1 0 1 1 0 1 1
1 0 0 1 0 0 1 0 0 1 0 0 1 1
1 1 0 1 1 0 1 1 0 1 1 0 1 1
1 0 0 1 0 0 1 1 0 1 1 0 1 1
1 1 0 1 1 0 1 1 0 1 1 0 1 1
1 0 0 1 0 0 1 1 0 1 1 0 1 1
1 1 0 1 1 0 1 1 0 1 1 0 1 1
1 0 0 1 1 0 1 0 0 1 1 0 1 1
1 1 0 1 1 0 1 1 0 1 1 0 1 1
1 0 0 1 0 0 1 0 0 1 1 0 1 1
1 1 0 1 1 0 1 1 0 1 1 0 1 1

Test input (13x14):
6 6 0 6 6 0 6 6 0 6 6 0 6 6
6 0 0 6 6 0 6 0 0 6 6 0 6 0
6 6 0 6 6 0 6 6 0 6 6 0 6 6
6 6 0 6 0 0 6 6 0 6 0 0 6 0
6 6 0 6 6 0 6 6 0 6 6 0 6 6
6 6 0 6 6 0 6 6 0 6 0 0 6 0
6 6 0 6 6 0 6 6 0 6 6 0 6 6
6 6 0 6 0 0 6 6 0 6 0 0 6 0
6 6 0 6 6 0 6 6 0 6 6 0 6 6
6 6 0 6 0 0 6 6 0 6 0 0 6 6
6 6 0 6 6 0 6 6 0 6 6 0 6 6
6 0 0 6 6 0 6 6 0 6 0 0 6 6
6 6 0 6 6 0 6 6 0 6 6 0 6 6
