Example 1 input (9x9):
0 0 0 0 0 0 0 0 0
0 0 0 0 0 0 0 0 0
0 0 3 0 0 6 0 0 0
0 0 0 2 2 0 0 0 0
0 0 0 2 2 0 0 0 0
0 0 8 0 0 7 0 0 0
0 0 0 0 0 0 0 0 0
0 0 0 0 0 0 0 0 0
0 0 0 0 0 0 0 0 0

Example 1 output (9x9):
8 0 0 0 0 0 0 3 0
0 8 0 0 0 0 3 0 0
0 0 8 0 0 3 0 0 0
0 0 0 2 2 0 0 0 0
0 0 0 2 2 0 0 0 0
0 0 7 0 0 6 0 0 0
0 7 0 0 0 0 6 0 0
7 0 0 0 0 0 0 6 0
0 0 0 0 0 0 0 0 6

Example 2 input (12x12):
0 0 0 0 0 0 8 0 0 6 0 0
0 0 0 0 0 0 0 2 2 0 0 0
0 0 0 0 0 0 0 2 2 0 0 0
0 0 0 0 0 0 3 0 0 7 0 0
0 0 0 0 0 0 0 0 6 0 0 7
0 0 0 0 0 0 0 0 0 2 2 0
0 0 0 0 0 0 0 0 0 2 2 0
0 8 0 0 3 0 0 0 3 0 0 8
0 0 2 2 0 0 0 0 0 0 0 0
0 0 2 2 0 0 0 0 0 0 0 0
0 7 0 0 6 0 0 0 0 0 0 0
0 0 0 0 0 0 0 0 0 0 0 0

Example 2 output (12x12):
0 0 0 0 3 0 3 0 0 8 0 8
0 0 0 0 0 3 0 2 2 0 8 0
0 0 0 0 0 0 3 2 2 8 0 0
0 0 0 0 0 0 7 3 8 6 0 0
0 0 0 0 0 7 0 8 3 0 6 6
0 0 0 0 7 0 8 0 0 2 2 6
7 0 0 7 0 8 0 0 0 2 2 0
0 7 7 0 8 0 0 0 8 0 0 7
0 0 2 2 0 0 0 8 0 0 0 0
0 0 2 2 0 0 8 0 0 0 0 0
0 6 0 0 3 8 0 0 0 0 0 0
6 0 0 0 8 3 0 0 0 0 0 0

Example 3 input (12x12):
0 0 0 0 0 0 6 0 0 7 0 0
0 0 0 0 0 0 0 2 2 0 0 0
8 0 0 7 0 0 0 2 2 0 0 0
0 2 2 0 0 0 8 0 0 3 0 0
0 2 2 0 0 0 0 0 0 0 0 0
6 0 0 3 0 0 0 0 0 0 0 0
0 0 0 0 0 0 6 0 0 7 0 0
0 0 0 0 0 0 0 2 2 0 0 0
0 0 0 0 0 0 0 2 2 0 0 0
0 0 0 0 0 0 3 0 0 8 0 0
0 0 0 0 0 0 0 0 0 0 0 0
0 0 0 0 0 0 0 0 0 0 0 0

Example 3 output (12x12):
3 0 0 0 0 8 8 0 0 6 0 0
0 3 0 0 8 0 0 2 2 0 0 0
6 0 3 8 0 0 0 2 2 0 0 0
0 2 2 3 0 0 3 0 0 7 0 0
0 2 2 0 3 3 0 0 0 0 7 6
3 0 0 7 3 3 0 0 0 0 6 7
0 0 0 3 7 0 3 0 0 6 0 0
0 0 3 0 0 7 0 2 2 0 0 0
0 3 0 0 0 0 7 2 2 0 0 0
3 0 0 0 0 0 8 7 0 7 0 0
0 0 0 0 0 8 0 0 7 0 7 0
0 0 0 0 8 0 0 0 0 7 0 7

Example 4 input (8x8):
3 0 0 7 0 0 0 0
0 2 2 0 0 0 0 0
0 2 2 0 0 0 0 0
6 0 0 8 0 0 0 0
0 0 0 6 0 0 7 0
0 0 0 0 2 2 0 0
0 0 0 0 2 2 0 0
0 0 0 8 0 0 3 0

Example 4 output (8x8):
6 0 0 3 0 0 0 0
0 2 2 0 0 0 0 0
0 2 2 0 0 0 0 0
8 0 8 7 0 0 0 6
0 0 0 8 7 0 6 0
0 0 0 0 2 2 0 0
0 0 0 0 2 2 0 0
0 0 0 3 0 0 7 0

Test input (8x8):
0 0 3 0 0 8 0 0
0 0 0 2 2 0 0 0
0 0 0 2 2 0 0 0
0 0 7 0 0 6 0 0
7 0 0 6 0 0 0 0
0 2 2 0 0 0 0 0
0 2 2 0 0 0 0 0
8 0 0 3 0 0 0 0
