Example 1 input (3x3):
0 5 0
5 5 5
0 5 0

Example 1 output (15x15):
0 0 0 0 0 0 0 5 0 0 0 0 0 0 0
0 0 0 0 0 0 5 5 5 0 0 0 0 0 0
0 0 0 0 0 0 0 5 0 0 0 0 0 0 0
0 0 0 0 0 0 5 5 5 0 0 0 0 0 0
0 0 0 0 0 0 5 5 5 0 0 0 0 0 0
0 0 0 0 0 0 5 5 5 0 0 0 0 0 0
0 5 0 5 5 5 5 5 5 5 5 5 0 5 0
5 5 5 5 5 5 5 5 5 5 5 5 5 5 5
0 5 0 5 5 5 5 5 5 5 5 5 0 5 0
0 0 0 0 0 0 5 5 5 0 0 0 0 0 0
0 0 0 0 0 0 5 5 5 0 0 0 0 0 0
0 0 0 0 0 0 5 5 5 0 0 0 0 0 0
0 0 0 0 0 0 0 5 0 0 0 0 0 0 0
0 0 0 0 0 0 5 5 5 0 0 0 0 0 0
0 0 0 0 0 0 0 5 0 0 0 0 0 0 0

Example 2 input (3x3):
0 5 0
5 5 0
0 0 5

Example 2 output (15x15):
0 0 0 0 0 0 0 5 0 0 0 0 0 0 0
0 0 0 0 0 0 5 5 0 0 0 0 0 0 0
0 0 0 0 0 0 0 0 5 0 0 0 0 0 0
0 0 0 0 0 0 5 5 5 0 0 0 0 0 0
0 0 0 0 0 0 5 5 5 0 0 0 0 0 0
0 0 0 0 0 0 5 5 5 0 0 0 0 0 0
0 5 0 5 5 5 5 5 5 0 0 0 0 0 0
5 5 0 5 5 5 5 5 5 0 0 0 0 0 0
0 0 5 5 5 5 5 5 5 0 0 0 0 0 0
0 0 0 0 0 0 0 0 0 5 5 5 0 5 0
0 0 0 0 0 0 0 0 0 5 5 5 5 5 0
0 0 0 0 0 0 0 0 0 5 5 5 0 0 5
0 0 0 0 0 0 0 0 0 0 5 0 0 0 0
0 0 0 0 0 0 0 0 0 5 5 0 0 0 0
0 0 0 0 0 0 0 0 0 0 0 5 0 0 0

Example 3 input (3x3):
5 0 0
0 5 0
0 0 5

Example 3 output (15x15):
0 0 0 5 0 0 0 0 0 0 0 0 0 0 0
0 0 0 0 5 0 0 0 0 0 0 0 0 0 0
0 0 0 0 0 5 0 0 0 0 0 0 0 0 0
5 0 0 5 5 5 0 0 0 0 0 0 0 0 0
0 5 0 5 5 5 0 0 0 0 0 0 0 0 0
0 0 5 5 5 5 0 0 0 0 0 0 0 0 0
0 0 0 0 0 0 5 5 5 0 0 0 0 0 0
0 0 0 0 0 0 5 5 5 0 0 0 0 0 0
0 0 0 0 0 0 5 5 5 0 0 0 0 0 0
0 0 0 0 0 0 0 0 0 5 5 5 5 0 0
0 0 0 0 0 0 0 0 0 5 5 5 0 5 0
0 0 0 0 0 0 0 0 0 5 5 5 0 0 5
0 0 0 0 0 0 0 0 0 5 0 0 0 0 0
0 0 0 0 0 0 0 0 0 0 5 0 0 0 0
0 0 0 0 0 0 0 0 0 0 0 5 0 0 0

Test input (3x3):
0 5 0
0 5 0
5 0 5
