Example 1 input (14x16):
0 0 0 0 0 0 0 0 0 0 0 0 0 0 0 0
0 0 0 0 0 4 2 0 0 0 0 0 0 0 0 0
0 0 0 4 4 4 2 0 0 0 0 0 0 0 0 0
0 0 0 4 4 4 2 0 0 8 0 0 0 0 0 0
0 0 0 4 4 4 2 0 0 0 0 0 0 0 0 0
0 0 0 0 4 4 2 0 0 0 0 0 0 0 0 0
0 0 0 0 0 4 2 0 0 0 0 0 0 0 0 0
0 0 0 0 0 0 0 0 0 0 0 0 0 0 0 0
0 0 0 0 0 0 0 0 0 0 0 0 0 0 0 0
0 0 0 0 0 0 0 0 0 0 4 2 0 0 0 0
0 0 0 0 0 0 0 0 0 4 0 2 0 3 0 0
0 0 0 0 0 0 0 4 4 0 4 2 0 0 0 0
0 0 0 0 0 0 0 0 4 4 0 2 0 0 0 0
0 0 0 0 0 0 0 0 0 0 0 0 0 0 0 0

Example 1 output (14x16):
0 0 0 0 0 0 0 0 0 0 0 0 0 0 0 0
0 0 0 0 0 4 2 8 0 0 0 0 0 0 0 0
0 0 0 4 4 4 2 8 8 8 0 0 0 0 0 0
0 0 0 4 4 4 2 8 8 8 0 0 0 0 0 0
0 0 0 4 4 4 2 8 8 8 0 0 0 0 0 0
0 0 0 0 4 4 2 8 8 0 0 0 0 0 0 0
0 0 0 0 0 4 2 8 0 0 0 0 0 0 0 0
0 0 0 0 0 0 0 0 0 0 0 0 0 0 0 0
0 0 0 0 0 0 0 0 0 0 0 0 0 0 0 0
0 0 0 0 0 0 0 0 0 0 4 2 3 0 0 0
0 0 0 0 0 0 0 0 0 4 0 2 0 3 0 0
0 0 0 0 0 0 0 4 4 0 4 2 3 0 3 3
0 0 0 0 0 0 0 0 4 4 0 2 0 3 3 0
0 0 0 0 0 0 0 0 0 0 0 0 0 0 0 0

Example 2 input (16x16):
0 0 0 0 0 0 0 0 0 0 0 0 0 0 0 0
0 0 0 0 0 0 2 0 0 0 4 0 0 0 0 0
0 0 0 0 0 0 2 0 4 4 0 4 0 0 0 0
0 0 0 0 0 0 2 4 4 4 4 0 0 0 0 0
0 0 0 0 0 0 2 4 4 0 0 0 0 0 0 0
0 0 0 0 5 0 2 4 4 4 0 0 0 0 0 0
0 0 0 0 0 0 2 4 0 0 0 0 0 0 0 0
0 0 0 0 0 0 0 0 0 0 0 0 0 0 0 0
0 0 0 0 0 0 0 0 0 0 0 0 0 0 0 0
0 0 0 0 0 0 0 0 0 0 0 0 0 0 0 0
0 0 0 0 0 0 0 0 0 0 0 0 0 0 0 0
0 0 0 0 4 2 0 0 0 0 0 0 0 0 0 0
0 0 4 4 4 2 0 0 0 0 0 0 0 0 0 0
4 4 4 0 4 2 0 0 0 7 0 0 0 0 0 0
0 4 4 4 0 2 0 0 0 0 0 0 0 0 0 0
0 0 0 0 0 0 0 0 0 0 0 0 0 0 0 0

Example 2 output (16x16):
0 0 0 0 0 0 0 0 0 0 0 0 0 0 0 0
0 0 5 0 0 0 2 0 0 0 4 0 0 0 0 0
0 5 0 5 5 0 2 0 4 4 0 4 0 0 0 0
0 0 5 5 5 5 2 4 4 4 4 0 0 0 0 0
0 0 0 0 5 5 2 4 4 0 0 0 0 0 0 0
0 0 0 5 5 5 2 4 4 4 0 0 0 0 0 0
0 0 0 0 0 5 2 4 0 0 0 0 0 0 0 0
0 0 0 0 0 0 0 0 0 0 0 0 0 0 0 0
0 0 0 0 0 0 0 0 0 0 0 0 0 0 0 0
0 0 0 0 0 0 0 0 0 0 0 0 0 0 0 0
0 0 0 0 0 0 0 0 0 0 0 0 0 0 0 0
0 0 0 0 4 2 7 0 0 0 0 0 0 0 0 0
0 0 4 4 4 2 7 7 7 0 0 0 0 0 0 0
4 4 4 0 4 2 7 0 7 7 7 0 0 0 0 0
0 4 4 4 0 2 0 7 7 7 0 0 0 0 0 0
0 0 0 0 0 0 0 0 0 0 0 0 0 0 0 0

Test input (16x18):
0 0 0 0 0 0 0 0 0 0 0 0 0 0 0 0 0 0
0 4 4 4 2 0 1 0 0 0 0 0 0 0 0 0 0 0
0 4 4 0 2 0 0 0 0 0 0 0 0 0 0 0 0 0
4 4 4 4 2 0 0 0 0 0 0 0 4 2 0 0 0 0
0 0 0 0 0 0 0 0 0 0 4 4 4 2 0 0 0 0
0 0 0 0 0 0 0 0 0 0 0 4 0 2 0 0 0 0
0 0 0 0 0 0 0 0 0 0 4 4 4 2 0 0 8 0
0 0 4 0 0 0 2 0 0 0 0 0 0 0 0 0 0 0
0 0 0 4 0 0 2 0 0 0 0 0 0 0 0 0 0 0
0 0 0 0 4 0 2 0 0 0 0 0 0 0 0 0 0 0
0 0 0 4 4 4 2 0 0 7 0 0 0 0 0 0 0 0
0 0 4 0 4 4 2 0 0 0 0 0 0 0 0 0 0 0
0 0 0 0 4 0 2 0 0 0 0 0 0 0 2 4 0 0
0 0 0 0 0 0 0 0 0 0 0 0 0 0 2 0 4 0
0 0 0 0 0 0 0 0 0 0 0 0 3 0 2 4 4 0
0 0 0 0 0 0 0 0 0 0 0 0 0 0 0 0 0 0
