Example 1 input (28x19):
0 0 0 7 0 0 0 0 7 0 7 0 0 0 0 0 0 0 0
0 0 0 0 0 0 7 7 7 0 0 0 0 0 0 0 0 0 0
0 0 7 0 7 0 0 0 0 0 0 0 0 0 0 0 0 0 0
0 7 0 0 0 0 0 0 0 0 0 0 0 0 0 0 0 0 0
7 0 0 0 0 0 0 7 7 7 7 7 7 0 0 0 0 0 0
0 0 0 0 0 0 0 0 0 0 0 0 0 0 0 0 0 0 0
0 0 0 0 7 0 0 0 0 0 0 0 0 0 0 0 0 0 0
0 0 0 0 0 7 0 0 0 0 0 7 7 7 7 7 0 0 0
0 0 0 0 0 0 0 0 0 0 0 0 0 0 0 0 0 0 0
0 0 0 0 0 0 0 7 0 0 0 0 7 0 7 0 0 0 0
7 0 0 7 0 0 0 0 0 0 0 0 0 0 0 0 0 7 0
0 7 0 0 0 0 0 7 7 7 7 7 7 7 0 0 0 0 0
0 7 0 0 7 0 0 0 0 0 0 0 0 0 0 0 0 0 0
0 0 0 0 0 0 0 0 0 0 0 0 0 0 0 0 0 0 0
0 0 0 7 7 0 0 0 7 0 0 0 0 0 7 7 0 0 0
0 0 0 0 0 0 0 0 0 0 0 0 0 0 0 0 0 0 0
0 0 7 0 0 0 0 0 0 0 7 0 0 0 0 0 0 0 0
0 0 0 0 0 0 0 0 0 0 0 0 0 0 7 0 0 0 0
0 0 0 7 7 7 7 7 0 0 0 0 0 0 0 0 0 0 0
0 0 0 0 0 0 0 0 0 0 0 0 0 0 0 0 0 0 0
0 0 0 0 0 0 0 7 0 0 0 7 7 7 7 0 0 0 0
0 0 0 0 0 0 0 0 0 0 0 0 0 0 0 0 0 0 0
0 0 0 0 0 0 0 0 0 0 0 0 0 0 0 0 0 0 0
0 7 7 7 7 7 7 0 0 0 0 0 0 0 0 0 0 7 0
0 0 0 0 0 0 0 0 0 7 0 0 0 0 0 0 0 0 0
0 0 0 7 0 0 0 0 0 0 0 7 0 0 7 7 7 7 0
0 0 0 0 0 0 0 0 0 0 0 0 0 0 0 0 0 0 0
0 6 0 0 0 0 0 0 0 0 0 0 0 0 0 0 0 0 0

Example 1 output (28x19):
0 0 0 7 0 0 0 0 7 0 7 0 0 0 0 0 6 0 0
0 0 0 0 0 0 7 7 7 0 0 0 0 0 0 0 2 0 0
0 0 7 0 7 0 0 0 0 0 0 0 0 0 0 0 2 0 0
0 7 0 0 0 0 0 0 0 0 0 0 0 0 0 0 2 0 0
7 0 0 0 0 0 0 7 7 7 7 7 7 0 0 0 2 0 0
0 0 0 0 0 0 0 0 0 0 0 0 0 0 0 0 2 0 0
0 0 0 0 7 0 0 0 0 0 0 0 0 0 0 0 2 0 0
0 0 0 0 0 7 0 0 0 0 0 7 7 7 7 8 2 0 0
0 0 0 0 0 0 0 0 0 0 0 0 0 0 0 4 3 0 0
0 0 0 0 0 0 0 7 0 0 0 0 7 0 8 2 0 0 0
7 0 0 7 0 0 0 0 0 0 0 0 0 0 4 3 0 7 0
0 7 0 0 0 0 0 7 7 8 7 7 7 7 2 0 0 0 0
0 7 0 0 7 0 0 0 0 4 2 2 2 2 3 0 0 0 0
0 0 0 0 0 0 0 0 0 2 0 0 0 0 0 0 0 0 0
0 0 0 7 7 0 0 0 8 2 0 0 0 0 7 7 0 0 0
0 0 0 0 0 0 0 0 4 3 0 0 0 0 0 0 0 0 0
0 0 7 0 0 0 0 0 2 0 7 0 0 0 0 0 0 0 0
0 0 0 0 0 0 0 0 2 0 0 0 0 0 7 0 0 0 0
0 0 0 7 7 7 7 7 2 0 0 0 0 0 0 0 0 0 0
0 0 0 0 0 0 0 0 2 0 0 0 0 0 0 0 0 0 0
0 0 0 0 0 0 0 8 2 0 0 7 7 7 7 0 0 0 0
0 0 0 0 0 0 0 4 3 0 0 0 0 0 0 0 0 0 0
0 0 0 0 0 0 0 2 0 0 0 0 0 0 0 0 0 0 0
0 8 7 7 7 7 7 2 0 0 0 0 0 0 0 0 0 7 0
0 4 2 2 2 2 2 3 0 7 0 0 0 0 0 0 0 0 0
0 2 0 7 0 0 0 0 0 0 0 7 0 0 7 7 7 7 0
0 2 0 0 0 0 0 0 0 0 0 0 0 0 0 0 0 0 0
0 6 0 0 0 0 0 0 0 0 0 0 0 0 0 0 0 0 0

Example 2 input (28x29):
0 0 7 0 0 0 0 0 7 0 0 0 0 0 0 0 0 7 7 0 7 0 0 0 0 0 0 0 0
0 0 0 0 0 0 0 0 0 0 7 0 0 0 0 0 0 0 0 0 0 0 0 0 0 0 0 0 0
7 0 0 7 0 0 0 0 0 0 0 0 0 0 0 0 0 0 0 0 0 7 7 7 7 7 0 0 0
0 7 7 0 0 0 0 7 0 0 0 0 0 0 7 0 0 0 0 0 0 0 7 0 0 0 0 0 7
0 0 0 0 7 0 0 7 7 7 7 7 0 7 7 7 0 0 0 0 7 0 0 0 0 0 0 0 0
0 0 0 7 0 0 0 0 0 0 0 0 0 7 0 0 0 0 0 0 0 0 0 0 0 0 0 0 0
0 0 0 0 0 0 0 0 0 0 0 7 0 0 0 0 0 0 7 0 0 0 0 7 7 0 0 0 0
0 0 0 0 0 0 0 7 0 0 0 0 0 7 0 0 0 0 0 0 0 0 0 0 0 0 0 0 7
7 0 0 0 0 0 0 0 0 0 0 0 0 0 0 0 0 0 7 0 7 0 0 0 0 0 0 0 0
0 0 0 0 0 0 0 0 0 0 0 0 0 0 0 0 0 0 0 7 0 0 0 0 0 0 7 0 0
0 0 0 0 0 7 0 0 0 0 0 0 7 7 0 0 0 0 0 0 0 0 0 0 7 7 7 0 0
7 0 0 0 0 0 7 7 7 0 0 0 0 0 0 0 0 0 7 0 0 0 0 0 0 0 0 0 0
0 0 0 0 0 0 0 0 0 0 0 0 0 0 7 7 0 0 0 0 0 0 0 0 0 0 0 0 0
7 7 0 0 0 0 0 0 0 7 0 0 0 0 0 0 0 0 0 0 0 0 0 0 7 7 7 7 7
0 0 0 0 0 0 0 0 0 0 0 0 0 0 0 0 0 0 0 0 0 0 0 0 0 0 0 0 0
0 0 0 7 7 7 0 0 0 0 0 0 0 7 0 0 0 0 0 0 0 0 0 0 0 0 0 0 0
0 0 0 0 0 0 0 0 0 0 0 7 7 7 7 0 0 0 0 0 0 0 0 0 0 0 0 0 0
0 0 0 0 0 0 0 7 0 0 0 0 0 0 0 0 0 0 0 0 0 0 0 0 0 7 0 0 0
0 0 0 0 0 0 0 0 0 0 0 0 0 0 0 0 0 0 0 0 0 0 0 0 0 0 0 0 0
0 0 7 0 0 0 0 0 0 0 0 7 7 7 0 0 7 0 0 0 0 0 7 0 7 0 0 7 0
0 0 0 7 0 0 0 0 0 0 0 0 0 0 0 0 7 7 7 7 7 0 0 0 0 0 0 0 0
0 0 0 0 0 0 0 0 0 0 7 0 0 0 0 0 0 0 0 0 0 0 0 0 0 0 7 0 0
0 0 0 0 0 0 7 0 0 7 0 0 0 7 7 7 0 0 0 0 0 0 0 0 0 0 0 0 0
7 0 0 7 7 7 0 7 0 0 0 0 7 0 0 0 0 0 0 0 0 7 7 0 0 0 0 0 0
0 0 7 0 0 0 0 0 0 7 0 0 0 0 0 0 0 0 0 0 0 0 0 7 0 0 0 0 0
0 0 7 0 0 0 0 0 0 0 0 0 0 0 0 0 0 7 0 0 0 0 0 7 0 0 0 0 0
7 0 0 0 0 0 0 7 0 0 0 0 0 0 0 0 0 0 7 0 0 0 7 7 7 0 0 0 0
0 0 6 0 0 0 7 0 0 0 0 6 0 0 0 0 0 0 0 0 7 0 0 0 0 0 0 7 0

Example 2 output (28x29):
0 0 7 0 0 0 0 0 7 0 0 0 0 0 0 0 6 7 7 0 7 0 0 0 0 0 0 0 0
0 0 0 0 0 0 0 0 0 0 7 0 0 0 0 0 2 0 0 0 0 0 0 0 0 0 0 0 0
7 0 0 7 0 0 0 0 0 0 0 0 0 0 0 0 2 0 0 0 0 7 7 7 7 7 0 0 0
0 7 7 0 0 0 0 7 0 0 0 0 0 0 7 0 2 0 0 0 0 0 7 0 0 0 0 0 7
0 0 0 0 7 0 0 7 7 7 7 7 0 7 7 7 2 0 0 0 7 0 0 0 0 0 0 0 0
0 0 0 7 0 0 0 0 0 0 0 0 0 7 0 0 2 0 0 0 0 0 0 0 0 0 0 0 0
0 0 0 0 0 0 0 0 0 0 0 7 0 0 0 0 2 0 7 0 0 0 0 7 7 0 0 0 0
0 0 0 0 0 0 0 7 0 0 0 0 0 7 0 0 2 0 0 0 0 0 0 0 0 0 0 0 7
7 0 0 0 0 0 0 0 0 0 0 0 0 0 0 0 2 0 7 0 7 0 0 0 0 0 0 0 0
0 0 0 0 0 0 0 0 0 0 0 0 0 0 0 0 2 0 0 7 0 0 0 0 0 0 7 0 0
0 0 0 0 0 7 0 0 0 0 0 0 7 7 0 0 2 0 0 0 0 0 0 0 7 7 7 0 0
7 0 0 0 0 0 7 7 7 0 0 0 0 0 0 0 2 0 7 0 0 0 0 0 0 0 0 0 0
0 0 0 0 0 0 0 0 0 0 0 0 0 0 7 8 2 0 0 0 0 0 0 0 0 0 0 0 0
7 7 0 0 0 0 0 0 0 7 0 0 0 0 0 4 3 0 0 0 0 0 0 0 7 7 7 7 7
0 0 0 0 0 0 0 0 0 0 0 0 0 0 0 2 0 0 0 0 0 0 0 0 0 0 0 0 0
0 0 0 7 7 7 0 0 0 0 0 0 0 7 0 2 0 0 0 0 0 0 0 0 0 0 0 0 0
0 0 0 0 0 0 0 0 0 0 0 7 7 7 8 2 0 0 0 0 0 0 0 0 0 0 0 0 0
0 0 0 0 0 0 0 7 0 0 0 0 0 0 4 3 0 0 0 0 0 0 0 0 0 7 0 0 0
0 0 0 0 0 0 0 0 0 0 0 0 0 0 2 0 0 0 0 0 0 0 0 0 0 0 0 0 0
0 0 7 0 0 0 0 0 0 0 0 8 7 7 2 0 7 0 0 0 0 0 7 0 7 0 0 7 0
0 0 0 7 0 0 0 0 0 0 0 4 2 2 3 0 7 7 7 7 7 0 0 0 0 0 0 0 0
0 0 0 0 0 0 0 0 0 0 7 2 0 0 0 0 0 0 0 0 0 0 0 0 0 0 7 0 0
0 0 0 0 0 0 7 0 0 7 0 2 0 7 7 7 0 0 0 0 0 0 0 0 0 0 0 0 0
7 0 0 8 7 7 6 7 0 0 0 2 7 0 0 0 0 0 0 0 0 7 7 0 0 0 0 0 0
0 0 7 4 2 2 3 0 0 7 0 2 0 0 0 0 0 0 0 0 0 0 0 7 0 0 0 0 0
0 0 8 2 0 0 0 0 0 0 0 2 0 0 0 0 0 7 0 0 0 0 0 7 0 0 0 0 0
7 0 4 3 0 0 0 7 0 0 0 2 0 0 0 0 0 0 7 0 0 0 7 7 7 0 0 0 0
0 0 6 0 0 0 7 0 0 0 0 6 0 0 0 0 0 0 0 0 7 0 0 0 0 0 0 7 0

Example 3 input (23x20):
0 0 0 0 0 0 0 0 0 0 0 0 0 0 0 0 0 0 0 0
0 0 0 0 0 0 0 0 0 0 0 0 0 0 0 0 0 0 0 0
0 0 0 0 0 0 0 0 0 0 0 0 0 0 0 0 0 0 0 0
0 0 0 0 0 0 0 0 0 0 0 0 0 0 0 0 0 0 0 0
0 0 0 0 0 0 0 0 0 0 7 7 7 7 7 7 0 0 0 0
0 0 0 0 0 0 0 0 0 0 0 0 0 0 0 0 0 0 0 0
0 0 0 0 0 0 0 0 0 0 0 0 0 0 0 0 0 0 0 0
0 0 0 0 0 0 0 0 0 0 0 0 0 0 0 0 0 0 0 0
0 0 0 0 0 0 0 0 0 0 0 0 0 0 0 0 0 0 0 0
0 0 0 0 0 0 0 7 7 7 7 7 0 0 0 0 0 0 0 0
0 0 0 0 0 0 0 0 0 0 0 0 0 0 0 0 0 0 0 0
0 0 0 0 0 0 0 0 0 0 0 0 0 0 0 0 0 0 0 0
0 0 0 0 0 0 0 0 0 0 0 0 7 7 7 7 7 7 0 0
0 0 0 0 0 0 0 0 0 0 0 0 0 0 0 0 0 0 0 0
0 0 0 0 0 0 0 0 0 0 0 0 0 0 0 0 0 0 0 0
0 7 7 7 7 7 7 7 0 0 0 0 0 0 0 0 0 0 0 0
0 0 0 0 0 0 0 0 0 0 0 0 0 0 0 0 0 0 0 0
0 0 0 0 0 0 0 0 0 0 7 7 7 7 0 0 0 0 0 0
0 0 0 0 0 0 0 0 0 0 0 0 0 0 0 0 0 0 0 0
0 0 0 0 0 0 0 0 0 0 0 0 0 0 0 0 0 0 0 0
0 0 0 0 0 0 0 7 7 7 0 0 0 0 0 0 0 0 0 0
0 0 0 0 0 0 0 0 0 0 0 0 0 0 0 0 0 0 0 0
0 0 0 0 6 0 0 0 6 0 0 0 0 0 0 0 0 0 0 0

Example 3 output (23x20):
0 0 0 0 0 0 0 0 0 0 0 0 0 0 0 0 6 0 6 0
0 0 0 0 0 0 0 0 0 0 0 0 0 0 0 0 2 0 2 0
0 0 0 0 0 0 0 0 0 0 0 0 0 0 0 0 2 0 2 0
0 0 0 0 0 0 0 0 0 0 0 0 0 0 0 0 2 0 2 0
0 0 0 0 0 0 0 0 0 0 7 7 8 7 7 7 2 0 2 0
0 0 0 0 0 0 0 0 0 0 0 0 4 2 2 2 3 0 2 0
0 0 0 0 0 0 0 0 0 0 0 0 2 0 0 0 0 0 2 0
0 0 0 0 0 0 0 0 0 0 0 0 2 0 0 0 0 0 2 0
0 0 0 0 0 0 0 0 0 0 0 0 2 0 0 0 0 0 2 0
0 0 0 0 0 0 0 7 8 7 7 7 2 0 0 0 0 0 2 0
0 0 0 0 0 0 0 0 4 2 2 2 3 0 0 0 0 0 2 0
0 0 0 0 0 0 0 0 2 0 0 0 0 0 0 0 0 0 2 0
0 0 0 0 0 0 0 0 2 0 0 0 7 7 8 7 7 7 2 0
0 0 0 0 0 0 0 0 2 0 0 0 0 0 4 2 2 2 3 0
0 0 0 0 0 0 0 0 2 0 0 0 0 0 2 0 0 0 0 0
0 7 7 7 8 7 7 7 2 0 0 0 0 0 2 0 0 0 0 0
0 0 0 0 4 2 2 2 3 0 0 0 0 0 2 0 0 0 0 0
0 0 0 0 2 0 0 0 0 0 8 7 7 7 2 0 0 0 0 0
0 0 0 0 2 0 0 0 0 0 4 2 2 2 3 0 0 0 0 0
0 0 0 0 2 0 0 0 0 0 2 0 0 0 0 0 0 0 0 0
0 0 0 0 2 0 0 7 8 7 2 0 0 0 0 0 0 0 0 0
0 0 0 0 2 0 0 0 4 2 3 0 0 0 0 0 0 0 0 0
0 0 0 0 6 0 0 0 6 0 0 0 0 0 0 0 0 0 0 0

Example 4 input (17x10):
0 0 0 0 0 0 0 0 0 0
0 0 0 0 0 0 0 0 0 0
0 0 0 0 0 0 0 0 0 0
0 0 0 0 0 0 0 0 0 0
0 0 0 0 0 0 0 0 0 0
0 0 0 0 7 7 7 0 0 0
0 0 0 7 7 0 7 0 0 0
0 0 0 0 0 0 0 0 0 0
0 0 0 0 0 0 0 0 0 0
0 0 0 0 0 0 0 0 0 0
0 0 0 0 0 0 0 0 0 0
0 7 7 7 7 0 0 0 0 0
0 0 0 0 0 0 0 0 0 0
0 0 0 0 0 0 0 0 0 0
0 0 0 0 0 0 0 0 0 0
0 0 0 0 0 0 0 0 0 0
0 0 6 0 0 0 0 0 0 0

Example 4 output (17x10):
0 0 0 0 0 0 0 0 0 0
0 0 0 0 0 0 0 0 0 0
0 0 0 0 0 0 0 0 0 0
0 0 0 0 0 0 0 0 0 0
0 0 0 0 0 0 0 0 0 0
0 0 0 0 7 7 7 0 0 0
0 0 0 7 7 6 7 0 0 0
0 0 0 0 0 2 0 0 0 0
0 0 0 0 0 2 0 0 0 0
0 0 0 0 0 2 0 0 0 0
0 0 0 0 0 2 0 0 0 0
0 7 8 7 7 2 0 0 0 0
0 0 4 2 2 3 0 0 0 0
0 0 2 0 0 0 0 0 0 0
0 0 2 0 0 0 0 0 0 0
0 0 2 0 0 0 0 0 0 0
0 0 6 0 0 0 0 0 0 0

Test input (27x25):
0 0 7 0 0 7 0 0 0 0 0 0 0 0 0 0 0 0 0 0 7 0 0 0 0
0 0 0 0 0 0 0 0 0 0 0 0 0 7 0 0 0 0 0 0 7 0 0 0 0
0 0 7 0 0 0 0 0 0 0 0 0 7 0 7 0 0 0 0 0 0 0 0 0 0
0 0 0 0 0 0 0 7 0 7 0 7 0 0 0 7 0 0 7 7 7 7 7 0 0
0 0 7 0 0 0 0 0 0 7 0 7 0 0 7 7 0 0 0 0 0 0 0 0 0
0 0 0 0 0 0 0 0 0 0 0 0 0 0 0 0 0 0 0 0 0 0 0 0 0
0 0 7 7 7 7 0 0 0 7 0 0 0 0 0 0 0 0 0 0 0 0 0 0 0
0 0 0 0 0 0 0 0 7 0 0 0 7 7 7 0 0 0 0 0 0 0 0 0 0
0 0 0 0 0 0 0 0 0 0 0 0 0 0 0 0 0 0 0 0 0 0 0 0 0
0 0 0 0 0 0 0 0 0 0 0 0 0 0 0 7 7 7 7 7 7 0 0 0 0
0 0 0 0 0 0 0 0 0 0 0 0 0 0 7 0 0 0 0 0 0 0 0 0 0
7 0 0 0 0 0 0 0 0 0 0 0 0 0 0 0 0 0 0 0 0 0 0 0 0
0 0 7 0 0 0 0 7 7 7 7 0 0 0 0 0 0 0 0 0 7 0 0 0 0
0 0 0 0 0 7 0 0 0 0 0 0 0 0 0 0 0 0 0 0 0 0 0 0 0
7 0 0 0 0 0 0 0 0 0 0 0 0 0 0 7 0 0 0 0 0 0 0 0 0
0 0 0 0 0 0 0 0 0 0 0 0 0 0 0 0 0 0 0 0 0 0 0 0 0
0 0 0 7 0 0 0 0 0 0 0 0 0 0 0 0 0 0 0 0 0 0 0 0 0
0 0 0 0 0 0 0 0 7 7 7 7 0 0 0 0 7 0 0 0 0 0 0 7 0
0 0 0 0 0 7 0 0 0 0 0 0 0 0 0 0 0 0 0 0 0 0 7 0 0
0 0 0 0 0 0 0 0 0 0 7 0 0 0 0 0 0 0 0 0 0 0 0 0 0
0 0 0 0 0 0 0 0 0 0 0 0 0 0 0 0 0 0 0 0 0 0 0 0 0
0 7 0 0 0 0 0 0 0 0 0 0 0 0 0 0 7 0 7 0 7 7 7 7 0
0 0 0 0 0 0 7 0 0 0 0 0 0 0 0 0 0 0 0 0 0 0 0 0 0
0 0 0 0 0 0 0 0 0 0 0 7 0 0 0 0 0 0 7 0 0 0 0 0 0
0 0 0 0 0 0 0 0 0 0 0 0 0 0 0 0 7 0 0 0 0 0 0 0 0
0 0 0 0 0 0 0 0 0 0 0 0 0 0 0 0 0 0 0 0 7 0 0 0 0
0 0 6 0 0 0 0 6 0 7 0 0 0 0 7 0 0 0 6 0 0 7 0 0 0
