Example 1 input (13x12):
0 0 1 0 1 0 0 1 1 0 1 1
1 0 1 0 1 1 0 1 1 1 0 1
1 0 0 0 3 0 0 1 0 0 0 0
0 0 1 3 1 3 0 0 0 0 0 0
1 0 3 1 1 1 3 0 1 0 1 0
1 1 0 1 1 0 0 1 1 0 1 0
1 1 0 1 0 0 0 1 1 0 0 0
0 0 1 1 1 0 1 0 1 0 0 0
0 0 0 0 0 3 0 1 0 0 0 0
0 0 0 0 3 0 3 0 1 0 1 0
0 0 0 3 1 0 1 1 0 0 1 0
1 0 3 1 0 1 0 0 1 0 0 1
0 0 1 0 1 0 1 0 0 1 0 1

Example 1 output (13x12):
0 0 1 0 1 0 0 1 1 0 1 1
1 0 1 0 1 1 0 1 1 1 0 1
1 0 0 0 3 0 0 1 0 0 0 0
0 0 1 3 8 3 0 0 0 0 0 0
1 0 3 8 8 8 3 0 1 0 1 0
1 1 0 1 1 0 0 1 1 0 1 0
1 1 0 1 0 0 0 1 1 0 0 0
0 0 1 1 1 0 1 0 1 0 0 0
0 0 0 0 0 3 0 1 0 0 0 0
0 0 0 0 3 8 3 0 1 0 1 0
0 0 0 3 8 8 8 8 0 0 1 0
1 0 3 8 8 8 8 8 8 0 0 1
0 0 1 0 1 0 1 0 0 1 0 1

Example 2 input (15x12):
1 0 1 0 1 0 1 1 0 1 0 0
1 0 0 1 1 0 1 1 0 0 1 1
1 0 0 0 0 0 3 0 1 0 1 1
1 0 0 1 0 3 0 1 1 1 1 1
1 1 1 0 3 1 0 0 1 0 1 1
0 1 1 3 1 1 1 1 0 1 0 0
0 1 0 0 3 1 0 0 1 0 0 1
1 1 1 1 1 3 0 0 1 0 0 1
0 0 1 0 0 1 3 0 1 0 1 1
1 0 0 1 0 1 1 0 1 0 1 0
1 1 1 1 0 0 1 0 1 1 1 0
1 1 0 1 1 0 1 0 0 1 0 0
0 1 0 0 3 1 1 0 0 0 0 1
0 1 0 1 1 1 1 1 0 0 1 1
0 1 3 0 0 0 3 0 0 1 1 1

Example 2 output (15x12):
1 0 1 0 1 0 1 1 0 1 0 0
1 0 0 1 1 0 1 1 0 0 1 1
1 0 0 0 0 0 3 0 1 0 1 1
1 0 0 1 0 3 8 1 1 1 1 1
1 1 1 0 3 8 8 0 1 0 1 1
0 1 1 3 8 8 8 1 0 1 0 0
0 1 0 0 3 8 8 0 1 0 0 1
1 1 1 1 1 3 8 0 1 0 0 1
0 0 1 0 0 1 3 0 1 0 1 1
1 0 0 1 0 1 1 0 1 0 1 0
1 1 1 1 0 0 1 0 1 1 1 0
1 1 0 1 1 0 1 0 0 1 0 0
0 1 0 0 3 1 1 0 0 0 0 1
0 1 0 8 8 8 1 1 0 0 1 1
0 1 3 8 8 8 3 0 0 1 1 1

Example 3 input (15x16):
1 1 0 0 0 0 0 0 0 1 1 0 1 1 1 1
1 0 0 1 1 0 0 1 1 1 1 1 1 1 1 1
1 1 1 0 0 3 1 0 1 1 0 0 0 0 1 0
0 0 0 0 3 1 3 0 1 1 0 0 1 1 1 0
0 1 0 3 1 1 1 1 0 1 0 1 1 1 0 0
1 0 0 0 1 0 1 0 1 1 0 0 1 1 1 1
0 1 0 0 1 1 0 1 1 0 1 1 0 1 0 1
1 0 1 1 0 1 1 1 0 0 0 0 1 0 0 0
1 0 0 1 0 0 1 1 3 0 0 0 3 1 1 0
0 1 0 1 1 0 1 3 1 1 1 0 0 3 1 3
1 0 0 0 0 1 3 0 0 0 0 1 0 0 3 0
0 0 1 0 1 3 1 1 1 1 0 0 0 0 0 0
1 1 0 1 1 1 3 0 0 1 1 1 1 0 0 0
0 0 0 1 1 1 1 1 1 0 0 0 0 1 1 1
0 1 1 1 0 0 1 1 3 1 0 1 0 1 1 1

Example 3 output (15x16):
1 1 0 0 0 0 0 0 0 1 1 0 1 1 1 1
1 0 0 1 1 0 0 1 1 1 1 1 1 1 1 1
1 1 1 0 0 3 1 0 1 1 0 0 0 0 1 0
0 0 0 0 3 8 3 0 1 1 0 0 1 1 1 0
0 1 0 3 8 8 8 8 0 1 0 1 1 1 0 0
1 0 0 0 1 0 1 0 1 1 0 0 1 1 1 1
0 1 0 0 1 1 0 1 1 0 1 1 0 1 0 1
1 0 1 1 0 1 1 1 0 0 0 0 1 0 0 0
1 0 0 1 0 0 1 1 3 0 0 0 3 8 8 8
0 1 0 1 1 0 1 3 8 1 1 0 0 3 8 3
1 0 0 0 0 1 3 8 8 0 0 1 0 0 3 0
0 0 1 0 1 3 8 8 8 1 0 0 0 0 0 0
1 1 0 1 1 1 3 8 8 1 1 1 1 0 0 0
0 0 0 1 1 1 1 8 8 0 0 0 0 1 1 1
0 1 1 1 0 0 1 1 3 1 0 1 0 1 1 1

Test input (15x18):
0 0 1 1 1 0 0 1 0 0 0 1 0 0 1 0 1 0
1 0 1 3 1 1 0 1 0 1 0 0 1 1 1 1 1 0
0 0 1 1 1 0 0 0 0 0 1 1 1 0 1 1 0 0
0 3 0 1 0 3 1 0 1 1 0 1 0 3 1 0 0 3
0 1 1 0 1 0 1 0 0 1 1 1 1 0 3 0 3 0
0 1 1 1 1 0 1 1 0 1 1 0 1 1 1 3 1 0
0 0 1 1 0 0 0 0 0 1 1 1 1 0 0 0 0 0
1 0 1 1 0 1 0 0 1 0 1 0 0 1 1 0 1 0
1 1 0 1 1 1 1 0 0 1 1 0 1 1 0 0 0 0
1 3 0 0 1 1 0 1 0 3 0 0 0 0 0 0 0 0
0 1 3 0 0 0 1 1 3 0 1 1 0 1 0 0 1 0
0 0 0 3 0 1 1 3 0 1 0 0 1 1 1 0 1 0
0 0 3 1 1 0 3 0 0 1 0 1 0 1 1 0 0 0
0 1 1 0 0 1 1 3 1 0 1 1 1 1 1 0 1 0
1 1 1 1 1 0 1 0 1 1 0 0 0 0 0 1 0 1
