Example 1 input (3x3):
0 0 0
0 4 0
0 0 0

Example 1 output (9x9):
4 0 4 4 4 4 4 4 4
4 0 4 0 0 0 0 0 4
4 0 4 0 4 4 4 0 4
4 0 4 0 4 0 4 0 4
4 0 4 0 4 0 4 0 4
4 0 4 0 0 0 4 0 4
4 0 4 4 4 4 4 0 4
4 0 0 0 0 0 0 0 4
4 4 4 4 4 4 4 4 4

Example 2 input (3x3):
0 0 0
5 0 0
0 0 0

Example 2 output (9x9):
5 5 5 5 5 0 5 0 5
0 0 0 0 5 0 5 0 5
5 5 5 0 5 0 5 0 5
5 0 5 0 5 0 5 0 5
5 0 5 0 5 0 5 0 5
0 0 5 0 5 0 5 0 5
5 5 5 0 5 0 5 0 5
0 0 0 0 5 0 5 0 5
5 5 5 5 5 0 5 0 5

Example 3 input (3x3):
0 3 0
0 0 0
0 0 0

Example 3 output (9x9):
3 0 3 0 3 0 3 0 3
3 0 3 0 0 0 3 0 3
3 0 3 3 3 3 3 0 3
3 0 0 0 0 0 0 0 3
3 3 3 3 3 3 3 3 3
0 0 0 0 0 0 0 0 0
3 3 3 3 3 3 3 3 3
0 0 0 0 0 0 0 0 0
3 3 3 3 3 3 3 3 3

Example 4 input (3x3):
0 0 0
0 0 8
0 0 0

Example 4 output (9x9):
8 0 8 0 8 0 8 8 8
8 0 8 0 8 0 8 0 0
8 0 8 0 8 0 8 0 8
8 0 8 0 8 0 8 0 8
8 0 8 0 8 0 8 0 8
8 0 8 0 8 0 8 0 0
8 0 8 0 8 0 8 8 8
8 0 8 0 8 0 0 0 0
8 0 8 0 8 8 8 8 8

Example 5 input (3x3):
0 0 7
0 0 0
0 0 0

Example 5 output (9x9):
7 0 7 0 7 0 7 0 7
7 0 7 0 7 0 7 0 0
7 0 7 0 7 0 7 7 7
7 0 7 0 7 0 0 0 0
7 0 7 0 7 7 7 7 7
7 0 7 0 0 0 0 0 0
7 0 7 7 7 7 7 7 7
7 0 0 0 0 0 0 0 0
7 7 7 7 7 7 7 7 7

Test 1 input (3x3):
0 0 0
0 0 0
0 0 6

Test 2 input (3x3):
0 0 0
0 0 0
3 0 0
