Example 1 input (12x15):
0 0 0 0 0 0 0 0 0 0 0 0 0 0 0
0 2 2 2 2 2 2 2 2 0 0 0 0 0 0
0 2 1 2 2 2 2 2 2 0 0 0 0 0 0
0 2 2 2 2 2 2 2 2 0 0 0 0 0 0
0 2 2 2 2 2 2 2 2 0 0 0 0 0 0
0 2 2 2 2 2 2 2 2 0 0 0 0 0 0
0 2 2 2 2 2 2 2 2 0 0 0 0 0 0
0 2 2 2 2 2 2 2 2 0 0 0 0 0 0
0 0 0 0 0 0 0 0 0 0 0 0 0 0 0
0 0 0 0 0 0 0 0 0 0 0 0 0 0 0
0 0 0 0 0 0 0 0 0 0 0 0 0 0 0
0 0 0 0 0 0 0 0 0 0 0 0 0 0 0

Example 1 output (12x15):
0 0 0 0 0 0 0 0 0 0 0 0 0 0 0
0 2 2 2 2 2 2 2 2 0 0 0 0 0 0
0 2 1 0 0 0 0 1 2 0 0 0 0 0 0
0 2 0 1 0 0 1 0 2 0 0 0 0 0 0
0 2 0 0 1 1 0 0 2 0 0 0 0 0 0
0 2 0 1 0 0 1 0 2 0 0 0 0 0 0
0 2 1 0 0 0 0 1 2 0 0 0 0 0 0
0 2 2 2 2 2 2 2 2 0 0 0 0 0 0
0 0 0 0 0 0 0 0 0 0 0 0 0 0 0
0 0 0 0 0 0 0 0 0 0 0 0 0 0 0
0 0 0 0 0 0 0 0 0 0 0 0 0 0 0
0 0 0 0 0 0 0 0 0 0 0 0 0 0 0

Example 2 input (13x14):
0 0 0 0 0 0 0 0 0 0 0 0 0 0
0 0 3 3 3 3 3 3 3 3 3 0 0 0
0 0 3 3 3 3 3 3 3 6 3 0 0 0
0 0 3 3 3 3 3 3 3 3 3 0 0 0
0 0 3 3 3 3 3 3 3 3 3 0 0 0
0 0 3 3 3 3 3 3 3 3 3 0 0 0
0 0 3 3 3 3 3 3 3 3 3 0 0 0
0 0 3 3 3 3 3 3 3 3 3 0 0 0
0 0 3 3 3 3 3 3 3 3 3 0 0 0
0 0 3 3 3 3 3 3 3 3 3 0 0 0
0 0 3 3 3 3 3 3 3 3 3 0 0 0
0 0 0 0 0 0 0 0 0 0 0 0 0 0
0 0 0 0 0 0 0 0 0 0 0 0 0 0

Example 2 output (13x14):
0 0 0 0 0 0 0 0 0 0 0 0 0 0
0 0 3 3 3 3 3 3 3 3 3 0 0 0
0 0 3 6 0 0 0 0 0 6 3 0 0 0
0 0 3 0 6 0 0 0 6 0 3 0 0 0
0 0 3 0 0 6 0 6 0 0 3 0 0 0
0 0 3 0 0 0 6 0 0 0 3 0 0 0
0 0 3 0 0 0 6 0 0 0 3 0 0 0
0 0 3 0 0 6 0 6 0 0 3 0 0 0
0 0 3 0 6 0 0 0 6 0 3 0 0 0
0 0 3 6 0 0 0 0 0 6 3 0 0 0
0 0 3 3 3 3 3 3 3 3 3 0 0 0
0 0 0 0 0 0 0 0 0 0 0 0 0 0
0 0 0 0 0 0 0 0 0 0 0 0 0 0

Example 3 input (17x18):
0 0 0 0 0 0 0 0 0 0 0 0 0 0 0 0 0 0
0 0 1 1 1 1 1 1 1 0 0 3 3 3 3 3 3 0
0 0 1 1 1 1 1 1 1 0 0 3 3 3 3 2 3 0
0 0 1 1 1 1 1 1 1 0 0 3 3 3 3 3 3 0
0 0 1 1 1 1 1 1 1 0 0 3 3 3 3 3 3 0
0 0 1 1 1 1 1 1 1 0 0 3 3 3 3 3 3 0
0 0 1 1 1 1 1 2 1 0 0 3 3 3 3 3 3 0
0 0 1 1 1 1 1 1 1 0 0 0 0 0 0 0 0 0
0 0 0 0 0 0 0 0 0 0 0 0 0 0 0 0 0 0
0 0 0 0 0 0 4 4 4 4 4 4 4 4 4 4 4 0
0 0 0 0 0 0 4 4 4 4 4 4 4 4 4 4 4 0
0 0 0 0 0 0 4 4 4 4 4 4 4 4 4 4 4 0
0 0 0 0 0 0 4 4 4 4 4 4 4 4 4 4 4 0
0 0 0 0 0 0 4 4 4 4 4 4 4 4 4 4 4 0
0 0 0 0 0 0 4 3 4 4 4 4 4 4 4 4 4 0
0 0 0 0 0 0 4 4 4 4 4 4 4 4 4 4 4 0
0 0 0 0 0 0 0 0 0 0 0 0 0 0 0 0 0 0

Example 3 output (17x18):
0 0 0 0 0 0 0 0 0 0 0 0 0 0 0 0 0 0
0 0 1 1 1 1 1 1 1 0 0 3 3 3 3 3 3 0
0 0 1 2 0 0 0 2 1 0 0 3 2 0 0 2 3 0
0 0 1 0 2 0 2 0 1 0 0 3 0 2 2 0 3 0
0 0 1 0 0 2 0 0 1 0 0 3 0 2 2 0 3 0
0 0 1 0 2 0 2 0 1 0 0 3 2 0 0 2 3 0
0 0 1 2 0 0 0 2 1 0 0 3 3 3 3 3 3 0
0 0 1 1 1 1 1 1 1 0 0 0 0 0 0 0 0 0
0 0 0 0 0 0 0 0 0 0 0 0 0 0 0 0 0 0
0 0 0 0 0 0 4 4 4 4 4 4 4 4 4 4 4 0
0 0 0 0 0 0 4 3 0 0 0 0 0 0 0 3 4 0
0 0 0 0 0 0 4 0 3 0 0 0 0 0 3 0 4 0
0 0 0 0 0 0 4 0 0 3 3 3 3 3 0 0 4 0
0 0 0 0 0 0 4 0 3 0 0 0 0 0 3 0 4 0
0 0 0 0 0 0 4 3 0 0 0 0 0 0 0 3 4 0
0 0 0 0 0 0 4 4 4 4 4 4 4 4 4 4 4 0
0 0 0 0 0 0 0 0 0 0 0 0 0 0 0 0 0 0

Test input (19x24):
0 0 0 0 0 0 0 0 0 0 0 0 0 0 0 0 0 0 0 0 0 0 0 0
0 3 3 3 3 3 3 0 0 0 0 0 0 0 0 0 0 0 0 0 0 0 0 0
0 3 3 3 3 3 3 0 0 0 0 0 0 0 8 8 8 8 8 8 8 8 8 0
0 3 3 3 3 3 3 0 0 0 0 0 0 0 8 6 8 8 8 8 8 8 8 0
0 3 3 3 3 3 3 0 0 0 0 0 0 0 8 8 8 8 8 8 8 8 8 0
0 3 1 3 3 3 3 0 0 0 0 0 0 0 8 8 8 8 8 8 8 8 8 0
0 3 3 3 3 3 3 0 0 0 0 0 0 0 8 8 8 8 8 8 8 8 8 0
0 0 0 0 0 0 0 0 0 0 0 0 0 0 8 8 8 8 8 8 8 8 8 0
0 0 0 2 2 2 2 2 2 2 2 2 2 0 8 8 8 8 8 8 8 8 8 0
0 0 0 2 2 2 2 2 2 2 2 2 2 0 8 8 8 8 8 8 8 8 8 0
0 0 0 2 2 2 2 2 2 2 2 2 2 0 8 8 8 8 8 8 8 8 8 0
0 0 0 2 2 2 2 2 2 2 2 2 2 0 8 8 8 8 8 8 8 8 8 0
0 0 0 2 2 2 2 2 2 2 2 2 2 0 8 8 8 8 8 8 8 8 8 0
0 0 0 2 2 2 2 2 2 2 2 2 2 0 8 8 8 8 8 8 8 8 8 0
0 0 0 2 2 2 2 2 2 2 2 2 2 0 8 8 8 8 8 8 8 8 8 0
0 0 0 2 2 2 2 2 2 2 2 2 2 0 0 0 0 0 0 0 0 0 0 0
0 0 0 2 4 2 2 2 2 2 2 2 2 0 0 0 0 0 0 0 0 0 0 0
0 0 0 2 2 2 2 2 2 2 2 2 2 0 0 0 0 0 0 0 0 0 0 0
0 0 0 0 0 0 0 0 0 0 0 0 0 0 0 0 0 0 0 0 0 0 0 0
