Example 1 input (3x3):
9 9 0
0 0 9
0 9 0

Example 1 output (9x9):
0 0 0 0 0 0 0 0 9
0 0 0 0 0 0 9 9 0
0 0 0 0 0 0 9 0 9
0 0 9 0 0 9 0 0 0
9 9 0 9 9 0 0 0 0
9 0 9 9 0 9 0 0 0
0 0 9 0 0 0 0 0 9
9 9 0 0 0 0 9 9 0
9 0 9 0 0 0 9 0 9

Example 2 input (3x3):
8 8 0
0 8 8
0 8 0

Example 2 output (9x9):
0 0 0 0 0 0 0 0 8
0 0 0 0 0 0 8 0 0
0 0 0 0 0 0 8 0 8
0 0 8 0 0 0 0 0 0
8 0 0 0 0 0 0 0 0
8 0 8 0 0 0 0 0 0
0 0 8 0 0 0 0 0 8
8 0 0 0 0 0 8 0 0
8 0 8 0 0 0 8 0 8

Example 3 input (3x3):
7 0 7
7 7 7
0 7 0

Example 3 output (9x9):
0 0 0 0 7 0 0 0 0
0 0 0 0 0 0 0 0 0
0 0 0 7 0 7 0 0 0
0 0 0 0 0 0 0 0 0
0 0 0 0 0 0 0 0 0
0 0 0 0 0 0 0 0 0
0 7 0 0 0 0 0 7 0
0 0 0 0 0 0 0 0 0
7 0 7 0 0 0 7 0 7

Test input (3x3):
1 1 0
0 1 0
1 0 1
