Example 1 input (12x12):
8 0 0 0 0 0 0 0 0 0 0 0
2 2 0 0 0 0 0 0 0 0 0 0
0 0 8 0 0 0 0 0 0 0 0 0
0 0 2 2 0 0 0 0 0 0 0 0
0 0 0 0 8 0 0 0 0 0 0 0
0 0 0 0 2 2 0 0 0 0 0 0
0 0 0 0 0 0 8 0 0 0 0 0
0 0 0 0 0 0 2 2 0 0 0 0
0 0 0 0 0 0 0 0 8 0 0 0
0 0 0 0 0 0 0 0 2 2 0 0
0 0 0 0 0 0 0 0 0 0 8 0
0 0 0 0 0 0 0 0 0 0 2 2

Example 1 output (12x12):
0 0 0 0 0 0 0 0 0 0 8 0
0 0 0 0 0 0 0 0 0 0 2 2
0 0 0 0 0 0 0 0 8 0 0 0
0 0 0 0 0 0 0 0 2 2 0 0
0 0 0 0 0 0 8 0 0 0 0 0
0 0 0 0 0 0 2 2 0 0 0 0
0 0 0 0 8 0 0 0 0 0 0 0
0 0 0 0 2 2 0 0 0 0 0 0
0 0 8 0 0 0 0 0 0 0 0 0
0 0 2 2 0 0 0 0 0 0 0 0
8 0 0 0 0 0 0 0 0 0 0 0
2 2 0 0 0 0 0 0 0 0 0 0

Example 2 input (12x12):
0 0 0 0 0 0 0 0 0 0 2 2
0 0 0 0 0 0 0 0 0 0 3 2
0 0 0 0 0 0 0 0 2 2 0 0
0 0 0 0 0 0 0 0 3 2 0 0
0 0 0 0 0 0 2 2 0 0 0 0
0 0 0 0 0 0 3 2 0 0 0 0
0 0 0 0 2 2 0 0 0 0 0 0
0 0 0 0 3 2 0 0 0 0 0 0
0 0 2 2 0 0 0 0 0 0 0 0
0 0 3 2 0 0 0 0 0 0 0 0
2 2 0 0 0 0 0 0 0 0 0 0
3 2 0 0 0 0 0 0 0 0 0 0

Example 2 output (12x12):
2 2 0 0 0 0 0 0 0 0 0 0
3 2 0 0 0 0 0 0 0 0 0 0
0 0 2 2 0 0 0 0 0 0 0 0
0 0 3 2 0 0 0 0 0 0 0 0
0 0 0 0 2 2 0 0 0 0 0 0
0 0 0 0 3 2 0 0 0 0 0 0
0 0 0 0 0 0 2 2 0 0 0 0
0 0 0 0 0 0 3 2 0 0 0 0
0 0 0 0 0 0 0 0 2 2 0 0
0 0 0 0 0 0 0 0 3 2 0 0
0 0 0 0 0 0 0 0 0 0 2 2
0 0 0 0 0 0 0 0 0 0 3 2

Example 3 input (10x10):
2 1 0 0 0 0 0 0 0 0
1 0 0 0 0 0 0 0 0 0
0 0 2 1 0 0 0 0 0 0
0 0 1 0 0 0 0 0 0 0
0 0 0 0 2 1 0 0 0 0
0 0 0 0 1 0 0 0 0 0
0 0 0 0 0 0 2 1 0 0
0 0 0 0 0 0 1 0 0 0
0 0 0 0 0 0 0 0 2 1
0 0 0 0 0 0 0 0 1 0

Example 3 output (10x10):
0 0 0 0 0 0 0 0 2 1
0 0 0 0 0 0 0 0 1 0
0 0 0 0 0 0 2 1 0 0
0 0 0 0 0 0 1 0 0 0
0 0 0 0 2 1 0 0 0 0
0 0 0 0 1 0 0 0 0 0
0 0 2 1 0 0 0 0 0 0
0 0 1 0 0 0 0 0 0 0
2 1 0 0 0 0 0 0 0 0
1 0 0 0 0 0 0 0 0 0

Test input (14x14):
0 0 0 0 0 0 0 0 0 0 0 0 1 8
0 0 0 0 0 0 0 0 0 0 0 0 8 1
0 0 0 0 0 0 0 0 0 0 1 8 0 0
0 0 0 0 0 0 0 0 0 0 8 1 0 0
0 0 0 0 0 0 0 0 1 8 0 0 0 0
0 0 0 0 0 0 0 0 8 1 0 0 0 0
0 0 0 0 0 0 1 8 0 0 0 0 0 0
0 0 0 0 0 0 8 1 0 0 0 0 0 0
0 0 0 0 1 8 0 0 0 0 0 0 0 0
0 0 0 0 8 1 0 0 0 0 0 0 0 0
0 0 1 8 0 0 0 0 0 0 0 0 0 0
0 0 8 1 0 0 0 0 0 0 0 0 0 0
1 8 0 0 0 0 0 0 0 0 0 0 0 0
8 1 0 0 0 0 0 0 0 0 0 0 0 0
