Example 1 input (8x12):
0 0 0 0 0 8 0 0 0 0 0 0
0 0 0 0 8 8 0 0 0 0 0 0
0 0 0 0 8 8 8 8 0 0 0 0
0 0 0 0 8 8 8 8 0 0 0 0
0 0 0 0 0 0 0 0 8 8 8 0
0 0 0 0 0 0 0 0 8 8 8 0
0 0 0 0 0 0 0 0 8 8 0 8
0 0 0 0 0 0 0 0 8 8 0 0

Example 1 output (8x12):
0 0 0 0 2 8 2 2 0 0 0 0
0 0 0 0 8 8 2 2 0 0 0 0
0 0 0 0 8 8 8 8 0 0 0 0
0 0 0 0 8 8 8 8 0 0 0 0
0 0 0 0 0 0 0 0 8 8 8 2
0 0 0 0 0 0 0 0 8 8 8 2
0 0 0 0 0 0 0 0 8 8 2 8
0 0 0 0 0 0 0 0 8 8 2 2

Example 2 input (8x12):
0 8 0 0 8 0 0 0 0 0 0 0
0 8 8 0 8 0 0 8 0 0 0 0
0 8 8 8 8 8 8 0 0 0 0 0
8 8 0 0 8 8 8 0 0 0 0 0
0 0 0 0 0 0 0 0 0 8 0 0
0 0 0 0 0 0 0 0 0 8 0 0
0 0 0 0 0 0 0 0 8 8 8 8
0 0 0 0 0 0 0 0 0 8 0 0

Example 2 output (8x12):
2 8 2 2 8 2 2 2 0 0 0 0
2 8 8 2 8 2 2 8 0 0 0 0
2 8 8 8 8 8 8 2 0 0 0 0
8 8 2 2 8 8 8 2 0 0 0 0
0 0 0 0 0 0 0 0 2 8 2 2
0 0 0 0 0 0 0 0 2 8 2 2
0 0 0 0 0 0 0 0 8 8 8 8
0 0 0 0 0 0 0 0 2 8 2 2

Example 3 input (7x7):
0 0 0 0 0 0 0
0 8 0 0 8 0 0
0 8 8 8 8 0 0
0 0 0 8 0 0 0
0 0 8 0 0 0 0
0 0 0 0 0 0 0
0 0 0 0 0 0 0

Example 3 output (7x7):
0 0 0 0 0 0 0
0 8 2 2 8 0 0
0 8 8 8 8 0 0
0 2 2 8 2 0 0
0 2 8 2 2 0 0
0 0 0 0 0 0 0
0 0 0 0 0 0 0

Test input (8x12):
0 0 0 0 0 0 0 0 0 0 8 8
0 0 0 0 0 0 0 0 0 8 0 0
0 0 0 0 0 0 0 0 8 0 0 0
0 0 0 0 0 0 0 0 8 8 8 8
8 8 0 8 8 0 0 0 0 0 0 0
0 8 0 8 8 0 8 8 0 0 0 0
0 0 8 0 8 0 0 8 0 0 0 0
0 0 0 8 8 0 0 8 0 0 0 0
