Example 1 input (7x9):
0 0 0 0 0 0 0 0 0
0 0 0 0 0 0 0 0 0
0 0 0 0 0 0 0 0 0
0 0 3 2 5 0 0 0 0
0 0 3 3 0 0 0 0 0
0 1 4 0 0 0 0 0 0
0 0 0 0 0 0 0 0 0

Example 1 output (7x9):
0 0 0 0 0 0 0 0 0
0 0 0 0 0 0 4 1 0
0 0 0 0 0 3 3 0 0
0 0 0 0 5 2 3 0 0
0 0 0 0 0 0 0 0 0
0 0 0 0 0 0 0 0 0
0 0 0 0 0 0 0 0 0

Example 2 input (3x3):
6 0 0
2 5 0
2 1 0

Example 2 output (3x3):
0 1 2
0 5 2
0 0 6

Example 3 input (9x9):
0 0 0 0 0 0 0 0 0
0 0 0 0 0 0 0 0 0
0 3 3 5 0 0 0 0 0
1 1 0 0 0 0 0 0 0
2 0 0 0 0 0 0 0 0
0 0 0 0 0 0 0 0 0
0 0 0 0 0 0 0 0 0
0 0 0 0 0 0 0 0 0
0 0 0 0 0 0 0 0 0

Example 3 output (9x9):
0 0 0 0 0 0 2 0 0
0 0 0 0 0 1 1 0 0
0 0 0 5 3 3 0 0 0
0 0 0 0 0 0 0 0 0
0 0 0 0 0 0 0 0 0
0 0 0 0 0 0 0 0 0
0 0 0 0 0 0 0 0 0
0 0 0 0 0 0 0 0 0
0 0 0 0 0 0 0 0 0

Test input (9x9):
0 0 0 0 0 0 0 0 0
0 0 0 0 0 0 0 0 0
0 0 0 0 0 0 0 0 0
0 0 0 0 0 0 0 0 0
0 0 0 0 0 0 0 0 0
8 0 0 0 5 0 0 0 0
0 3 3 2 0 0 0 0 0
0 3 2 2 0 0 0 0 0
1 0 0 0 0 0 0 0 0
