Example 1 input (7x7):
0 4 1 0 0 1 6
0 0 1 0 0 0 0
1 1 0 0 1 1 0
0 1 0 0 0 1 1
0 0 1 0 0 2 0
1 0 1 0 1 0 7
1 1 1 0 4 1 0

Example 1 output (3x3):
0 0 8
8 8 0
0 8 0

Example 2 input (7x7):
2 0 0 2 2 0 5
0 2 2 0 0 0 2
0 1 0 0 0 0 0
0 0 0 0 2 0 9
0 9 0 0 0 0 2
0 0 2 1 0 0 8
2 0 0 2 2 0 0

Example 2 output (3x3):
0 0 0
8 8 8
0 0 0

Example 3 input (7x7):
0 4 0 0 4 1 3
3 3 4 3 0 3 7
3 0 0 0 1 0 3
0 0 3 0 3 0 0
3 0 0 3 3 0 3
3 0 3 0 3 0 3
3 3 3 0 4 2 3

Example 3 output (3x3):
0 8 8
0 8 0
0 8 0

Example 4 input (7x7):
1 0 1 0 7 0 0
1 1 9 1 0 1 0
0 0 1 1 0 2 0
0 0 0 0 3 0 1
0 4 0 1 0 0 1
0 0 1 0 2 0 8
0 0 1 0 7 3 1

Example 4 output (3x3):
0 0 8
8 8 0
0 8 0

Example 5 input (7x7):
0 3 0 3 5 3 0
0 0 3 3 0 0 0
8 0 0 0 0 0 3
3 4 3 9 3 0 3
0 0 9 3 1 3 3
0 3 3 3 0 3 0
0 0 0 0 0 0 3

Example 5 output (3x3):
0 8 8
0 8 0
0 8 0

Example 6 input (7x7):
0 0 0 2 2 0 2
0 2 2 9 2 2 0
0 5 0 2 4 6 0
2 0 0 0 0 9 2
0 0 0 2 2 0 0
8 0 2 9 0 6 3
0 2 0 2 0 2 4

Example 6 output (3x3):
0 0 0
8 8 8
0 0 0

Example 7 input (7x7):
0 0 2 0 1 5 3
0 0 2 9 0 2 0
2 2 2 4 2 0 0
0 2 0 2 7 2 0
2 2 0 0 2 2 6
0 2 2 0 2 0 0
5 0 4 2 0 2 2

Example 7 output (3x3):
0 0 0
8 8 8
0 0 0

Test 1 input (7x7):
0 0 8 1 1 0 1
5 1 1 0 1 1 0
0 1 0 1 0 0 1
1 0 2 0 0 6 0
6 0 1 1 5 0 0
0 0 3 0 0 0 5
0 1 0 0 2 0 1

Test 2 input (7x7):
3 0 3 0 0 0 3
3 0 9 5 0 0 5
0 3 0 3 0 2 9
8 3 0 3 0 0 7
0 3 5 0 0 3 3
0 0 3 3 0 0 0
0 0 3 0 4 0 0
