Example 1 input (12x12):
0 0 0 0 3 0 0 0 0 0 0 0
0 0 0 0 3 0 0 0 0 0 0 0
0 0 2 2 2 2 2 2 0 0 0 0
0 0 2 0 3 0 0 2 0 0 0 0
0 0 2 0 3 0 0 2 0 0 0 0
3 3 2 3 3 3 3 2 3 3 3 3
0 0 2 0 3 0 0 2 0 0 0 0
0 0 2 2 2 2 2 2 0 0 0 0
0 0 0 0 3 0 0 0 0 0 0 0
0 0 0 0 3 0 0 0 0 0 0 0
0 0 0 0 3 0 0 0 0 0 0 0
0 0 0 0 3 0 0 0 0 0 0 0

Example 1 output (12x12):
0 0 0 0 0 0 0 3 0 0 0 0
0 0 0 0 0 0 0 3 0 0 0 0
3 3 2 2 2 2 2 2 3 3 3 3
0 0 2 0 0 0 0 2 0 0 0 0
0 0 2 0 0 0 0 2 0 0 0 0
0 0 2 0 0 0 0 2 0 0 0 0
0 0 2 0 0 0 0 2 0 0 0 0
0 0 2 2 2 2 2 2 0 0 0 0
0 0 0 0 0 0 0 3 0 0 0 0
0 0 0 0 0 0 0 3 0 0 0 0
0 0 0 0 0 0 0 3 0 0 0 0
0 0 0 0 0 0 0 3 0 0 0 0

Example 2 input (12x12):
0 0 0 0 0 8 0 0 0 0 0 0
0 0 0 0 0 8 0 0 0 0 0 0
0 0 0 0 0 8 0 0 0 0 0 0
0 0 1 1 1 1 1 1 1 0 0 0
0 0 1 0 0 8 0 0 1 0 0 0
0 0 1 0 0 8 0 0 1 0 0 0
8 8 1 8 8 8 8 8 1 8 8 8
0 0 1 0 0 8 0 0 1 0 0 0
0 0 1 0 0 8 0 0 1 0 0 0
0 0 1 1 1 1 1 1 1 0 0 0
0 0 0 0 0 8 0 0 0 0 0 0
0 0 0 0 0 8 0 0 0 0 0 0

Example 2 output (12x12):
0 0 0 0 0 0 0 0 8 0 0 0
0 0 0 0 0 0 0 0 8 0 0 0
0 0 0 0 0 0 0 0 8 0 0 0
8 8 1 1 1 1 1 1 1 8 8 8
0 0 1 0 0 0 0 0 1 0 0 0
0 0 1 0 0 0 0 0 1 0 0 0
0 0 1 0 0 0 0 0 1 0 0 0
0 0 1 0 0 0 0 0 1 0 0 0
0 0 1 0 0 0 0 0 1 0 0 0
0 0 1 1 1 1 1 1 1 0 0 0
0 0 0 0 0 0 0 0 8 0 0 0
0 0 0 0 0 0 0 0 8 0 0 0

Example 3 input (12x12):
0 0 0 0 0 0 4 0 0 0 0 0
0 0 0 0 0 0 4 0 0 0 0 0
0 0 0 0 0 0 4 0 0 0 0 0
0 0 0 0 3 3 3 3 3 0 0 0
0 0 0 0 3 0 4 0 3 0 0 0
4 4 4 4 3 4 4 4 3 4 4 4
0 0 0 0 3 0 4 0 3 0 0 0
0 0 0 0 3 3 3 3 3 0 0 0
0 0 0 0 0 0 4 0 0 0 0 0
0 0 0 0 0 0 4 0 0 0 0 0
0 0 0 0 0 0 4 0 0 0 0 0
0 0 0 0 0 0 4 0 0 0 0 0

Example 3 output (12x12):
0 0 0 0 0 0 0 0 4 0 0 0
0 0 0 0 0 0 0 0 4 0 0 0
0 0 0 0 0 0 0 0 4 0 0 0
4 4 4 4 3 3 3 3 3 4 4 4
0 0 0 0 3 0 0 0 3 0 0 0
0 0 0 0 3 0 0 0 3 0 0 0
0 0 0 0 3 0 0 0 3 0 0 0
0 0 0 0 3 3 3 3 3 0 0 0
0 0 0 0 0 0 0 0 4 0 0 0
0 0 0 0 0 0 0 0 4 0 0 0
0 0 0 0 0 0 0 0 4 0 0 0
0 0 0 0 0 0 0 0 4 0 0 0

Test input (12x12):
0 0 0 0 0 0 6 0 0 0 0 0
0 0 0 0 0 0 6 0 0 0 0 0
0 0 7 7 7 7 7 7 7 7 0 0
0 0 7 0 0 0 6 0 0 7 0 0
0 0 7 0 0 0 6 0 0 7 0 0
6 6 7 6 6 6 6 6 6 7 6 6
0 0 7 0 0 0 6 0 0 7 0 0
0 0 7 0 0 0 6 0 0 7 0 0
0 0 7 0 0 0 6 0 0 7 0 0
0 0 7 7 7 7 7 7 7 7 0 0
0 0 0 0 0 0 6 0 0 0 0 0
0 0 0 0 0 0 6 0 0 0 0 0
