Example 1 input (10x12):
1 1 1 1 1 1 0 0 0 0 0 0
1 1 0 0 1 1 0 0 2 2 0 0
1 0 0 0 0 1 0 0 2 2 0 0
1 1 1 1 1 1 0 0 0 0 0 0
1 0 0 0 0 1 0 0 3 3 0 0
1 1 0 0 1 1 0 3 3 3 3 0
1 1 1 1 1 1 0 0 0 0 0 0
1 1 0 0 1 1 0 6 6 6 6 0
1 1 0 0 1 1 0 0 6 6 0 0
1 1 1 1 1 1 0 0 0 0 0 0

Example 1 output (10x6):
1 1 1 1 1 1
1 1 3 3 1 1
1 3 3 3 3 1
1 1 1 1 1 1
1 6 6 6 6 1
1 1 6 6 1 1
1 1 1 1 1 1
1 1 2 2 1 1
1 1 2 2 1 1
1 1 1 1 1 1

Example 2 input (13x12):
5 5 5 5 5 5 0 0 0 0 0 0
5 5 0 0 0 5 0 3 0 0 3 0
5 5 5 0 0 5 0 3 0 0 3 0
5 5 5 5 0 5 0 3 3 3 3 0
5 5 5 5 5 5 0 0 0 0 0 0
5 0 0 0 5 5 0 2 2 2 0 0
5 0 0 5 5 5 0 2 2 0 0 0
5 0 5 5 5 5 0 2 0 0 0 0
5 5 5 5 5 5 0 0 0 0 0 0
5 0 5 5 0 5 0 0 1 1 1 0
5 0 5 5 0 5 0 0 0 1 1 0
5 0 0 0 0 5 0 0 0 0 1 0
5 5 5 5 5 5 0 0 0 0 0 0

Example 2 output (13x6):
5 5 5 5 5 5
5 5 1 1 1 5
5 5 5 1 1 5
5 5 5 5 1 5
5 5 5 5 5 5
5 2 2 2 5 5
5 2 2 5 5 5
5 2 5 5 5 5
5 5 5 5 5 5
5 3 5 5 3 5
5 3 5 5 3 5
5 3 3 3 3 5
5 5 5 5 5 5

Test input (17x10):
8 8 8 8 8 0 0 0 0 0
8 0 0 0 8 0 2 2 2 0
8 8 0 8 8 0 0 0 2 0
8 0 0 0 8 0 0 0 2 0
8 8 8 8 8 0 0 0 0 0
8 0 0 0 8 0 4 0 4 0
8 8 8 0 8 0 4 0 4 0
8 8 8 0 8 0 4 4 4 0
8 8 8 8 8 0 0 0 0 0
8 0 8 0 8 0 3 3 3 0
8 0 8 0 8 0 0 3 0 0
8 0 0 0 8 0 3 3 3 0
8 8 8 8 8 0 0 0 0 0
8 8 0 0 8 0 0 7 7 0
8 0 0 0 8 0 7 7 7 0
8 0 0 8 8 0 7 7 0 0
8 8 8 8 8 0 0 0 0 0
