Example 1 input (23x19):
0 0 0 0 0 0 0 0 0 0 0 0 0 0 0 0 0 0 0
0 0 1 1 1 1 1 1 1 1 1 1 0 0 0 0 0 0 0
0 0 1 2 1 1 1 1 1 1 4 1 0 0 0 0 0 0 0
0 0 1 1 1 1 1 8 1 1 1 1 0 0 0 0 0 0 0
0 0 1 1 1 8 8 8 1 8 1 1 0 0 0 0 0 0 0
0 0 1 1 1 8 1 1 1 1 1 1 0 0 0 0 0 0 0
0 0 1 1 1 8 8 8 8 1 1 1 0 0 0 0 0 0 0
0 0 1 1 8 1 1 1 8 1 1 1 0 0 0 0 0 0 0
0 0 1 1 1 1 1 1 1 1 3 1 0 0 0 0 0 0 0
0 0 1 1 1 1 1 1 1 1 1 1 0 0 0 0 0 0 0
0 0 0 0 0 0 0 0 0 0 0 0 0 0 0 0 0 0 0
0 0 0 0 0 0 0 0 0 0 0 0 0 0 0 0 0 0 0
0 0 0 0 0 0 0 0 0 0 0 0 0 0 0 0 0 0 0
0 0 0 0 0 0 0 0 0 0 0 0 0 0 0 0 0 0 0
0 0 0 0 0 0 0 0 3 0 0 0 0 0 4 0 0 0 0
0 0 0 0 0 0 0 0 0 0 0 0 0 0 0 0 0 0 0
0 0 0 0 0 0 0 0 0 0 0 0 0 0 0 0 0 0 0
0 0 0 0 0 0 0 0 0 0 0 0 0 0 0 0 0 0 0
0 0 0 0 0 0 0 0 0 0 0 0 0 0 0 0 0 0 0
0 0 0 0 0 0 0 0 0 0 0 0 0 0 0 0 0 0 0
0 0 0 0 0 0 0 0 0 0 0 0 0 0 0 0 0 0 0
0 0 0 0 0 0 0 0 0 0 0 0 0 0 2 0 0 0 0
0 0 0 0 0 0 0 0 0 0 0 0 0 0 0 0 0 0 0

Example 1 output (10x9):
1 1 1 1 1 1 1 1 1
1 3 1 1 1 1 1 4 1
1 1 1 1 1 8 1 1 1
1 1 8 8 1 1 1 1 1
1 1 1 8 1 8 8 1 1
1 1 1 8 1 8 1 1 1
1 1 1 8 8 8 1 1 1
1 1 8 1 1 1 1 1 1
1 1 1 1 1 1 1 2 1
1 1 1 1 1 1 1 1 1

Example 2 input (22x21):
0 0 0 0 0 0 0 0 0 0 0 0 0 0 0 0 0 0 0 0 0
0 0 0 0 0 0 0 0 0 0 1 1 1 1 1 1 1 1 1 0 0
0 0 0 0 0 0 0 0 0 0 1 4 1 1 1 1 1 8 1 0 0
0 0 0 0 0 0 0 0 0 0 1 1 1 1 2 1 1 1 1 0 0
0 0 0 0 0 0 0 0 0 0 1 1 1 1 2 1 1 1 1 0 0
0 0 0 0 0 0 0 0 0 0 1 1 2 2 2 1 1 1 1 0 0
0 0 0 0 0 0 0 0 0 0 1 1 1 1 2 1 1 1 1 0 0
0 0 0 0 0 0 0 0 0 0 1 1 1 1 2 2 2 1 1 0 0
0 0 0 0 0 0 0 0 0 0 1 5 1 1 1 1 1 1 1 0 0
0 0 0 0 0 0 0 0 0 0 1 1 1 1 1 1 1 1 1 0 0
0 0 0 0 0 0 0 0 0 0 0 0 0 0 0 0 0 0 0 0 0
0 0 0 0 0 0 0 0 0 0 0 0 0 0 0 0 0 0 0 0 0
0 0 0 0 0 0 0 0 0 0 0 0 0 0 0 0 0 0 0 0 0
0 0 0 0 0 4 0 0 0 0 0 5 0 0 0 0 0 0 0 0 0
0 0 0 0 0 0 0 0 0 0 0 0 0 0 0 0 0 0 0 0 0
0 0 0 0 0 0 0 0 0 0 0 0 0 0 0 0 0 0 0 0 0
0 0 0 0 0 0 0 0 0 0 0 0 0 0 0 0 0 0 0 0 0
0 0 0 0 0 0 0 0 0 0 0 0 0 0 0 0 0 0 0 0 0
0 0 0 0 0 0 0 0 0 0 0 0 0 0 0 0 0 0 0 0 0
0 0 0 0 0 8 0 0 0 0 0 0 0 0 0 0 0 0 0 0 0
0 0 0 0 0 0 0 0 0 0 0 0 0 0 0 0 0 0 0 0 0
0 0 0 0 0 0 0 0 0 0 0 0 0 0 0 0 0 0 0 0 0

Example 2 output (9x9):
1 1 1 1 1 1 1 1 1
1 4 1 1 1 1 1 5 1
1 1 1 1 2 1 1 1 1
1 1 1 1 2 1 1 1 1
1 1 2 2 2 2 2 1 1
1 1 1 1 1 1 2 1 1
1 1 1 1 1 1 2 1 1
1 8 1 1 1 1 1 1 1
1 1 1 1 1 1 1 1 1

Example 3 input (22x25):
0 0 0 0 0 0 0 0 0 0 0 0 0 0 0 0 0 0 0 0 0 0 0 0 0
0 0 0 0 0 0 0 0 0 0 0 0 0 0 0 0 0 0 0 0 0 0 4 0 0
0 0 0 0 0 0 0 0 0 0 0 0 0 0 0 0 0 0 0 0 0 0 0 0 0
0 0 0 0 0 0 0 0 0 0 0 0 0 0 0 0 0 0 0 0 0 0 0 0 0
0 0 0 0 0 0 0 0 0 0 0 0 0 0 0 0 0 0 0 0 0 0 0 0 0
0 0 0 0 0 0 0 0 0 0 0 0 0 0 0 0 0 0 0 0 0 0 0 0 0
0 0 0 0 0 0 0 0 0 0 0 0 0 0 0 0 0 0 0 0 0 0 0 0 0
0 0 0 0 0 0 0 0 0 0 0 0 0 0 0 0 0 0 0 0 0 0 0 0 0
0 0 0 0 0 0 0 0 0 0 0 0 0 0 0 0 0 0 0 0 0 0 0 0 0
0 0 1 1 1 1 1 1 1 1 1 1 0 0 0 0 0 0 0 0 0 0 0 0 0
0 0 1 2 1 1 1 1 1 1 3 1 0 0 0 2 0 0 0 0 0 0 3 0 0
0 0 1 1 1 5 1 1 5 1 1 1 0 0 0 0 0 0 0 0 0 0 0 0 0
0 0 1 1 5 5 1 1 5 5 1 1 0 0 0 0 0 0 0 0 0 0 0 0 0
0 0 1 1 1 1 5 5 1 5 1 1 0 0 0 0 0 0 0 0 0 0 0 0 0
0 0 1 1 1 1 1 1 1 5 1 1 0 0 0 0 0 0 0 0 0 0 0 0 0
0 0 1 1 1 1 1 1 1 5 1 1 0 0 0 0 0 0 0 0 0 0 0 0 0
0 0 1 1 1 1 1 1 1 5 1 1 0 0 0 0 0 0 0 0 0 0 0 0 0
0 0 1 1 1 1 1 1 1 5 1 1 0 0 0 0 0 0 0 0 0 0 0 0 0
0 0 1 1 1 1 1 1 1 5 1 1 0 0 0 0 0 0 0 0 0 0 0 0 0
0 0 1 1 1 1 1 1 1 1 4 1 0 0 0 0 0 0 0 0 0 0 0 0 0
0 0 1 1 1 1 1 1 1 1 1 1 0 0 0 0 0 0 0 0 0 0 0 0 0
0 0 0 0 0 0 0 0 0 0 0 0 0 0 0 0 0 0 0 0 0 0 0 0 0

Example 3 output (12x10):
1 1 1 1 1 1 1 1 1 1
1 1 1 1 1 1 1 1 4 1
1 1 1 1 1 1 1 5 1 1
1 1 1 1 1 1 1 5 1 1
1 1 1 1 1 1 1 5 1 1
1 1 1 1 1 1 1 5 1 1
1 1 1 1 1 1 1 5 1 1
1 1 1 1 5 5 1 5 1 1
1 1 5 5 1 1 5 5 1 1
1 1 1 5 1 1 5 1 1 1
1 2 1 1 1 1 1 1 3 1
1 1 1 1 1 1 1 1 1 1

Test input (19x30):
0 0 0 0 0 0 0 0 0 0 0 0 0 0 0 0 0 0 0 0 0 0 0 0 0 0 0 0 0 0
0 0 0 0 0 0 0 0 0 0 0 0 0 0 0 0 0 0 0 0 0 0 0 0 0 0 0 0 0 0
0 0 0 0 0 0 0 0 0 0 0 0 0 0 0 0 0 0 1 1 1 1 1 1 1 1 1 1 0 0
0 0 0 0 0 0 0 0 0 0 0 0 0 0 0 0 0 0 1 4 1 1 1 1 1 1 2 1 0 0
0 0 0 0 0 0 0 0 0 0 0 0 0 0 0 0 0 0 1 1 1 3 1 1 1 1 1 1 0 0
0 0 8 0 0 0 0 0 0 0 0 0 2 0 0 0 0 0 1 1 3 3 1 1 1 1 1 1 0 0
0 0 0 0 0 0 0 0 0 0 0 0 0 0 0 0 0 0 1 1 1 1 3 3 3 3 1 1 0 0
0 0 0 0 0 0 0 0 0 0 0 0 0 0 0 0 0 0 1 1 1 1 3 3 1 1 1 1 0 0
0 0 0 0 0 0 0 0 0 0 0 0 0 0 0 0 0 0 1 1 1 1 1 3 1 1 1 1 0 0
0 0 0 0 0 0 0 0 0 0 0 0 0 0 0 0 0 0 1 1 1 1 1 3 1 1 1 1 0 0
0 0 0 0 0 0 0 0 0 0 0 0 0 0 0 0 0 0 1 1 1 1 1 3 1 1 1 1 0 0
0 0 0 0 0 0 0 0 0 0 0 0 0 0 0 0 0 0 1 1 1 1 1 1 3 3 1 1 0 0
0 0 0 0 0 0 0 0 0 0 0 0 4 0 0 0 0 0 1 1 1 1 1 1 3 1 1 1 0 0
0 0 0 0 0 0 0 0 0 0 0 0 0 0 0 0 0 0 1 1 1 1 1 1 1 1 8 1 0 0
0 0 0 0 0 0 0 0 0 0 0 0 0 0 0 0 0 0 1 1 1 1 1 1 1 1 1 1 0 0
0 0 0 0 0 0 0 0 0 0 0 0 0 0 0 0 0 0 0 0 0 0 0 0 0 0 0 0 0 0
0 0 0 0 0 0 0 0 0 0 0 0 0 0 0 0 0 0 0 0 0 0 0 0 0 0 0 0 0 0
0 0 0 0 0 0 0 0 0 0 0 0 0 0 0 0 0 0 0 0 0 0 0 0 0 0 0 0 0 0
0 0 0 0 0 0 0 0 0 0 0 0 0 0 0 0 0 0 0 0 0 0 0 0 0 0 0 0 0 0
