Example 1 input (17x13):
0 0 0 0 0 0 0 0 0 0 0 0 0
0 0 4 1 6 0 0 0 0 0 0 0 0
0 0 4 1 6 0 0 0 0 0 0 0 0
0 0 4 1 6 0 0 0 0 0 0 0 0
0 0 0 0 0 0 0 0 0 0 0 0 0
0 0 0 0 0 0 0 0 0 0 0 0 0
0 0 0 0 0 0 0 0 0 0 0 0 0
0 0 0 1 1 1 1 0 0 0 0 0 0
0 0 0 1 0 0 1 0 0 0 0 0 0
0 1 1 1 0 0 1 1 1 0 0 0 0
0 0 1 1 0 0 1 1 0 0 0 0 0
0 0 1 1 1 1 1 1 0 0 0 0 0
0 0 0 6 6 6 6 0 0 0 0 0 0
0 0 0 6 0 0 6 0 0 0 0 0 0
0 6 6 6 0 0 6 6 6 0 0 0 0
0 0 6 6 0 0 6 6 0 0 0 0 0
0 0 6 6 6 6 6 6 0 0 0 0 0

Example 1 output (17x13):
0 0 0 0 0 0 0 0 0 0 0 0 0
0 0 0 0 0 0 0 0 0 0 0 0 0
0 0 0 4 4 4 4 0 0 0 0 0 0
0 0 0 4 0 0 4 0 0 0 0 0 0
0 4 4 4 0 0 4 4 4 0 0 0 0
0 0 4 4 0 0 4 4 0 0 0 0 0
0 0 4 4 4 4 4 4 0 0 0 0 0
0 0 0 1 1 1 1 0 0 0 0 0 0
0 0 0 1 0 0 1 0 0 0 0 0 0
0 1 1 1 0 0 1 1 1 0 0 0 0
0 0 1 1 0 0 1 1 0 0 0 0 0
0 0 1 1 1 1 1 1 0 0 0 0 0
0 0 0 6 6 6 6 0 0 0 0 0 0
0 0 0 6 0 0 6 0 0 0 0 0 0
0 6 6 6 0 0 6 6 6 0 0 0 0
0 0 6 6 0 0 6 6 0 0 0 0 0
0 0 6 6 6 6 6 6 0 0 0 0 0

Example 2 input (18x14):
0 0 0 0 0 0 0 0 0 0 0 0 0 0
0 0 0 0 0 0 0 7 2 1 3 0 0 0
0 0 0 0 0 0 0 7 2 1 3 0 0 0
0 0 0 0 0 0 0 7 2 1 3 0 0 0
0 0 0 0 0 0 0 0 0 0 0 0 0 0
0 0 0 0 0 0 0 0 0 0 0 0 0 0
0 0 0 0 0 0 0 0 0 0 0 0 0 0
0 0 0 0 0 0 0 0 0 0 0 0 0 0
0 0 0 2 0 0 2 0 0 0 0 0 0 0
0 0 2 2 2 2 2 2 0 0 0 0 0 0
0 0 0 0 2 2 0 0 0 0 0 0 0 0
0 0 0 1 0 0 1 0 0 0 0 0 0 0
0 0 1 1 1 1 1 1 0 0 0 0 0 0
0 0 0 0 1 1 0 0 0 0 0 0 0 0
0 0 0 0 0 0 0 0 0 0 0 0 0 0
0 0 0 0 0 0 0 0 0 0 0 0 0 0
0 0 0 0 0 0 0 0 0 0 0 0 0 0
0 0 0 0 0 0 0 0 0 0 0 0 0 0

Example 2 output (18x14):
0 0 0 0 0 0 0 0 0 0 0 0 0 0
0 0 0 0 0 0 0 0 0 0 0 0 0 0
0 0 0 0 0 0 0 0 0 0 0 0 0 0
0 0 0 0 0 0 0 0 0 0 0 0 0 0
0 0 0 0 0 0 0 0 0 0 0 0 0 0
0 0 0 7 0 0 7 0 0 0 0 0 0 0
0 0 7 7 7 7 7 7 0 0 0 0 0 0
0 0 0 0 7 7 0 0 0 0 0 0 0 0
0 0 0 2 0 0 2 0 0 0 0 0 0 0
0 0 2 2 2 2 2 2 0 0 0 0 0 0
0 0 0 0 2 2 0 0 0 0 0 0 0 0
0 0 0 1 0 0 1 0 0 0 0 0 0 0
0 0 1 1 1 1 1 1 0 0 0 0 0 0
0 0 0 0 1 1 0 0 0 0 0 0 0 0
0 0 0 3 0 0 3 0 0 0 0 0 0 0
0 0 3 3 3 3 3 3 0 0 0 0 0 0
0 0 0 0 3 3 0 0 0 0 0 0 0 0
0 0 0 0 0 0 0 0 0 0 0 0 0 0

Test input (18x15):
0 0 0 0 0 0 0 0 0 0 0 0 0 0 0
0 0 0 0 0 0 0 0 0 0 0 0 0 0 0
0 0 0 0 0 0 0 0 0 0 0 0 0 0 0
0 0 0 0 0 0 0 0 0 0 0 0 0 0 0
0 0 0 0 0 0 0 0 0 0 0 0 0 0 0
0 0 0 0 0 0 0 0 0 0 0 0 0 0 0
0 0 0 0 0 1 1 0 0 0 0 0 0 0 0
0 0 0 0 1 0 0 1 0 0 0 0 0 0 0
0 0 0 1 1 1 1 1 1 0 0 0 0 0 0
0 0 0 0 0 0 0 0 0 0 0 0 0 0 0
0 0 0 0 0 0 0 0 0 0 0 0 0 0 0
0 0 0 0 0 0 0 0 0 0 0 0 0 0 0
0 0 0 0 0 0 0 0 0 0 0 0 0 0 0
0 0 0 0 0 0 0 0 0 0 0 0 0 0 0
0 0 0 0 0 0 0 0 2 3 1 8 7 0 0
0 0 0 0 0 0 0 0 2 3 1 8 7 0 0
0 0 0 0 0 0 0 0 2 3 1 8 7 0 0
0 0 0 0 0 0 0 0 0 0 0 0 0 0 0
