Example 1 input (19x13):
0 0 0 2 5 0 0 2 0 5 0 0 0
2 0 0 0 5 0 2 0 0 5 0 0 0
0 0 0 0 2 0 2 0 0 5 0 0 0
0 0 0 0 5 0 0 0 0 5 0 0 0
2 5 5 5 5 5 5 5 2 5 5 5 5
0 2 0 0 5 0 2 0 0 5 0 0 0
0 0 2 0 5 0 0 2 0 5 0 2 0
0 0 0 0 5 0 0 0 0 5 0 0 0
0 0 0 0 5 0 0 0 0 5 0 0 0
5 5 5 5 5 5 5 5 5 5 2 5 5
0 0 0 0 5 0 0 0 0 5 0 0 0
0 2 0 0 5 0 2 0 0 5 0 0 0
0 0 0 0 5 0 0 0 0 5 0 0 2
0 0 0 0 5 0 0 0 0 5 0 0 0
5 5 5 5 5 5 5 5 5 5 5 5 5
0 0 0 0 5 0 0 0 0 5 0 0 0
0 0 0 0 5 0 0 0 0 5 0 0 0
0 0 0 0 5 0 0 0 0 5 0 0 0
0 0 0 0 5 0 0 0 0 5 2 0 0

Example 1 output (19x13):
0 0 0 0 5 0 0 0 0 5 0 0 0
0 0 0 0 5 0 0 0 0 5 0 0 0
0 0 0 0 5 0 0 0 0 5 0 0 0
0 0 0 0 5 0 0 0 0 5 0 0 0
5 5 5 5 2 5 5 5 5 2 5 5 5
0 0 0 0 5 0 0 0 0 5 0 0 0
0 0 0 0 5 0 0 0 0 5 0 0 0
0 0 0 0 5 0 0 0 0 5 0 0 0
0 0 0 0 5 0 0 0 0 5 0 0 0
5 5 5 5 2 5 5 5 5 2 5 5 5
0 0 0 0 5 0 0 0 0 5 0 0 0
0 0 0 0 5 0 0 0 0 5 0 0 0
0 0 0 0 5 0 0 0 0 5 0 0 0
0 0 0 0 5 0 0 0 0 5 0 0 0
5 5 5 5 2 5 5 5 5 2 5 5 5
0 0 0 0 5 0 0 0 0 5 0 0 0
0 0 0 0 5 0 0 0 0 5 0 0 0
0 0 0 0 5 0 0 0 0 5 0 0 0
0 0 0 0 5 0 0 0 0 5 0 0 0

Example 2 input (21x17):
0 0 3 0 0 5 3 3 0 3 0 5 0 0 0 0 0
0 0 0 0 3 3 0 0 0 0 3 5 0 0 0 0 0
0 0 0 0 3 5 0 0 0 0 3 5 0 0 0 0 0
0 0 0 0 0 5 0 0 3 0 0 5 0 0 0 0 0
0 0 0 0 0 5 0 0 0 0 0 3 0 0 0 0 0
5 5 5 5 5 5 5 5 5 5 5 3 5 5 5 5 5
3 3 0 0 0 5 0 0 0 0 0 5 0 0 0 0 0
0 0 0 0 0 5 3 0 3 3 0 5 0 0 0 0 0
0 0 0 0 3 5 0 0 0 0 0 5 0 0 0 3 0
3 3 0 3 0 5 0 0 0 0 0 5 0 0 0 0 0
0 0 0 0 0 5 0 0 0 3 0 5 0 0 0 3 0
5 5 3 5 3 5 5 5 5 3 5 5 5 5 5 5 3
0 0 0 3 3 5 0 3 3 0 0 5 0 0 0 3 3
0 0 0 0 0 5 0 3 0 0 0 5 0 0 0 0 3
3 0 0 0 0 3 0 0 3 0 0 3 0 0 0 3 0
3 0 0 0 0 5 0 0 0 0 3 5 0 0 0 3 3
3 0 0 0 0 3 0 0 3 0 0 5 0 0 0 0 0
5 5 5 5 5 5 5 5 5 5 5 5 5 5 5 5 5
3 0 0 0 0 5 0 0 0 3 0 5 0 0 0 0 0
3 0 3 0 0 5 0 0 0 0 0 5 3 0 3 0 3
3 0 0 0 0 5 3 0 0 0 0 5 0 0 0 0 0

Example 2 output (21x17):
0 0 0 0 0 5 0 0 0 0 0 5 0 0 0 0 0
0 0 0 0 0 5 0 0 0 0 0 5 0 0 0 0 0
0 0 0 0 0 5 0 0 0 0 0 5 0 0 0 0 0
0 0 0 0 0 5 0 0 0 0 0 5 0 0 0 0 0
0 0 0 0 0 5 0 0 0 0 0 5 0 0 0 0 0
5 5 5 5 5 3 5 5 5 5 5 3 5 5 5 5 5
0 0 0 0 0 5 0 0 0 0 0 5 0 0 0 0 0
0 0 0 0 0 5 0 0 0 0 0 5 0 0 0 0 0
0 0 0 0 0 5 0 0 0 0 0 5 0 0 0 0 0
0 0 0 0 0 5 0 0 0 0 0 5 0 0 0 0 0
0 0 0 0 0 5 0 0 0 0 0 5 0 0 0 0 0
5 5 5 5 5 3 5 5 5 5 5 3 5 5 5 5 5
0 0 0 0 0 5 0 0 0 0 0 5 0 0 0 0 0
0 0 0 0 0 5 0 0 0 0 0 5 0 0 0 0 0
0 0 0 0 0 5 0 0 0 0 0 5 0 0 0 0 0
0 0 0 0 0 5 0 0 0 0 0 5 0 0 0 0 0
0 0 0 0 0 5 0 0 0 0 0 5 0 0 0 0 0
5 5 5 5 5 3 5 5 5 5 5 3 5 5 5 5 5
0 0 0 0 0 5 0 0 0 0 0 5 0 0 0 0 0
0 0 0 0 0 5 0 0 0 0 0 5 0 0 0 0 0
0 0 0 0 0 5 0 0 0 0 0 5 0 0 0 0 0

Example 3 input (21x24):
0 0 0 4 0 0 0 5 0 0 0 5 0 0 0 5 4 0 0 5 0 4 0 5
0 4 0 5 0 0 0 5 0 0 0 5 0 0 0 5 0 0 0 5 0 0 0 5
0 0 4 4 0 0 0 4 0 0 0 5 0 0 4 5 0 0 0 5 0 0 4 5
5 5 5 5 5 5 5 5 5 5 5 5 5 5 5 5 5 5 5 5 5 5 5 5
0 0 0 5 0 0 0 5 0 0 0 5 0 0 0 5 0 0 0 5 0 0 0 5
0 0 0 5 0 0 0 5 0 0 0 5 0 0 0 5 0 0 0 5 0 0 0 4
0 0 0 5 0 4 4 5 0 0 0 5 0 0 0 5 0 0 0 5 0 0 0 5
5 5 5 5 5 5 5 5 5 5 5 5 5 5 5 5 5 5 5 5 4 5 5 5
0 0 0 5 0 0 0 5 4 0 4 4 0 0 0 5 0 0 0 5 0 0 0 5
0 0 0 5 0 0 0 5 0 0 0 5 0 0 0 5 0 0 0 5 0 0 0 5
4 0 0 5 0 0 0 4 0 0 0 5 0 0 0 4 0 0 0 5 4 0 0 5
5 5 5 5 5 5 5 5 5 5 5 5 5 5 5 5 5 5 5 5 5 5 5 5
0 0 0 5 0 0 0 5 0 0 0 5 0 0 0 5 0 0 0 5 0 4 0 5
0 0 0 5 4 0 0 5 0 0 0 5 4 0 0 5 0 0 0 5 0 0 0 5
0 0 0 5 4 0 0 5 0 0 0 5 0 0 4 5 0 0 0 5 0 0 0 5
5 5 5 5 5 5 5 5 5 4 5 5 5 5 4 5 5 5 5 5 5 5 5 5
0 0 0 4 0 0 0 5 0 0 0 5 0 0 0 5 0 4 0 4 0 0 0 5
0 0 0 5 0 4 0 5 4 0 0 4 0 0 4 5 0 0 0 5 0 0 0 5
0 0 0 5 0 4 0 5 4 4 0 5 0 0 0 5 0 4 0 5 0 0 0 5
5 5 5 5 5 5 5 5 4 5 5 5 5 5 5 5 5 5 5 5 5 5 5 5
0 0 0 5 0 0 0 5 0 0 0 4 0 4 0 4 4 0 0 5 0 0 0 5

Example 3 output (21x24):
0 0 0 5 0 0 0 5 0 0 0 5 0 0 0 5 0 0 0 5 0 0 0 5
0 0 0 5 0 0 0 5 0 0 0 5 0 0 0 5 0 0 0 5 0 0 0 5
0 0 0 5 0 0 0 5 0 0 0 5 0 0 0 5 0 0 0 5 0 0 0 5
5 5 5 4 5 5 5 4 5 5 5 4 5 5 5 4 5 5 5 4 5 5 5 4
0 0 0 5 0 0 0 5 0 0 0 5 0 0 0 5 0 0 0 5 0 0 0 5
0 0 0 5 0 0 0 5 0 0 0 5 0 0 0 5 0 0 0 5 0 0 0 5
0 0 0 5 0 0 0 5 0 0 0 5 0 0 0 5 0 0 0 5 0 0 0 5
5 5 5 4 5 5 5 4 5 5 5 4 5 5 5 4 5 5 5 4 5 5 5 4
0 0 0 5 0 0 0 5 0 0 0 5 0 0 0 5 0 0 0 5 0 0 0 5
0 0 0 5 0 0 0 5 0 0 0 5 0 0 0 5 0 0 0 5 0 0 0 5
0 0 0 5 0 0 0 5 0 0 0 5 0 0 0 5 0 0 0 5 0 0 0 5
5 5 5 4 5 5 5 4 5 5 5 4 5 5 5 4 5 5 5 4 5 5 5 4
0 0 0 5 0 0 0 5 0 0 0 5 0 0 0 5 0 0 0 5 0 0 0 5
0 0 0 5 0 0 0 5 0 0 0 5 0 0 0 5 0 0 0 5 0 0 0 5
0 0 0 5 0 0 0 5 0 0 0 5 0 0 0 5 0 0 0 5 0 0 0 5
5 5 5 4 5 5 5 4 5 5 5 4 5 5 5 4 5 5 5 4 5 5 5 4
0 0 0 5 0 0 0 5 0 0 0 5 0 0 0 5 0 0 0 5 0 0 0 5
0 0 0 5 0 0 0 5 0 0 0 5 0 0 0 5 0 0 0 5 0 0 0 5
0 0 0 5 0 0 0 5 0 0 0 5 0 0 0 5 0 0 0 5 0 0 0 5
5 5 5 4 5 5 5 4 5 5 5 4 5 5 5 4 5 5 5 4 5 5 5 4
0 0 0 5 0 0 0 5 0 0 0 5 0 0 0 5 0 0 0 5 0 0 0 5

Test input (22x27):
0 0 0 0 0 5 0 1 0 0 0 1 0 0 0 0 1 5 0 0 1 0 0 5 1 0 0
0 0 0 0 0 1 0 0 0 0 0 5 0 0 0 0 0 5 0 0 0 0 0 5 0 0 0
1 0 0 0 1 5 1 0 0 0 0 5 0 0 0 0 0 5 0 1 0 0 0 1 1 1 0
0 0 0 0 0 5 0 0 0 0 0 5 0 0 0 0 0 5 0 0 0 0 0 5 1 0 0
0 0 0 0 0 5 0 0 0 0 0 5 0 0 0 0 0 5 0 0 0 0 0 5 0 0 1
5 5 5 5 5 5 5 5 5 5 5 1 1 1 5 5 5 5 5 5 1 5 5 1 5 5 5
0 0 0 0 0 5 0 0 0 0 0 5 0 0 0 0 0 5 0 0 0 0 0 5 0 0 0
0 0 0 0 0 5 0 0 0 0 0 5 0 0 1 0 0 5 0 0 0 0 0 5 0 0 0
0 0 0 0 0 5 0 0 0 0 0 5 0 0 0 0 0 5 1 0 1 0 0 5 0 0 1
0 0 0 0 0 1 1 0 1 0 0 5 0 1 0 0 0 5 0 0 0 0 0 5 0 1 0
0 0 0 1 0 5 0 0 0 0 0 1 0 0 0 0 0 1 0 0 0 0 0 5 0 1 0
5 5 1 5 5 5 5 5 5 5 5 5 5 5 5 1 5 5 5 5 5 1 5 5 5 5 5
0 0 0 0 0 5 0 0 0 0 0 5 0 0 0 0 0 5 0 0 0 0 0 5 0 0 0
0 0 0 0 0 5 0 0 0 0 0 1 0 0 1 0 0 5 0 0 0 0 0 5 0 0 0
0 0 0 0 0 5 0 0 1 0 0 5 0 0 0 0 0 5 0 0 0 0 0 5 0 1 0
0 0 0 0 0 5 0 0 0 0 0 5 0 0 0 0 0 5 0 0 0 0 0 5 0 0 0
0 0 0 0 0 5 0 0 1 0 0 5 0 0 0 0 0 5 1 0 1 0 0 5 0 0 0
1 5 5 5 5 5 5 5 1 5 5 5 1 5 5 5 5 1 1 5 5 5 5 5 1 5 5
0 0 0 0 0 5 0 0 0 0 0 5 0 0 0 1 0 5 0 0 0 0 0 5 0 0 0
0 0 0 0 0 5 0 0 0 0 0 1 0 1 0 0 0 5 0 0 0 0 0 5 0 0 1
0 0 0 0 0 5 0 0 0 0 0 1 0 0 0 0 0 5 0 1 0 0 0 5 0 0 0
0 0 0 0 0 5 0 0 0 0 0 5 0 0 0 0 0 5 0 0 1 0 0 5 0 0 0
