Example 1 input (12x22):
0 0 0 0 0 0 0 0 0 0 0 0 0 0 0 0 0 0 0 0 0 0
0 0 0 0 0 0 0 0 0 0 0 0 0 0 0 0 0 0 0 0 0 0
0 0 0 0 0 0 3 0 0 0 0 0 0 3 0 0 0 0 0 0 1 0
2 0 0 0 0 0 3 0 0 0 0 0 0 3 0 0 0 0 0 0 1 0
0 0 0 0 0 0 3 0 0 1 0 0 0 3 0 0 0 1 0 0 1 0
0 0 0 0 0 0 0 0 0 1 0 0 0 0 0 0 0 1 0 0 0 0
0 0 0 0 0 0 0 0 0 1 0 0 0 0 0 0 0 1 0 0 0 0
0 0 0 0 0 0 0 0 0 0 0 0 0 0 0 0 0 0 0 0 0 0
0 0 0 0 0 0 0 0 0 0 0 0 0 0 0 0 0 0 0 0 0 0
0 0 0 0 0 0 0 0 0 0 0 0 0 0 0 0 0 0 0 0 0 0
0 0 0 0 0 0 0 0 0 0 0 0 0 0 0 0 0 0 0 0 0 0
0 0 0 0 0 0 0 0 0 0 0 0 0 0 0 0 0 0 0 0 0 0

Example 1 output (12x22):
0 0 0 0 0 0 0 0 0 0 0 0 0 0 0 0 0 0 0 0 0 0
0 0 0 0 0 0 0 0 0 0 0 0 0 0 0 0 0 0 0 2 2 2
0 0 0 0 0 0 3 0 0 0 0 0 0 3 0 0 0 0 0 2 1 0
2 2 2 2 2 2 3 0 2 2 2 2 2 3 0 0 2 2 2 2 1 0
0 0 0 0 0 2 3 0 2 1 0 0 2 3 0 0 2 1 0 0 1 0
0 0 0 0 0 2 2 2 2 1 0 0 2 2 2 2 2 1 0 0 0 0
0 0 0 0 0 0 0 0 0 1 0 0 0 0 0 0 0 1 0 0 0 0
0 0 0 0 0 0 0 0 0 0 0 0 0 0 0 0 0 0 0 0 0 0
0 0 0 0 0 0 0 0 0 0 0 0 0 0 0 0 0 0 0 0 0 0
0 0 0 0 0 0 0 0 0 0 0 0 0 0 0 0 0 0 0 0 0 0
0 0 0 0 0 0 0 0 0 0 0 0 0 0 0 0 0 0 0 0 0 0
0 0 0 0 0 0 0 0 0 0 0 0 0 0 0 0 0 0 0 0 0 0

Example 2 input (22x12):
0 0 0 2 0 0 0 0 0 0 0 0
0 0 0 0 0 0 0 0 0 0 0 0
0 0 3 3 3 0 0 0 0 0 0 0
0 0 0 0 0 0 0 0 0 0 0 0
0 0 0 0 0 0 0 0 0 0 0 0
1 1 1 0 0 0 0 0 0 0 0 0
0 0 0 0 0 0 0 0 0 0 0 0
0 0 1 1 1 0 0 0 0 0 0 0
0 0 0 0 0 0 0 0 0 0 0 0
1 1 0 0 1 1 1 0 0 0 0 0
0 0 0 0 0 0 0 0 0 0 0 0
0 0 0 0 0 0 0 0 0 0 0 0
0 0 0 0 0 3 3 3 0 0 0 0
0 0 0 0 0 0 0 0 0 0 0 0
0 0 0 0 0 0 0 0 0 0 0 0
0 0 0 3 3 3 0 3 3 3 0 0
0 0 0 0 0 0 0 0 0 0 0 0
0 0 0 0 0 0 0 0 0 0 0 0
0 0 0 0 0 0 0 0 0 0 0 0
0 1 1 1 0 0 1 1 1 0 0 0
0 0 0 0 0 0 0 0 0 0 0 0
0 0 0 0 0 0 0 0 0 0 0 0

Example 2 output (22x12):
0 0 0 2 0 0 0 0 0 0 0 0
0 2 2 2 0 0 0 0 0 0 0 0
0 2 3 3 3 0 0 0 0 0 0 0
0 2 0 0 0 0 0 0 0 0 0 0
0 2 2 2 0 0 0 0 0 0 0 0
1 1 1 2 0 0 0 0 0 0 0 0
0 0 0 2 2 2 0 0 0 0 0 0
0 0 1 1 1 2 0 0 0 0 0 0
0 0 0 0 0 2 2 2 0 0 0 0
1 1 0 0 1 1 1 2 0 0 0 0
0 0 0 0 0 0 0 2 0 0 0 0
0 0 0 0 2 2 2 2 0 0 0 0
0 0 0 0 2 3 3 3 0 0 0 0
0 0 0 0 2 0 0 0 0 0 0 0
0 0 2 2 2 0 0 0 0 0 0 0
0 0 2 3 3 3 0 3 3 3 0 0
0 0 2 0 0 0 0 0 0 0 0 0
0 0 2 0 0 0 0 0 0 0 0 0
0 0 2 2 2 0 0 0 0 0 0 0
0 1 1 1 2 0 1 1 1 0 0 0
0 0 0 0 2 0 0 0 0 0 0 0
0 0 0 0 2 0 0 0 0 0 0 0

Example 3 input (22x12):
0 0 0 0 0 2 0 0 0 0 0 0
0 0 0 0 0 0 0 0 0 0 0 0
0 0 0 0 1 1 1 0 0 0 0 0
0 0 0 0 0 0 0 0 0 0 0 0
0 0 1 1 1 0 1 1 1 0 0 0
0 0 0 0 0 0 0 0 0 0 0 0
0 3 3 3 0 3 3 3 0 3 3 3
0 0 0 0 0 0 0 0 0 0 0 0
0 0 0 0 0 0 0 0 0 0 0 0
0 0 3 3 3 0 0 3 3 3 0 0
0 0 0 0 0 0 0 0 0 0 0 0
0 0 0 0 0 0 1 1 1 0 0 0
0 0 0 0 0 0 0 0 0 0 0 0
0 0 0 0 0 0 0 0 0 0 0 0
0 0 0 0 0 0 0 3 3 3 0 0
0 0 0 0 0 0 0 0 0 0 0 0
0 0 0 0 0 0 0 0 0 0 0 0
0 0 0 0 3 3 3 0 3 3 3 0
0 0 0 0 0 0 0 0 0 0 0 0
0 0 0 3 3 3 0 0 0 0 3 3
0 0 0 0 0 0 0 0 0 0 0 0
0 0 0 0 0 0 0 0 0 0 0 0

Example 3 output (22x12):
0 0 0 0 0 2 0 0 0 0 0 0
0 0 0 0 0 2 2 2 0 0 0 0
0 0 0 0 1 1 1 2 0 0 0 0
0 0 0 0 0 0 0 2 2 2 0 0
0 0 1 1 1 0 1 1 1 2 0 0
0 0 0 0 0 0 0 0 2 2 0 0
0 3 3 3 0 3 3 3 2 3 3 3
0 0 0 0 0 0 0 0 2 0 0 0
0 0 0 0 0 0 2 2 2 0 0 0
0 0 3 3 3 0 2 3 3 3 0 0
0 0 0 0 0 0 2 2 2 2 0 0
0 0 0 0 0 0 1 1 1 2 0 0
0 0 0 0 0 0 0 0 0 2 0 0
0 0 0 0 0 0 2 2 2 2 0 0
0 0 0 0 0 0 2 3 3 3 0 0
0 0 0 0 0 0 2 0 0 0 0 0
0 0 0 2 2 2 2 0 0 0 0 0
0 0 0 2 3 3 3 0 3 3 3 0
0 0 2 2 0 0 0 0 0 0 0 0
0 0 2 3 3 3 0 0 0 0 3 3
0 0 2 0 0 0 0 0 0 0 0 0
0 0 2 0 0 0 0 0 0 0 0 0

Example 4 input (13x19):
0 0 0 0 0 0 0 0 0 0 0 0 0 0 0 0 0 0 0
0 0 0 0 0 0 0 0 0 0 0 0 0 0 0 0 0 0 0
0 0 0 3 0 0 0 0 0 3 0 0 0 0 0 0 0 0 0
2 0 0 3 0 0 1 0 0 3 0 0 0 0 0 0 0 0 0
0 0 0 3 0 0 1 0 0 3 0 0 3 0 0 0 0 0 0
0 0 0 0 0 0 1 0 0 0 0 0 3 0 0 0 0 0 0
0 0 0 0 0 0 0 0 0 0 0 0 3 0 0 0 0 0 0
0 0 0 0 0 0 0 0 0 0 0 0 0 0 0 0 0 0 0
0 0 0 0 0 0 0 0 0 0 0 0 0 0 0 0 0 0 0
0 0 0 0 0 0 0 0 0 0 0 0 0 0 0 0 0 0 0
0 0 0 0 0 0 0 0 0 0 0 0 0 0 0 0 0 0 0
0 0 0 0 0 0 0 0 0 0 0 0 0 0 0 0 0 0 0
0 0 0 0 0 0 0 0 0 0 0 0 0 0 0 0 0 0 0

Example 4 output (13x19):
0 0 0 0 0 0 0 0 0 0 0 0 0 0 0 0 0 0 0
0 0 0 0 0 0 0 0 0 0 0 0 0 0 0 0 0 0 0
0 0 0 3 0 2 2 2 2 3 0 0 0 0 0 0 0 0 0
2 2 2 3 0 2 1 0 2 3 0 0 0 0 0 0 0 0 0
0 0 2 3 0 2 1 0 2 3 0 0 3 0 0 0 0 0 0
0 0 2 2 2 2 1 0 2 2 2 2 3 0 0 0 0 0 0
0 0 0 0 0 0 0 0 0 0 0 2 3 0 0 0 0 0 0
0 0 0 0 0 0 0 0 0 0 0 2 2 2 2 2 2 2 2
0 0 0 0 0 0 0 0 0 0 0 0 0 0 0 0 0 0 0
0 0 0 0 0 0 0 0 0 0 0 0 0 0 0 0 0 0 0
0 0 0 0 0 0 0 0 0 0 0 0 0 0 0 0 0 0 0
0 0 0 0 0 0 0 0 0 0 0 0 0 0 0 0 0 0 0
0 0 0 0 0 0 0 0 0 0 0 0 0 0 0 0 0 0 0

Test input (13x29):
0 0 0 0 0 0 0 0 0 0 0 0 0 0 0 0 0 0 0 0 0 0 0 0 0 0 0 0 0
0 0 0 0 0 0 0 1 0 0 0 0 0 0 0 0 0 0 0 0 0 0 0 0 0 0 0 0 0
0 0 0 0 0 0 0 1 0 0 0 0 0 0 0 0 0 0 0 0 0 0 1 0 0 0 0 0 0
0 0 0 0 1 0 0 1 0 0 3 0 0 0 0 0 0 0 1 0 0 0 1 0 0 0 0 0 0
0 0 0 0 1 0 0 0 0 0 3 0 0 0 0 0 0 0 1 0 0 0 1 0 0 0 0 0 0
0 0 3 0 1 0 0 0 0 0 3 0 0 0 0 0 0 0 1 0 0 0 0 0 0 0 0 0 0
2 0 3 0 0 0 0 1 0 0 0 0 0 0 3 0 0 0 0 0 0 0 3 0 0 0 0 0 0
0 0 3 0 0 0 0 1 0 0 0 0 0 0 3 0 0 0 0 0 0 0 3 0 0 0 0 0 0
0 0 0 0 1 0 0 1 0 0 3 0 0 0 3 0 0 0 1 0 0 0 3 0 0 0 0 0 0
0 0 0 0 1 0 0 0 0 0 3 0 0 0 0 0 0 0 1 0 0 0 0 0 0 0 0 0 0
0 0 0 0 1 0 0 0 0 0 3 0 0 0 0 0 0 0 1 0 0 0 1 0 0 0 0 0 0
0 0 0 0 0 0 0 0 0 0 0 0 0 0 0 0 0 0 0 0 0 0 1 0 0 0 0 0 0
0 0 0 0 0 0 0 0 0 0 0 0 0 0 0 0 0 0 0 0 0 0 1 0 0 0 0 0 0
