Example 1 input (26x29):
0 0 0 0 8 8 8 8 8 8 8 8 8 8 8 0 0 0 0 0 0 0 0 0 0 0 0 0 0
0 0 0 8 8 8 8 8 8 8 8 8 8 8 8 8 0 0 0 0 0 0 0 0 0 0 0 0 0
0 0 8 8 8 8 8 8 8 8 8 8 8 8 8 8 8 0 0 0 0 0 0 0 0 0 0 0 0
0 8 8 8 8 8 8 8 8 8 8 8 8 8 8 8 8 8 0 0 0 0 0 0 0 0 0 0 0
0 8 8 8 8 8 8 8 8 8 8 8 8 8 8 8 8 8 0 0 0 0 0 0 0 0 0 0 0
0 8 8 8 8 8 8 8 8 8 8 8 8 8 8 8 8 8 0 0 0 0 0 0 0 0 0 0 0
0 8 8 8 8 8 8 8 8 8 8 8 8 8 8 8 8 8 0 0 0 0 0 0 0 0 0 0 0
0 8 8 8 8 8 8 8 8 8 8 8 8 8 8 8 8 8 0 0 0 0 0 0 0 0 0 0 0
0 8 8 8 8 8 8 8 8 8 8 8 8 8 8 8 8 8 0 0 0 0 0 0 0 0 0 0 0
0 8 8 8 8 8 8 8 8 8 8 8 8 8 8 8 8 8 0 0 0 0 0 0 0 0 0 0 0
0 8 8 8 8 8 8 8 8 8 8 8 8 8 8 8 8 8 0 0 0 0 0 0 0 0 0 0 0
0 0 8 8 8 8 8 8 8 8 8 8 8 8 8 8 8 0 0 0 0 0 0 0 0 0 0 0 0
0 0 0 8 8 8 8 8 8 8 8 8 8 8 8 8 0 0 0 0 0 0 0 0 0 0 0 0 0
0 0 0 0 8 8 8 8 8 8 8 8 8 8 8 0 0 0 0 0 0 0 0 0 0 0 0 0 0
0 0 0 0 0 8 8 8 8 8 8 8 8 8 0 0 0 0 0 0 0 0 0 0 0 0 0 0 0
0 0 0 0 0 0 0 0 0 0 0 0 0 0 0 0 0 0 0 0 0 0 0 0 0 0 0 0 0
0 0 0 0 0 0 0 0 0 0 0 0 0 0 0 0 0 0 0 0 0 0 0 0 0 0 0 0 0
0 0 0 0 0 0 0 0 0 0 0 0 0 0 0 0 8 8 8 0 0 0 0 0 0 0 0 0 0
0 0 0 0 0 0 0 0 0 0 0 0 0 0 0 8 8 8 8 8 0 0 0 0 0 0 0 0 0
0 0 0 0 0 0 0 0 0 0 0 0 0 0 8 8 8 8 8 8 8 0 0 0 0 0 0 0 0
0 0 0 0 0 0 0 0 0 0 0 0 0 0 8 8 8 8 8 8 8 0 0 0 0 0 0 0 0
0 0 0 0 0 0 0 0 0 0 0 0 0 0 8 8 8 8 8 8 8 0 0 0 0 0 0 0 0
0 0 0 0 0 0 0 0 0 0 0 0 0 0 0 8 8 8 8 8 0 0 0 0 0 0 0 0 0
0 0 0 0 0 0 0 0 0 0 0 0 0 0 0 0 8 8 8 0 0 0 0 0 0 0 0 0 0
0 0 0 0 0 0 0 0 0 0 0 0 0 0 0 0 0 0 0 0 0 0 0 0 0 0 0 0 0
0 0 0 0 0 0 0 0 0 0 0 0 0 0 0 0 0 0 0 0 0 0 0 0 0 0 0 0 0

Example 1 output (26x29):
0 0 0 0 8 8 8 8 8 8 8 8 8 8 8 0 0 0 0 0 0 0 0 0 0 0 0 0 0
0 0 0 8 8 8 8 8 8 8 8 8 8 8 8 8 0 0 0 0 0 0 0 0 0 0 0 0 0
0 0 8 8 8 8 8 8 8 8 8 8 8 8 8 8 8 0 0 0 0 0 0 0 0 0 0 0 0
0 8 8 8 8 8 8 8 8 8 8 8 8 8 8 8 8 8 0 0 0 0 0 0 0 0 0 0 0
4 8 8 8 8 8 8 8 8 8 8 8 8 8 8 8 8 8 4 0 0 0 0 0 0 0 0 0 0
4 8 8 8 8 8 8 8 8 8 8 8 8 8 8 8 8 8 4 4 0 0 0 0 0 0 0 0 0
4 8 8 8 8 8 8 8 8 8 8 8 8 8 8 8 8 8 4 4 4 0 0 0 0 0 0 0 0
4 8 8 8 8 8 8 8 8 8 8 8 8 8 8 8 8 8 4 4 4 0 0 0 0 0 0 0 0
4 8 8 8 8 8 8 8 8 8 8 8 8 8 8 8 8 8 4 4 0 0 0 0 0 0 0 0 0
4 8 8 8 8 8 8 8 8 8 8 8 8 8 8 8 8 8 4 0 0 0 0 0 0 0 0 0 0
0 8 8 8 8 8 8 8 8 8 8 8 8 8 8 8 8 8 0 0 0 0 0 0 0 0 0 0 0
0 0 8 8 8 8 8 8 8 8 8 8 8 8 8 8 8 0 0 0 0 0 0 0 0 0 0 0 0
0 0 0 8 8 8 8 8 8 8 8 8 8 8 8 8 0 0 0 0 0 0 0 0 0 0 0 0 0
0 0 0 0 8 8 8 8 8 8 8 8 8 8 8 0 0 0 0 0 0 0 0 0 0 0 0 0 0
0 0 0 0 0 8 8 8 8 8 8 8 8 8 0 0 0 0 0 0 0 0 0 0 0 0 0 0 0
0 0 0 0 0 0 4 4 4 4 4 4 4 0 0 0 0 0 0 0 0 0 0 0 0 0 0 0 0
0 0 0 0 0 0 0 4 4 4 4 4 0 0 0 0 0 4 0 0 0 0 0 0 0 0 0 0 0
0 0 0 0 0 0 0 0 4 4 4 0 0 0 0 0 8 8 8 0 0 0 0 0 0 0 0 0 0
0 0 0 0 0 0 0 0 0 4 0 0 0 0 0 8 8 8 8 8 0 0 0 0 0 0 0 0 0
0 0 0 0 0 0 0 0 0 0 0 0 0 0 8 8 8 8 8 8 8 0 0 0 0 0 0 0 0
0 0 0 0 0 0 0 0 0 0 0 0 0 4 8 8 8 8 8 8 8 4 0 0 0 0 0 0 0
0 0 0 0 0 0 0 0 0 0 0 0 0 0 8 8 8 8 8 8 8 0 0 0 0 0 0 0 0
0 0 0 0 0 0 0 0 0 0 0 0 0 0 0 8 8 8 8 8 0 0 0 0 0 0 0 0 0
0 0 0 0 0 0 0 0 0 0 0 0 0 0 0 0 8 8 8 0 0 0 0 0 0 0 0 0 0
0 0 0 0 0 0 0 0 0 0 0 0 0 0 0 0 0 4 0 0 0 0 0 0 0 0 0 0 0
0 0 0 0 0 0 0 0 0 0 0 0 0 0 0 0 0 0 0 0 0 0 0 0 0 0 0 0 0

Example 2 input (22x21):
0 0 0 0 0 0 0 0 0 0 0 0 0 0 0 0 0 0 0 0 0
0 0 0 0 0 0 0 0 0 0 0 0 0 0 0 0 0 0 0 0 0
0 0 0 0 8 8 8 8 8 0 0 0 0 0 0 0 0 0 0 0 0
0 0 0 8 8 8 8 8 8 8 0 0 0 0 0 0 0 0 0 0 0
0 0 0 8 8 8 8 8 8 8 0 0 0 0 0 0 0 0 0 0 0
0 0 0 8 8 8 8 8 8 8 0 0 0 0 0 0 0 0 0 0 0
0 0 0 8 8 8 8 8 8 8 0 0 0 0 0 0 0 0 0 0 0
0 0 0 8 8 8 8 8 8 8 0 0 0 0 0 0 0 0 0 0 0
0 0 0 8 8 8 8 8 8 8 0 0 0 0 0 0 0 0 0 0 0
0 0 0 0 8 8 8 8 8 0 0 0 0 0 0 0 0 0 0 0 0
0 0 0 0 0 0 0 0 0 0 0 0 0 0 0 0 0 0 0 0 0
0 0 0 0 0 0 0 0 0 0 0 0 0 0 0 0 0 0 0 0 0
0 0 0 0 0 0 0 0 0 0 0 0 0 0 0 0 0 0 0 0 0
0 0 0 0 0 0 0 0 8 8 8 8 8 8 8 0 0 0 0 0 0
0 0 0 0 0 0 0 8 8 8 8 8 8 8 8 8 0 0 0 0 0
0 0 0 0 0 0 8 8 8 8 8 8 8 8 8 8 8 0 0 0 0
0 0 0 0 0 0 8 8 8 8 8 8 8 8 8 8 8 0 0 0 0
0 0 0 0 0 0 8 8 8 8 8 8 8 8 8 8 8 0 0 0 0
0 0 0 0 0 0 0 8 8 8 8 8 8 8 8 8 0 0 0 0 0
0 0 0 0 0 0 0 0 8 8 8 8 8 8 8 0 0 0 0 0 0
0 0 0 0 0 0 0 0 0 0 0 0 0 0 0 0 0 0 0 0 0
0 0 0 0 0 0 0 0 0 0 0 0 0 0 0 0 0 0 0 0 0

Example 2 output (22x21):
0 0 0 0 0 0 4 0 0 0 0 0 0 0 0 0 0 0 0 0 0
0 0 0 0 0 4 4 4 0 0 0 0 0 0 0 0 0 0 0 0 0
0 0 0 0 8 8 8 8 8 0 0 0 0 0 0 0 0 0 0 0 0
0 0 0 8 8 8 8 8 8 8 0 0 0 0 0 0 0 0 0 0 0
0 0 4 8 8 8 8 8 8 8 4 0 0 0 0 0 0 0 0 0 0
0 4 4 8 8 8 8 8 8 8 4 4 0 0 0 0 0 0 0 0 0
0 4 4 8 8 8 8 8 8 8 4 4 0 0 0 0 0 0 0 0 0
0 0 4 8 8 8 8 8 8 8 4 0 0 0 0 0 0 0 0 0 0
0 0 0 8 8 8 8 8 8 8 0 0 0 0 0 0 0 0 0 0 0
0 0 0 0 8 8 8 8 8 0 0 0 0 0 0 0 0 0 0 0 0
0 0 0 0 0 4 4 4 0 0 0 4 0 0 0 0 0 0 0 0 0
0 0 0 0 0 0 4 0 0 0 4 4 4 0 0 0 0 0 0 0 0
0 0 0 0 0 0 0 0 0 4 4 4 4 4 0 0 0 0 0 0 0
0 0 0 0 0 0 0 0 8 8 8 8 8 8 8 0 0 0 0 0 0
0 0 0 0 0 0 0 8 8 8 8 8 8 8 8 8 0 0 0 0 0
0 0 0 0 0 0 8 8 8 8 8 8 8 8 8 8 8 0 0 0 0
0 0 0 0 0 4 8 8 8 8 8 8 8 8 8 8 8 4 0 0 0
0 0 0 0 0 0 8 8 8 8 8 8 8 8 8 8 8 0 0 0 0
0 0 0 0 0 0 0 8 8 8 8 8 8 8 8 8 0 0 0 0 0
0 0 0 0 0 0 0 0 8 8 8 8 8 8 8 0 0 0 0 0 0
0 0 0 0 0 0 0 0 0 4 4 4 4 4 0 0 0 0 0 0 0
0 0 0 0 0 0 0 0 0 0 4 4 4 0 0 0 0 0 0 0 0

Test input (20x20):
0 0 0 0 0 8 8 8 8 8 0 0 0 0 0 0 0 0 0 0
0 0 0 0 8 8 8 8 8 8 8 0 0 0 0 0 0 0 0 0
0 0 0 8 8 8 8 8 8 8 8 8 0 0 0 0 0 0 0 0
0 0 0 8 8 8 8 8 8 8 8 8 0 0 0 0 0 0 0 0
0 0 0 8 8 8 8 8 8 8 8 8 0 0 0 0 0 0 0 0
0 0 0 8 8 8 8 8 8 8 8 8 0 0 0 0 0 0 0 0
0 0 0 8 8 8 8 8 8 8 8 8 0 0 0 0 0 0 0 0
0 0 0 8 8 8 8 8 8 8 8 8 0 0 0 0 0 0 0 0
0 0 0 8 8 8 8 8 8 8 8 8 0 0 0 0 0 0 0 0
0 0 0 0 8 8 8 8 8 8 8 0 0 0 0 0 0 0 0 0
0 0 0 0 0 8 8 8 8 8 0 0 0 0 0 0 0 0 0 0
0 0 0 0 0 0 0 0 0 0 0 0 0 0 0 0 0 0 0 0
0 0 0 0 0 0 0 0 0 0 0 0 0 0 0 0 0 0 0 0
0 0 0 0 0 0 0 0 0 0 0 0 0 0 8 8 8 0 0 0
0 0 0 0 0 0 0 0 0 0 0 0 0 8 8 8 8 8 0 0
0 0 0 0 0 0 0 0 0 0 0 0 0 8 8 8 8 8 0 0
0 0 0 0 0 0 0 0 0 0 0 0 0 8 8 8 8 8 0 0
0 0 0 0 0 0 0 0 0 0 0 0 0 8 8 8 8 8 0 0
0 0 0 0 0 0 0 0 0 0 0 0 0 0 8 8 8 0 0 0
0 0 0 0 0 0 0 0 0 0 0 0 0 0 0 0 0 0 0 0
