Example 1 input (15x15):
0 0 0 0 0 0 0 0 0 0 0 0 0 0 0
0 0 0 0 0 0 0 0 0 0 0 0 0 0 0
0 0 9 9 9 0 0 0 7 4 4 0 0 0 0
0 0 8 8 9 0 0 0 7 4 7 0 0 0 0
0 0 8 8 9 0 0 0 7 4 4 0 0 0 0
0 0 0 0 0 0 0 0 0 0 0 0 0 0 0
0 0 0 0 0 0 0 0 1 3 3 0 0 0 0
0 0 0 0 0 0 0 0 1 2 2 0 0 0 0
0 0 0 0 0 0 0 0 1 3 2 0 0 0 0
0 0 3 6 6 0 0 0 0 0 0 0 0 0 0
0 0 3 3 3 0 0 0 0 0 0 0 0 0 0
0 0 6 6 3 0 0 0 0 0 0 0 0 0 0
0 0 0 0 0 0 0 0 0 0 0 0 0 0 0
0 0 0 0 0 0 0 0 0 0 0 0 0 0 0
0 0 0 0 0 0 0 0 0 0 0 0 0 0 0

Example 1 output (3x3):
1 3 3
1 2 2
1 3 2

Example 2 input (15x15):
0 0 0 0 0 0 0 0 0 0 0 0 0 0 0
0 0 0 0 0 0 0 0 0 0 0 0 0 0 0
0 0 0 5 5 5 0 0 0 0 0 0 0 0 0
0 0 0 6 8 8 0 0 0 0 0 0 0 0 0
0 0 0 6 5 5 0 0 9 9 9 0 0 0 0
0 0 0 0 0 0 0 0 4 4 9 0 0 0 0
0 0 0 0 0 0 0 0 4 9 9 0 0 0 0
0 0 0 0 0 0 0 0 0 0 0 0 0 0 0
0 0 0 0 0 0 0 0 0 0 0 0 0 0 0
0 0 0 0 0 0 0 1 7 1 0 0 0 0 0
0 0 0 3 2 2 0 7 1 7 0 0 0 0 0
0 0 0 2 2 2 0 7 7 7 0 0 0 0 0
0 0 0 3 2 3 0 0 0 0 0 0 0 0 0
0 0 0 0 0 0 0 0 0 0 0 0 0 0 0
0 0 0 0 0 0 0 0 0 0 0 0 0 0 0

Example 2 output (3x3):
5 5 5
6 8 8
6 5 5

Example 3 input (15x15):
0 0 0 0 0 0 0 0 0 0 0 0 0 0 0
0 0 7 5 5 0 0 0 0 0 0 0 0 0 0
0 0 5 7 5 0 0 0 1 6 2 0 0 0 0
0 0 5 7 7 0 0 0 6 1 1 0 0 0 0
0 0 0 0 0 0 0 0 2 6 1 0 0 0 0
0 0 0 0 0 0 0 0 0 0 0 0 0 0 0
0 0 0 0 0 0 0 0 0 0 0 0 0 0 0
0 0 8 3 3 0 0 0 0 0 0 0 0 0 0
0 0 3 3 8 0 0 0 0 0 0 0 0 0 0
0 0 8 3 3 0 0 0 9 4 4 0 0 0 0
0 0 0 0 0 0 0 0 4 9 4 0 0 0 0
0 0 0 0 0 0 0 0 4 4 9 0 0 0 0
0 0 0 0 0 0 0 0 0 0 0 0 0 0 0
0 0 0 0 0 0 0 0 0 0 0 0 0 0 0
0 0 0 0 0 0 0 0 0 0 0 0 0 0 0

Example 3 output (3x3):
1 6 2
6 1 1
2 6 1

Test input (15x15):
0 0 0 0 0 0 0 0 0 0 0 0 0 0 0
0 0 3 6 6 0 0 0 7 1 7 0 0 0 0
0 0 3 3 3 0 0 0 1 7 7 0 0 0 0
0 0 6 3 6 0 0 0 7 1 1 0 0 0 0
0 0 0 0 0 0 0 0 0 0 0 0 0 0 0
0 0 0 0 0 0 0 0 0 0 0 0 0 0 0
0 0 0 0 0 0 0 0 8 8 5 0 0 0 0
0 0 0 0 0 0 0 0 5 5 5 0 0 0 0
0 0 9 4 4 0 0 0 5 5 8 0 0 0 0
0 0 4 4 4 0 0 0 0 0 0 0 0 0 0
0 0 2 2 2 0 0 0 0 0 0 0 0 0 0
0 0 0 0 0 0 0 0 0 0 0 0 0 0 0
0 0 0 0 0 0 0 0 0 0 0 0 0 0 0
0 0 0 0 0 0 0 0 0 0 0 0 0 0 0
0 0 0 0 0 0 0 0 0 0 0 0 0 0 0
