Example 1 input (8x20):
0 4 0 3 0 2 0 0 0 0 0 0 0 0 0 0 0 0 0 0
0 4 0 3 0 2 0 0 8 8 8 8 0 0 0 8 8 8 8 0
0 4 0 3 0 2 0 0 8 8 8 8 0 0 0 8 8 8 8 0
0 4 0 3 0 2 0 0 8 8 8 8 8 8 0 8 8 8 8 0
0 4 0 3 0 2 0 0 8 8 8 8 8 8 0 8 8 8 8 0
0 4 0 3 0 2 0 0 0 0 0 0 8 8 0 0 0 0 0 0
0 4 0 3 0 2 0 0 0 0 0 0 8 8 0 0 0 0 0 0
0 4 0 3 0 2 0 0 0 0 0 0 0 0 0 0 0 0 0 0

Example 1 output (8x20):
0 0 0 0 0 0 0 0 0 0 0 0 0 0 0 0 0 0 0 0
0 0 0 0 0 0 0 0 4 4 4 4 0 0 0 2 2 2 2 0
0 0 0 0 0 0 0 0 4 4 4 4 0 0 0 2 2 2 2 0
0 0 0 0 0 0 0 0 4 4 4 4 3 3 0 2 2 2 2 0
0 0 0 0 0 0 0 0 4 4 4 4 3 3 0 2 2 2 2 0
0 0 0 0 0 0 0 0 0 0 0 0 3 3 0 0 0 0 0 0
0 0 0 0 0 0 0 0 0 0 0 0 3 3 0 0 0 0 0 0
0 0 0 0 0 0 0 0 0 0 0 0 0 0 0 0 0 0 0 0

Example 2 input (6x15):
0 1 0 6 0 7 0 8 8 8 0 0 8 8 8
0 1 0 6 0 7 0 8 8 8 0 0 8 8 8
0 1 0 6 0 7 0 0 0 0 8 8 8 8 8
0 1 0 6 0 7 0 0 0 0 8 8 0 0 0
0 1 0 6 0 7 0 0 0 0 8 8 0 0 0
0 1 0 6 0 7 0 0 0 0 8 8 0 0 0

Example 2 output (6x15):
0 0 0 0 0 0 0 1 1 1 0 0 7 7 7
0 0 0 0 0 0 0 1 1 1 0 0 7 7 7
0 0 0 0 0 0 0 0 0 0 6 6 7 7 7
0 0 0 0 0 0 0 0 0 0 6 6 0 0 0
0 0 0 0 0 0 0 0 0 0 6 6 0 0 0
0 0 0 0 0 0 0 0 0 0 6 6 0 0 0

Example 3 input (7x18):
0 3 0 2 0 4 0 7 0 8 8 0 0 0 8 8 0 0
0 3 0 2 0 4 0 7 0 8 8 8 8 0 8 8 0 0
0 3 0 2 0 4 0 7 0 0 0 8 8 0 8 8 0 0
0 3 0 2 0 4 0 7 0 0 0 8 8 0 8 8 8 8
0 3 0 2 0 4 0 7 0 0 0 0 0 0 8 8 8 8
0 3 0 2 0 4 0 7 0 0 0 0 0 0 0 0 8 8
0 3 0 2 0 4 0 7 0 0 0 0 0 0 0 0 0 0

Example 3 output (7x18):
0 0 0 0 0 0 0 0 0 3 3 0 0 0 4 4 0 0
0 0 0 0 0 0 0 0 0 3 3 2 2 0 4 4 0 0
0 0 0 0 0 0 0 0 0 0 0 2 2 0 4 4 0 0
0 0 0 0 0 0 0 0 0 0 0 2 2 0 4 4 7 7
0 0 0 0 0 0 0 0 0 0 0 0 0 0 4 4 7 7
0 0 0 0 0 0 0 0 0 0 0 0 0 0 0 0 7 7
0 0 0 0 0 0 0 0 0 0 0 0 0 0 0 0 0 0

Test input (7x28):
0 1 0 3 0 2 0 4 0 6 0 7 0 8 8 8 0 0 0 0 8 8 8 0 0 0 0 0
0 1 0 3 0 2 0 4 0 6 0 7 0 8 8 8 0 0 8 8 8 8 8 0 0 0 8 8
0 1 0 3 0 2 0 4 0 6 0 7 0 8 8 8 0 0 8 8 0 0 0 8 8 8 8 8
0 1 0 3 0 2 0 4 0 6 0 7 0 0 0 0 8 8 8 8 0 0 0 8 8 8 8 8
0 1 0 3 0 2 0 4 0 6 0 7 0 0 0 0 8 8 0 0 0 0 0 8 8 8 8 8
0 1 0 3 0 2 0 4 0 6 0 7 0 0 0 0 8 8 0 0 0 0 0 8 8 8 0 0
0 1 0 3 0 2 0 4 0 6 0 7 0 0 0 0 8 8 0 0 0 0 0 8 8 8 0 0
