Example 1 input (15x15):
1 1 1 1 1 1 1 1 1 1 1 1 1 1 1
1 1 1 1 1 1 1 1 1 1 1 1 1 1 1
1 1 1 2 2 1 1 1 1 1 1 1 1 1 1
1 1 1 2 2 1 1 1 1 1 1 1 1 1 1
1 1 1 1 1 1 1 1 1 1 1 1 1 1 1
1 1 1 1 1 1 1 2 2 2 1 1 1 1 1
1 1 1 1 1 1 1 2 2 2 1 1 1 1 1
1 1 1 1 1 1 1 1 1 1 1 1 1 1 1
1 1 1 1 1 1 1 1 1 1 1 1 1 1 1
8 8 8 8 8 8 8 8 8 8 8 8 8 8 8
8 8 2 8 8 8 8 8 8 8 8 8 8 8 8
8 8 8 8 8 8 8 2 2 2 8 8 8 8 8
8 8 8 8 8 8 8 2 2 2 8 8 8 8 8
8 8 8 8 8 8 8 8 8 8 8 8 8 8 8
8 8 8 8 8 8 8 8 8 8 8 8 8 8 8

Example 1 output (15x15):
1 1 1 1 1 1 1 1 1 1 1 1 1 1 1
1 1 1 1 1 1 1 1 1 1 1 1 1 1 1
1 1 1 1 1 1 1 1 1 1 1 1 1 2 2
1 1 1 1 1 1 1 1 1 1 1 1 1 2 2
1 1 1 1 1 1 1 1 1 1 1 1 1 1 1
1 1 1 1 1 1 1 1 1 1 1 1 2 2 2
1 1 1 1 1 1 1 1 1 1 1 1 2 2 2
1 1 1 1 1 1 1 1 1 1 1 1 1 1 1
1 1 1 1 1 1 1 1 1 1 1 1 1 1 1
8 8 8 8 8 8 8 8 8 8 8 8 8 8 8
2 8 8 8 8 8 8 8 8 8 8 8 8 8 8
2 2 2 8 8 8 8 8 8 8 8 8 8 8 8
2 2 2 8 8 8 8 8 8 8 8 8 8 8 8
8 8 8 8 8 8 8 8 8 8 8 8 8 8 8
8 8 8 8 8 8 8 8 8 8 8 8 8 8 8

Example 2 input (11x13):
1 1 1 1 1 1 1 8 8 8 8 8 8
1 1 1 1 1 1 1 8 8 2 2 8 8
1 1 1 1 1 1 1 8 8 2 2 8 8
1 1 2 2 1 1 1 8 8 2 2 8 8
1 1 2 2 1 1 1 8 8 8 8 8 8
1 1 1 1 1 1 1 8 8 8 8 8 8
1 1 2 2 2 1 1 8 8 8 8 8 8
1 1 2 2 2 1 1 8 8 8 8 8 8
1 1 1 1 1 1 1 8 2 2 8 8 8
1 1 1 1 1 1 1 8 2 2 8 8 8
1 1 1 1 1 1 1 8 8 8 8 8 8

Example 2 output (11x13):
1 1 1 1 1 1 1 8 8 8 8 8 8
1 1 1 1 1 1 1 2 2 8 8 8 8
1 1 1 1 1 1 1 2 2 8 8 8 8
1 1 1 1 1 2 2 2 2 8 8 8 8
1 1 1 1 1 2 2 8 8 8 8 8 8
1 1 1 1 1 1 1 8 8 8 8 8 8
1 1 1 1 2 2 2 8 8 8 8 8 8
1 1 1 1 2 2 2 8 8 8 8 8 8
1 1 1 1 1 1 1 2 2 8 8 8 8
1 1 1 1 1 1 1 2 2 8 8 8 8
1 1 1 1 1 1 1 8 8 8 8 8 8

Example 3 input (12x14):
8 8 8 8 8 8 1 1 1 1 1 1 1 1
8 8 8 8 8 8 1 1 1 1 1 1 1 1
8 8 2 2 8 8 1 1 1 1 2 2 1 1
8 8 2 2 8 8 1 1 1 1 2 2 1 1
8 8 2 2 8 8 1 1 1 1 1 1 1 1
8 8 2 2 8 8 1 1 1 1 1 1 1 1
8 8 8 8 8 8 1 1 2 2 2 1 1 1
8 2 2 8 8 8 1 1 2 2 2 1 1 1
8 2 2 8 8 8 1 1 1 1 1 1 1 1
8 8 8 8 8 8 1 1 1 1 1 2 2 1
8 8 8 8 8 8 1 1 1 1 1 1 1 1
8 8 8 8 8 8 1 1 1 1 1 1 1 1

Example 3 output (12x14):
8 8 8 8 8 8 1 1 1 1 1 1 1 1
8 8 8 8 8 8 1 1 1 1 1 1 1 1
2 2 8 8 8 8 1 1 1 1 1 1 2 2
2 2 8 8 8 8 1 1 1 1 1 1 2 2
2 2 8 8 8 8 1 1 1 1 1 1 1 1
2 2 8 8 8 8 1 1 1 1 1 1 1 1
8 8 8 8 8 8 1 1 1 1 1 2 2 2
2 2 8 8 8 8 1 1 1 1 1 2 2 2
2 2 8 8 8 8 1 1 1 1 1 1 1 1
8 8 8 8 8 8 1 1 1 1 1 1 2 2
8 8 8 8 8 8 1 1 1 1 1 1 1 1
8 8 8 8 8 8 1 1 1 1 1 1 1 1

Example 4 input (12x11):
8 8 8 8 8 8 8 8 8 8 8
8 8 8 8 8 8 8 8 8 8 8
8 8 2 2 8 8 8 8 8 8 8
8 8 2 2 8 8 8 8 8 8 8
8 8 8 8 8 8 8 8 8 8 8
8 8 8 8 8 2 2 2 8 8 8
8 8 8 8 8 2 2 2 8 8 8
8 8 8 8 8 8 8 8 8 8 8
1 1 1 1 1 1 1 1 1 1 1
1 1 1 2 2 1 1 1 1 1 1
1 1 1 2 2 1 1 1 1 1 1
1 1 1 1 1 1 1 1 2 1 1

Example 4 output (12x11):
8 8 8 8 8 8 8 8 8 8 8
8 8 8 8 8 8 8 8 8 8 8
2 2 8 8 8 8 8 8 8 8 8
2 2 8 8 8 8 8 8 8 8 8
8 8 8 8 8 8 8 8 8 8 8
2 2 2 8 8 8 8 8 8 8 8
2 2 2 8 8 8 8 8 8 8 8
8 8 8 8 8 8 8 8 8 8 8
1 1 1 1 1 1 1 1 1 1 1
1 1 1 1 1 1 1 1 1 2 2
1 1 1 1 1 1 1 1 1 2 2
1 1 1 1 1 1 1 1 1 1 2

Test 1 input (10x11):
1 1 1 1 1 1 8 8 8 8 8
1 1 1 1 1 1 8 2 8 8 8
1 1 1 1 1 1 8 8 8 8 8
1 2 2 1 1 1 8 8 2 2 8
1 2 2 1 1 1 8 8 2 2 8
1 1 1 1 1 1 8 8 8 8 8
2 2 2 2 1 1 8 8 8 8 8
2 2 2 2 1 1 8 8 2 8 8
1 1 1 1 1 1 8 8 2 8 8
1 1 1 1 1 1 8 8 8 8 8

Test 2 input (9x9):
1 1 1 1 1 1 1 1 1
1 1 2 2 1 1 1 1 1
1 1 1 1 1 2 1 1 1
1 1 1 1 1 1 1 1 1
8 8 8 8 8 8 8 8 8
8 8 8 8 2 2 8 8 8
8 8 8 8 2 2 8 8 8
8 2 8 8 8 8 8 8 8
8 8 8 8 8 8 8 8 8
