Example 1 input (6x10):
0 0 0 4 4 4 4 4 0 0
0 0 4 4 4 4 0 4 4 0
0 0 0 4 0 0 0 0 0 0
0 0 0 0 0 0 6 0 0 0
0 0 0 0 6 6 6 6 0 0
0 0 0 0 0 0 6 0 0 0

Example 1 output (6x10):
0 0 0 4 4 4 4 4 0 0
0 0 4 4 4 4 0 4 4 0
0 0 0 4 0 0 0 0 0 0
0 0 0 4 0 0 0 0 0 0
0 0 4 4 4 4 0 4 4 0
0 0 0 4 4 4 4 4 0 0

Example 2 input (12x10):
0 0 0 0 0 0 0 0 0 0
0 0 0 0 0 4 0 0 0 0
0 0 0 4 4 4 0 0 0 0
0 0 4 4 4 4 4 0 0 0
0 0 0 4 4 0 0 0 0 0
0 0 0 0 0 0 0 0 0 0
0 0 0 0 0 0 0 0 0 0
0 0 0 0 0 0 0 0 0 0
0 0 0 0 6 0 0 0 0 0
0 0 6 6 6 6 0 0 0 0
0 0 0 0 6 0 0 0 0 0
0 0 0 0 0 0 0 0 0 0

Example 2 output (12x10):
0 0 0 0 0 0 0 0 0 0
0 0 0 0 0 4 0 0 0 0
0 0 0 4 4 4 0 0 0 0
0 0 4 4 4 4 4 0 0 0
0 0 0 4 4 0 0 0 0 0
0 0 0 4 4 0 0 0 0 0
0 0 4 4 4 4 4 0 0 0
0 0 0 4 4 4 0 0 0 0
0 0 0 0 0 4 0 0 0 0
0 0 0 0 0 0 0 0 0 0
0 0 0 0 0 0 0 0 0 0
0 0 0 0 0 0 0 0 0 0

Example 3 input (10x10):
0 0 0 0 0 0 0 0 0 0
0 0 0 0 0 0 0 0 0 0
0 0 4 0 0 0 0 0 0 0
0 0 0 4 0 0 0 0 0 0
0 4 4 0 0 0 0 0 0 0
0 4 4 4 0 0 0 0 0 0
0 0 0 0 0 0 0 0 0 0
0 0 0 0 0 6 6 6 0 0
0 0 0 0 0 0 6 0 0 0
0 0 0 0 0 0 6 0 0 0

Example 3 output (10x10):
0 0 0 0 0 0 0 0 0 0
0 0 0 0 0 0 0 0 0 0
0 0 4 0 0 4 0 0 0 0
0 0 0 4 4 0 0 0 0 0
0 4 4 0 0 4 4 0 0 0
0 4 4 4 4 4 4 0 0 0
0 0 0 0 0 0 0 0 0 0
0 0 0 0 0 0 0 0 0 0
0 0 0 0 0 0 0 0 0 0
0 0 0 0 0 0 0 0 0 0

Example 4 input (11x10):
0 0 0 0 0 0 0 0 0 0
0 0 0 0 0 4 4 0 0 0
0 0 0 0 4 4 0 0 0 0
0 0 0 0 4 0 4 0 0 0
0 0 0 0 0 4 0 0 0 0
0 0 0 0 0 0 0 0 0 0
0 0 0 0 0 0 0 0 0 0
0 6 6 6 0 0 0 0 0 0
0 0 6 0 0 0 0 0 0 0
0 0 6 0 0 0 0 0 0 0
0 0 0 0 0 0 0 0 0 0

Example 4 output (11x10):
0 0 0 0 0 0 0 0 0 0
0 0 0 0 0 4 4 4 4 0
0 0 0 0 4 4 0 0 4 4
0 0 0 0 4 0 4 4 0 4
0 0 0 0 0 4 0 0 4 0
0 0 0 0 0 0 0 0 0 0
0 0 0 0 0 0 0 0 0 0
0 0 0 0 0 0 0 0 0 0
0 0 0 0 0 0 0 0 0 0
0 0 0 0 0 0 0 0 0 0
0 0 0 0 0 0 0 0 0 0

Example 5 input (11x13):
0 0 0 0 0 0 0 0 0 0 0 0 0
0 0 0 0 0 0 0 0 0 0 0 0 0
0 0 0 0 0 0 0 0 0 0 0 0 0
0 0 0 0 0 0 0 0 0 0 0 0 0
0 0 0 0 0 4 0 4 0 0 0 0 0
0 0 0 4 0 4 4 4 4 0 0 0 0
0 0 0 0 4 4 4 4 0 0 0 0 0
0 0 0 0 0 0 0 0 0 0 0 0 0
0 0 0 0 0 0 0 0 0 6 0 0 0
0 0 0 0 0 0 0 0 6 6 6 6 0
0 0 0 0 0 0 0 0 0 6 0 0 0

Example 5 output (11x13):
0 0 0 0 0 0 0 0 0 0 0 0 0
0 0 0 0 4 4 4 4 0 0 0 0 0
0 0 0 4 0 4 4 4 4 0 0 0 0
0 0 0 0 0 4 0 4 0 0 0 0 0
0 0 0 0 0 4 0 4 0 0 0 0 0
0 0 0 4 0 4 4 4 4 0 0 0 0
0 0 0 0 4 4 4 4 0 0 0 0 0
0 0 0 0 0 0 0 0 0 0 0 0 0
0 0 0 0 0 0 0 0 0 0 0 0 0
0 0 0 0 0 0 0 0 0 0 0 0 0
0 0 0 0 0 0 0 0 0 0 0 0 0

Test input (11x12):
0 0 0 0 0 0 0 0 0 0 0 0
0 0 0 0 0 0 4 0 0 0 0 0
0 0 0 0 0 4 4 4 0 0 0 0
0 0 0 0 0 0 0 4 0 0 0 0
0 0 0 0 0 0 4 4 4 0 0 0
0 0 0 0 0 0 4 4 0 0 0 0
0 0 0 0 0 0 0 0 0 0 0 0
0 0 6 0 0 0 0 0 0 0 0 0
0 0 6 0 0 0 0 0 0 0 0 0
0 6 6 6 0 0 0 0 0 0 0 0
0 0 0 0 0 0 0 0 0 0 0 0
