Example 1 input (10x10):
0 0 0 0 0 0 0 0 0 0
0 0 0 0 0 0 0 0 0 0
0 0 5 0 0 0 0 0 0 0
0 0 5 0 0 0 0 0 0 0
0 0 5 0 0 0 0 0 0 0
0 0 5 6 6 6 9 9 9 0
0 0 0 0 0 0 0 0 0 0
0 0 0 0 0 0 0 0 0 0
0 0 0 0 0 0 0 0 0 0
0 0 0 0 0 0 0 0 0 0

Example 1 output (10x10):
0 0 0 0 0 0 0 0 0 0
0 0 0 0 0 0 0 0 0 0
0 0 5 6 6 6 9 9 9 0
0 0 5 6 6 6 9 9 9 0
0 0 5 6 6 6 9 9 9 0
0 0 5 6 6 6 9 9 9 0
0 0 0 0 0 0 0 0 0 0
0 0 0 0 0 0 0 0 0 0
0 0 0 0 0 0 0 0 0 0
0 0 0 0 0 0 0 0 0 0

Example 2 input (10x10):
0 0 0 0 0 0 0 0 0 0
5 0 0 0 0 0 0 0 0 0
5 0 0 0 0 0 0 0 0 0
5 0 0 0 0 0 0 0 0 0
5 0 0 0 0 0 0 0 0 0
5 0 0 0 0 0 0 0 0 0
5 0 0 0 0 0 0 0 0 0
5 4 3 3 4 4 4 0 0 0
5 7 3 7 7 3 3 0 0 0
0 0 0 0 0 0 0 0 0 0

Example 2 output (10x10):
0 0 0 0 0 0 0 0 0 0
5 4 3 3 4 4 4 0 0 0
5 7 3 7 7 3 3 0 0 0
5 4 3 3 4 4 4 0 0 0
5 7 3 7 7 3 3 0 0 0
5 4 3 3 4 4 4 0 0 0
5 7 3 7 7 3 3 0 0 0
5 4 3 3 4 4 4 0 0 0
5 7 3 7 7 3 3 0 0 0
0 0 0 0 0 0 0 0 0 0

Example 3 input (10x10):
0 0 0 0 0 0 0 0 0 0
0 5 5 5 5 5 5 0 0 0
0 2 0 0 0 0 0 0 0 0
0 1 0 0 0 0 0 0 0 0
0 2 0 0 0 0 0 0 0 0
0 6 0 0 0 0 0 0 0 0
0 1 0 0 0 0 0 0 0 0
0 1 0 0 0 0 0 0 0 0
0 0 0 0 0 0 0 0 0 0
0 0 0 0 0 0 0 0 0 0

Example 3 output (10x10):
0 0 0 0 0 0 0 0 0 0
0 5 5 5 5 5 5 0 0 0
0 2 2 2 2 2 2 0 0 0
0 1 1 1 1 1 1 0 0 0
0 2 2 2 2 2 2 0 0 0
0 6 6 6 6 6 6 0 0 0
0 1 1 1 1 1 1 0 0 0
0 1 1 1 1 1 1 0 0 0
0 0 0 0 0 0 0 0 0 0
0 0 0 0 0 0 0 0 0 0

Example 4 input (10x10):
0 0 0 0 0 0 5 5 5 5
5 0 0 0 0 0 3 0 0 0
5 0 0 0 0 0 3 0 0 0
5 0 0 0 0 0 7 0 0 0
5 0 0 0 0 0 3 0 0 0
5 0 0 0 0 0 7 0 0 0
5 0 0 0 0 0 7 0 0 0
5 6 3 6 3 0 0 0 0 0
5 2 2 2 2 0 0 0 0 0
0 0 0 0 0 0 0 0 0 0

Example 4 output (10x10):
0 0 0 0 0 0 5 5 5 5
5 6 3 6 3 0 3 3 3 3
5 2 2 2 2 0 3 3 3 3
5 6 3 6 3 0 7 7 7 7
5 2 2 2 2 0 3 3 3 3
5 6 3 6 3 0 7 7 7 7
5 2 2 2 2 0 7 7 7 7
5 6 3 6 3 0 0 0 0 0
5 2 2 2 2 0 0 0 0 0
0 0 0 0 0 0 0 0 0 0

Test input (10x10):
0 0 0 0 0 0 0 0 0 0
5 5 5 5 5 0 5 0 0 0
4 0 0 0 0 0 5 0 0 0
2 0 0 0 0 0 5 0 0 0
2 0 0 0 0 0 5 0 0 0
2 0 0 0 0 0 5 0 0 0
1 0 0 0 0 0 5 0 0 0
0 0 0 0 0 0 5 8 6 8
0 0 0 0 0 0 5 3 3 3
0 0 0 0 0 0 0 0 0 0
