Example 1 input (19x19):
0 5 5 5 5 5 0 0 5 5 0 5 0 0 5 5 5 0 0
0 5 0 5 5 5 0 0 5 0 0 0 0 0 0 0 0 5 5
5 0 0 5 5 5 5 0 0 0 0 5 5 0 5 5 5 5 0
0 0 0 0 0 0 0 5 0 0 0 5 5 0 0 5 5 0 0
5 0 0 5 5 0 5 5 5 5 0 5 0 0 0 0 0 0 0
5 0 0 5 5 5 5 0 0 0 0 5 0 0 5 0 0 5 5
0 5 0 5 2 5 5 5 0 0 0 0 5 5 0 0 0 0 0
5 5 5 5 5 2 5 5 5 0 5 5 0 0 5 0 5 0 5
0 0 5 0 5 5 0 0 5 5 0 0 5 5 0 5 5 5 5
0 5 5 5 5 5 5 0 5 0 2 5 5 0 0 5 0 5 5
0 5 5 0 0 0 0 5 5 0 2 5 5 0 5 5 5 5 0
5 5 2 2 2 5 0 0 0 0 5 2 2 5 5 5 0 0 5
5 0 5 5 2 5 5 5 0 0 0 5 5 0 5 5 5 0 5
0 0 2 5 2 5 0 5 0 0 0 0 5 5 5 5 0 0 5
0 5 5 5 0 0 0 5 0 5 5 0 5 5 5 5 0 5 0
5 5 5 0 5 5 0 5 5 5 5 0 0 5 2 5 0 5 5
5 5 0 5 5 0 0 0 0 0 0 5 0 0 5 0 5 0 5
5 0 0 5 0 0 0 0 0 5 0 5 0 0 0 0 0 0 0
0 5 5 5 0 5 5 5 0 0 5 5 0 0 0 0 0 5 0

Example 1 output (19x19):
0 5 5 5 5 5 0 0 5 5 0 5 0 0 5 5 5 0 0
0 5 0 5 5 5 0 0 5 0 0 0 0 0 0 0 0 5 5
5 0 0 5 5 5 5 0 0 0 0 5 5 0 5 5 5 5 0
0 0 0 0 0 0 0 5 0 0 0 5 5 0 0 5 5 0 0
5 0 0 5 5 0 5 5 5 5 0 5 0 0 0 0 0 0 0
5 0 0 5 7 7 7 0 0 0 0 5 0 0 5 0 0 5 5
0 5 0 5 2 4 7 5 0 0 0 0 5 5 0 0 0 0 0
5 5 5 5 7 2 7 5 5 0 5 5 0 0 5 0 5 0 5
0 0 5 0 5 5 0 0 5 5 0 0 5 5 0 5 5 5 5
0 5 5 5 5 5 5 0 5 0 2 7 7 0 0 5 0 5 5
0 5 5 0 0 0 0 5 5 0 2 4 7 0 5 5 5 5 0
5 5 2 2 2 5 0 0 0 0 7 2 2 5 5 5 0 0 5
5 0 7 4 2 5 5 5 0 0 0 5 5 0 5 5 5 0 5
0 0 2 7 2 5 0 5 0 0 0 0 5 7 7 7 0 0 5
0 5 5 5 0 0 0 5 0 5 5 0 5 7 4 7 0 5 0
5 5 5 0 5 5 0 5 5 5 5 0 0 7 2 7 0 5 5
5 5 0 5 5 0 0 0 0 0 0 5 0 0 5 0 5 0 5
5 0 0 5 0 0 0 0 0 5 0 5 0 0 0 0 0 0 0
0 5 5 5 0 5 5 5 0 0 5 5 0 0 0 0 0 5 0

Example 2 input (19x19):
5 5 0 5 0 5 0 0 0 5 5 5 5 5 5 0 0 0 5
0 0 0 5 5 5 0 5 5 0 5 2 2 5 5 5 0 0 0
0 5 5 5 5 0 5 0 5 5 5 2 5 5 0 5 0 0 0
5 0 5 2 2 5 5 0 0 5 5 5 5 5 5 0 5 5 5
0 5 5 5 2 5 0 0 5 5 0 0 5 0 5 0 5 0 5
0 0 2 2 2 5 5 0 5 0 5 5 0 5 0 5 0 0 5
0 0 5 5 5 5 5 5 5 5 5 0 0 0 0 5 5 5 0
5 5 5 5 0 5 5 0 0 0 5 5 0 0 0 0 5 0 5
0 0 0 0 5 5 5 5 5 5 5 0 5 0 0 0 0 0 0
0 5 5 0 5 0 5 5 5 0 5 0 0 0 0 0 2 2 5
0 5 0 0 0 5 0 0 5 0 5 0 0 5 0 5 5 5 5
5 0 0 5 5 0 5 5 5 5 5 0 5 5 0 5 5 5 2
5 0 5 0 0 0 5 5 5 0 5 0 0 5 5 5 5 5 5
0 5 0 5 0 0 0 0 5 0 5 5 0 5 0 0 5 5 5
0 0 5 5 5 5 5 5 5 5 5 5 5 0 0 0 0 0 0
0 5 5 5 2 5 2 5 5 0 0 5 0 0 0 5 5 5 0
5 5 5 0 2 2 5 5 5 0 0 0 0 5 5 0 5 5 0
0 5 0 0 5 0 0 5 0 5 0 5 0 5 5 5 0 5 0
5 0 0 0 0 0 5 0 5 0 0 5 0 5 5 0 5 5 5

Example 2 output (19x19):
5 5 0 5 0 5 0 0 0 5 5 5 5 5 5 0 0 0 5
0 0 0 5 5 5 0 5 5 0 5 2 2 7 5 5 0 0 0
0 5 5 5 5 0 5 0 5 5 5 2 4 7 0 5 0 0 0
5 0 7 2 2 5 5 0 0 5 5 7 7 7 5 0 5 5 5
0 5 7 4 2 5 0 0 5 5 0 0 5 0 5 0 5 0 5
0 0 2 2 2 5 5 0 5 0 5 5 0 5 0 5 0 0 5
0 0 5 5 5 5 5 5 5 5 5 0 0 0 0 5 5 5 0
5 5 5 5 0 5 5 0 0 0 5 5 0 0 0 0 5 0 5
0 0 0 0 5 5 5 5 5 5 5 0 5 0 0 0 0 0 0
0 5 5 0 5 0 5 5 5 0 5 0 0 0 0 0 2 2 7
0 5 0 0 0 5 0 0 5 0 5 0 0 5 0 5 7 4 7
5 0 0 5 5 0 5 5 5 5 5 0 5 5 0 5 7 7 2
5 0 5 0 0 0 5 5 5 0 5 0 0 5 5 5 5 5 5
0 5 0 5 0 0 0 0 5 0 5 5 0 5 0 0 5 5 5
0 0 5 5 7 7 7 5 5 5 5 5 5 0 0 0 0 0 0
0 5 5 5 2 4 2 5 5 0 0 5 0 0 0 5 5 5 0
5 5 5 0 2 2 7 5 5 0 0 0 0 5 5 0 5 5 0
0 5 0 0 5 0 0 5 0 5 0 5 0 5 5 5 0 5 0
5 0 0 0 0 0 5 0 5 0 0 5 0 5 5 0 5 5 5

Example 3 input (19x19):
0 0 5 5 5 0 5 5 0 5 5 5 5 5 5 5 5 5 5
5 5 2 5 5 5 5 5 5 0 5 0 0 0 2 2 5 5 0
5 5 5 2 5 0 5 5 5 0 5 5 0 5 2 5 2 5 5
0 0 5 5 0 5 5 5 5 0 5 5 0 5 5 2 5 0 0
0 5 5 5 0 5 5 0 0 5 0 5 0 0 5 5 5 5 5
5 0 0 5 5 5 5 0 5 5 5 5 0 5 0 0 5 5 5
5 5 0 0 0 5 0 0 5 0 5 5 0 0 5 0 0 0 0
0 5 5 0 0 5 0 5 5 5 0 0 5 5 0 0 5 5 5
5 5 0 5 5 5 5 5 5 5 5 0 5 5 0 0 5 5 5
5 5 5 5 0 0 0 5 5 0 0 5 5 5 0 5 5 5 5
0 5 2 2 5 5 0 0 5 0 0 5 2 5 5 5 0 5 5
5 5 5 5 5 0 0 5 0 0 0 5 5 2 5 0 0 0 5
0 5 5 5 2 0 0 5 5 5 5 5 5 5 0 5 5 0 0
0 0 0 0 0 0 5 0 0 0 5 5 5 5 0 5 5 5 0
5 0 0 5 5 0 5 5 5 0 0 5 5 5 5 0 5 5 5
5 5 5 5 5 5 5 5 5 0 0 5 0 0 0 5 5 5 0
5 5 5 5 0 5 0 5 5 5 5 5 0 5 0 5 5 5 0
5 0 5 0 5 5 0 5 5 0 0 5 0 5 5 0 0 5 5
5 0 5 0 0 0 5 0 0 5 0 5 5 5 0 0 5 5 5

Example 3 output (19x19):
0 0 7 7 7 0 5 5 0 5 5 5 5 5 5 5 5 5 5
5 5 2 4 7 5 5 5 5 0 5 0 0 0 2 2 7 5 0
5 5 7 2 7 0 5 5 5 0 5 5 0 5 2 4 2 5 5
0 0 5 5 0 5 5 5 5 0 5 5 0 5 7 2 7 0 0
0 5 5 5 0 5 5 0 0 5 0 5 0 0 5 5 5 5 5
5 0 0 5 5 5 5 0 5 5 5 5 0 5 0 0 5 5 5
5 5 0 0 0 5 0 0 5 0 5 5 0 0 5 0 0 0 0
0 5 5 0 0 5 0 5 5 5 0 0 5 5 0 0 5 5 5
5 5 0 5 5 5 5 5 5 5 5 0 5 5 0 0 5 5 5
5 5 5 5 0 0 0 5 5 0 0 5 5 5 0 5 5 5 5
0 5 2 2 7 5 0 0 5 0 0 7 2 7 5 5 0 5 5
5 5 7 4 7 0 0 5 0 0 0 7 4 2 5 0 0 0 5
0 5 7 7 2 0 0 5 5 5 5 7 7 7 0 5 5 0 0
0 0 0 0 0 0 5 0 0 0 5 5 5 5 0 5 5 5 0
5 0 0 5 5 0 5 5 5 0 0 5 5 5 5 0 5 5 5
5 5 5 5 5 5 5 5 5 0 0 5 0 0 0 5 5 5 0
5 5 5 5 0 5 0 5 5 5 5 5 0 5 0 5 5 5 0
5 0 5 0 5 5 0 5 5 0 0 5 0 5 5 0 0 5 5
5 0 5 0 0 0 5 0 0 5 0 5 5 5 0 0 5 5 5

Test input (19x19):
5 0 5 5 0 5 5 0 0 0 5 5 5 0 5 5 5 5 0
0 5 5 5 0 0 0 5 0 5 5 5 5 5 0 5 5 0 5
0 0 5 0 0 0 0 5 0 5 5 5 0 5 5 5 5 0 5
0 5 5 0 5 0 0 0 5 5 5 0 5 2 5 5 5 0 5
5 0 0 5 0 0 5 5 5 5 5 5 0 2 2 5 5 0 0
5 5 5 0 5 5 5 5 0 0 5 0 5 0 5 0 0 5 5
5 2 5 0 5 0 5 5 5 5 0 5 5 0 5 0 5 5 5
5 5 2 5 5 0 5 5 0 5 5 5 5 0 5 5 0 5 5
5 5 5 0 0 5 0 0 0 0 5 5 5 5 0 0 5 0 0
5 5 0 5 5 0 5 0 5 0 5 0 5 5 0 5 0 5 5
5 5 5 5 5 0 5 5 0 0 5 5 5 0 5 5 5 5 5
5 5 5 5 0 0 5 0 0 0 0 0 0 0 0 5 0 5 5
5 5 0 0 5 0 5 5 5 0 5 5 0 0 5 5 5 2 5
5 5 5 5 5 2 5 5 5 5 0 5 0 0 5 0 2 5 5
5 0 5 0 5 5 2 5 0 0 5 0 0 5 0 5 5 5 5
5 5 5 5 5 2 5 5 5 0 5 5 5 5 0 5 5 5 5
0 5 5 5 5 5 0 5 0 5 0 5 5 0 5 5 5 0 5
5 5 0 5 0 0 0 0 5 0 5 5 5 0 0 0 0 5 5
5 5 5 0 5 0 5 0 5 0 5 0 0 5 0 0 5 5 5
