Example 1 input (11x11):
0 0 0 0 2 0 2 0 2 2 0
0 0 0 0 2 2 2 0 2 2 2
0 0 0 0 2 2 2 0 2 2 2
0 0 0 0 0 0 0 0 0 0 0
0 0 0 0 2 2 2 0 0 0 0
0 0 0 0 2 0 2 0 0 0 0
0 0 0 0 2 2 2 0 0 0 0
0 0 0 0 0 0 0 0 0 0 0
0 0 0 0 2 2 2 0 2 2 2
0 0 0 0 2 2 2 0 2 2 2
0 0 0 0 2 0 2 0 2 2 0

Example 1 output (11x11):
0 2 2 0 2 0 2 0 2 2 0
2 2 2 0 2 2 2 0 2 2 2
2 2 2 0 2 2 2 0 2 2 2
0 0 0 0 0 0 0 0 0 0 0
2 2 2 0 2 2 2 0 2 2 2
0 2 2 0 2 0 2 0 2 2 0
2 2 2 0 2 2 2 0 2 2 2
0 0 0 0 0 0 0 0 0 0 0
2 2 2 0 2 2 2 0 2 2 2
2 2 2 0 2 2 2 0 2 2 2
0 2 2 0 2 0 2 0 2 2 0

Example 2 input (5x5):
0 0 0 0 0
0 0 0 0 0
0 0 0 0 0
8 8 0 8 8
0 8 0 8 0

Example 2 output (5x5):
0 8 0 8 0
8 8 0 8 8
0 0 0 0 0
8 8 0 8 8
0 8 0 8 0

Test input (19x19):
0 0 0 0 0 0 0 0 0 0 1 1 0 1 0 0 0 0 0
0 0 0 0 0 0 0 0 0 0 1 1 1 1 0 0 0 0 0
0 0 0 0 0 0 0 0 0 0 1 1 1 1 0 0 0 0 0
0 0 0 0 0 0 0 0 0 0 1 1 1 1 0 0 0 0 0
0 0 0 0 0 0 0 0 0 0 0 0 0 0 0 0 0 0 0
0 0 0 0 0 1 1 1 1 0 1 1 1 1 0 1 1 1 1
0 0 0 0 0 1 0 1 1 0 1 1 0 1 0 1 1 1 0
0 0 0 0 0 1 1 1 1 0 1 1 1 1 0 1 1 1 1
0 0 0 0 0 1 1 1 1 0 1 1 1 1 0 1 1 1 1
0 0 0 0 0 0 0 0 0 0 0 0 0 0 0 0 0 0 0
0 0 0 0 0 1 1 1 1 0 0 0 0 0 0 0 0 0 0
0 0 0 0 0 1 1 1 1 0 0 0 0 0 0 0 0 0 0
0 0 0 0 0 1 0 1 1 0 0 0 0 0 0 0 0 0 0
0 0 0 0 0 1 1 1 1 0 0 0 0 0 0 0 0 0 0
0 0 0 0 0 0 0 0 0 0 0 0 0 0 0 0 0 0 0
1 1 1 1 0 1 1 1 1 0 0 0 0 0 0 0 0 0 0
1 1 1 1 0 1 1 1 1 0 0 0 0 0 0 0 0 0 0
1 1 1 1 0 1 1 1 1 0 0 0 0 0 0 0 0 0 0
0 1 1 1 0 1 0 1 1 0 0 0 0 0 0 0 0 0 0
