Example 1 input (21x25):
0 0 0 0 0 0 0 0 0 0 0 0 0 0 0 0 0 0 0 0 0 0 0 0 0
0 0 2 2 2 2 2 2 2 2 0 0 0 0 0 0 0 0 0 0 0 8 0 0 0
0 0 2 2 2 2 2 2 2 2 0 0 0 0 0 0 0 0 0 8 0 0 0 0 0
0 0 2 2 2 2 2 2 2 2 0 0 0 0 0 0 0 0 0 0 0 0 0 0 0
0 0 2 2 2 2 2 2 2 2 0 0 0 0 0 8 0 0 0 0 0 0 0 0 0
0 0 2 2 2 2 2 2 2 2 0 0 0 0 0 0 0 0 0 0 0 0 0 0 0
0 0 2 2 2 2 2 2 2 2 0 0 0 0 0 0 0 0 0 0 0 0 0 0 0
0 0 2 2 2 2 2 2 2 2 0 0 0 0 0 0 0 0 8 0 0 0 0 0 0
0 0 2 2 2 2 2 2 2 2 0 0 0 0 0 0 0 0 0 0 0 0 0 0 0
0 0 0 0 0 0 0 0 0 0 0 0 0 0 0 0 0 0 0 0 0 0 0 0 0
0 0 0 0 0 0 0 0 0 0 0 0 0 0 0 0 0 0 0 0 0 0 0 0 0
0 0 0 0 0 0 0 0 0 0 0 0 0 0 0 0 0 0 0 0 0 0 0 0 0
0 0 0 8 0 0 0 0 0 0 0 0 0 0 0 0 0 0 0 0 0 0 0 0 0
0 0 0 0 0 0 0 0 0 8 0 0 0 0 0 0 0 0 0 0 0 0 0 0 0
0 0 0 0 0 0 0 0 0 0 0 0 0 0 0 0 0 0 0 0 0 0 0 0 0
0 0 0 0 0 8 0 0 0 0 0 0 0 0 0 0 0 0 0 0 0 0 0 0 0
0 0 0 0 0 0 0 0 0 0 0 0 0 0 0 0 0 0 0 0 0 0 0 0 0
0 0 0 0 0 0 0 0 8 0 0 0 0 0 0 0 0 0 0 0 0 0 0 0 0
0 0 0 0 0 0 0 0 0 0 0 0 0 0 0 0 0 0 0 0 0 0 0 0 0
0 0 0 0 0 0 0 0 0 0 0 0 0 0 0 0 0 0 0 0 0 0 0 0 0
0 0 0 0 0 0 0 0 0 0 0 0 0 0 0 0 0 0 0 0 0 0 0 0 0

Example 1 output (21x25):
0 0 2 2 2 2 2 2 2 2 0 0 0 0 0 0 0 0 0 0 0 0 0 0 0
2 2 2 2 2 2 2 2 2 2 0 0 0 0 0 0 0 0 0 0 0 8 0 0 0
2 2 2 2 2 2 2 2 2 2 0 0 0 0 0 0 0 0 0 8 0 0 0 0 0
2 2 2 2 2 2 2 2 2 2 2 2 2 2 2 2 2 2 2 2 2 2 2 2 2
2 2 2 2 2 2 2 2 2 2 0 0 0 0 0 8 0 0 0 0 0 0 0 0 0
2 2 2 2 2 2 2 2 2 2 2 2 2 2 2 2 2 2 2 2 2 2 2 2 2
2 2 2 2 2 2 2 2 2 2 2 2 2 2 2 2 2 2 2 2 2 2 2 2 2
2 2 2 2 2 2 2 2 2 2 0 0 0 0 0 0 0 0 8 0 0 0 0 0 0
2 2 2 2 2 2 2 2 2 2 2 2 2 2 2 2 2 2 2 2 2 2 2 2 2
0 0 2 0 2 0 2 2 0 0 0 0 0 0 0 0 0 0 0 0 0 0 0 0 0
0 0 2 0 2 0 2 2 0 0 0 0 0 0 0 0 0 0 0 0 0 0 0 0 0
0 0 2 0 2 0 2 2 0 0 0 0 0 0 0 0 0 0 0 0 0 0 0 0 0
0 0 2 8 2 0 2 2 0 0 0 0 0 0 0 0 0 0 0 0 0 0 0 0 0
0 0 2 0 2 0 2 2 0 8 0 0 0 0 0 0 0 0 0 0 0 0 0 0 0
0 0 2 0 2 0 2 2 0 0 0 0 0 0 0 0 0 0 0 0 0 0 0 0 0
0 0 2 0 2 8 2 2 0 0 0 0 0 0 0 0 0 0 0 0 0 0 0 0 0
0 0 2 0 2 0 2 2 0 0 0 0 0 0 0 0 0 0 0 0 0 0 0 0 0
0 0 2 0 2 0 2 2 8 0 0 0 0 0 0 0 0 0 0 0 0 0 0 0 0
0 0 2 0 2 0 2 2 0 0 0 0 0 0 0 0 0 0 0 0 0 0 0 0 0
0 0 2 0 2 0 2 2 0 0 0 0 0 0 0 0 0 0 0 0 0 0 0 0 0
0 0 2 0 2 0 2 2 0 0 0 0 0 0 0 0 0 0 0 0 0 0 0 0 0

Example 2 input (20x15):
0 0 0 0 0 0 0 0 0 0 0 0 0 0 0
0 0 0 0 3 0 0 0 3 0 0 0 0 0 0
0 0 0 0 0 0 0 0 0 0 0 0 0 0 0
0 0 0 0 0 0 3 0 0 0 0 0 0 0 0
0 0 0 0 0 0 0 0 0 0 0 0 0 0 0
0 0 0 0 2 2 2 2 2 0 0 0 3 0 0
0 0 0 0 2 2 2 2 2 0 0 0 0 0 0
0 3 0 0 2 2 2 2 2 0 0 0 0 0 0
0 0 0 0 2 2 2 2 2 0 0 0 0 3 0
0 0 0 0 2 2 2 2 2 0 0 0 0 0 0
0 0 0 0 0 0 0 0 0 0 0 0 0 0 0
0 0 0 0 0 0 0 0 0 0 0 0 0 0 0
0 0 0 0 0 0 0 0 0 0 0 0 0 0 0
0 0 0 0 0 0 0 0 3 0 0 0 0 0 0
0 0 0 0 0 0 0 0 0 0 0 0 0 0 0
0 0 0 0 0 0 0 0 0 0 0 0 0 0 0
0 0 0 0 0 3 0 0 0 0 0 0 0 0 0
0 0 0 0 0 0 0 0 0 0 0 0 0 0 0
0 0 0 0 0 0 0 0 0 0 0 0 0 0 0
0 0 0 0 0 0 0 0 0 0 0 0 0 0 0

Example 2 output (20x15):
0 0 0 0 0 2 0 2 0 0 0 0 0 0 0
0 0 0 0 3 2 0 2 3 0 0 0 0 0 0
0 0 0 0 0 2 0 2 0 0 0 0 0 0 0
0 0 0 0 0 2 3 2 0 0 0 0 0 0 0
0 0 0 0 0 2 0 2 0 0 0 0 0 0 0
2 2 2 2 2 2 2 2 2 0 0 0 3 0 0
2 2 2 2 2 2 2 2 2 2 2 2 2 2 2
0 3 0 0 2 2 2 2 2 2 2 2 2 2 2
2 2 2 2 2 2 2 2 2 0 0 0 0 3 0
2 2 2 2 2 2 2 2 2 2 2 2 2 2 2
0 0 0 0 2 0 2 2 0 0 0 0 0 0 0
0 0 0 0 2 0 2 2 0 0 0 0 0 0 0
0 0 0 0 2 0 2 2 0 0 0 0 0 0 0
0 0 0 0 2 0 2 2 3 0 0 0 0 0 0
0 0 0 0 2 0 2 2 0 0 0 0 0 0 0
0 0 0 0 2 0 2 2 0 0 0 0 0 0 0
0 0 0 0 2 3 2 2 0 0 0 0 0 0 0
0 0 0 0 2 0 2 2 0 0 0 0 0 0 0
0 0 0 0 2 0 2 2 0 0 0 0 0 0 0
0 0 0 0 2 0 2 2 0 0 0 0 0 0 0

Example 3 input (20x17):
0 0 0 0 0 0 0 0 0 0 0 0 0 0 0 0 0
0 0 0 0 0 0 4 0 0 0 4 0 0 0 0 0 0
0 0 0 0 0 0 0 0 0 0 0 0 0 0 0 0 0
0 0 0 0 0 0 0 0 0 0 0 0 0 0 0 0 0
0 0 4 0 0 2 2 2 2 2 2 0 0 0 0 0 0
0 0 0 0 0 2 2 2 2 2 2 0 0 0 0 0 0
0 0 0 0 0 2 2 2 2 2 2 0 0 0 0 0 0
0 4 0 0 0 2 2 2 2 2 2 0 0 0 0 0 0
0 0 4 0 0 2 2 2 2 2 2 0 0 0 0 0 0
0 0 0 0 0 2 2 2 2 2 2 0 0 0 4 0 0
0 0 0 0 0 0 0 0 0 0 0 0 0 0 0 0 0
0 0 0 0 0 0 0 0 0 0 0 0 0 0 0 0 0
0 0 0 0 0 0 0 0 0 0 0 0 0 0 0 0 0
0 0 0 0 0 4 0 0 0 0 0 0 0 0 0 0 0
0 0 0 0 0 0 0 0 0 4 0 0 0 0 0 0 0
0 0 0 0 0 0 0 0 0 0 0 0 0 0 0 0 0
0 0 0 0 0 0 0 0 0 0 0 0 0 0 0 0 0
0 0 0 0 0 0 0 0 0 0 0 0 0 0 0 0 0
0 0 0 0 0 0 0 0 0 0 0 0 0 0 0 0 0
0 0 0 0 0 0 0 0 0 0 0 0 0 0 0 0 0

Example 3 output (20x17):
0 0 0 0 0 2 0 2 2 2 0 0 0 0 0 0 0
0 0 0 0 0 2 4 2 2 2 4 0 0 0 0 0 0
0 0 0 0 0 2 0 2 2 2 0 0 0 0 0 0 0
0 0 0 0 0 2 0 2 2 2 0 0 0 0 0 0 0
0 0 4 0 0 2 2 2 2 2 2 2 2 2 2 2 2
2 2 2 2 2 2 2 2 2 2 2 2 2 2 2 2 2
2 2 2 2 2 2 2 2 2 2 2 2 2 2 2 2 2
0 4 0 0 0 2 2 2 2 2 2 2 2 2 2 2 2
0 0 4 0 0 2 2 2 2 2 2 2 2 2 2 2 2
2 2 2 2 2 2 2 2 2 2 2 0 0 0 4 0 0
0 0 0 0 0 0 2 2 2 0 2 0 0 0 0 0 0
0 0 0 0 0 0 2 2 2 0 2 0 0 0 0 0 0
0 0 0 0 0 0 2 2 2 0 2 0 0 0 0 0 0
0 0 0 0 0 4 2 2 2 0 2 0 0 0 0 0 0
0 0 0 0 0 0 2 2 2 4 2 0 0 0 0 0 0
0 0 0 0 0 0 2 2 2 0 2 0 0 0 0 0 0
0 0 0 0 0 0 2 2 2 0 2 0 0 0 0 0 0
0 0 0 0 0 0 2 2 2 0 2 0 0 0 0 0 0
0 0 0 0 0 0 2 2 2 0 2 0 0 0 0 0 0
0 0 0 0 0 0 2 2 2 0 2 0 0 0 0 0 0

Test input (20x20):
0 0 0 0 0 0 0 0 0 0 0 0 0 0 0 0 0 0 0 0
0 0 0 0 0 0 0 0 0 0 0 0 0 0 0 0 0 0 0 0
0 0 0 0 0 0 1 0 0 2 2 2 2 2 2 2 0 0 0 0
0 0 0 0 0 0 0 0 0 2 2 2 2 2 2 2 0 0 0 1
0 0 0 0 0 1 0 0 0 2 2 2 2 2 2 2 0 0 0 0
0 0 0 0 0 0 0 0 0 2 2 2 2 2 2 2 0 0 0 0
0 0 0 0 0 0 0 0 0 2 2 2 2 2 2 2 0 0 0 0
0 1 0 0 0 0 0 0 0 2 2 2 2 2 2 2 0 0 0 0
0 0 0 0 0 0 0 0 0 2 2 2 2 2 2 2 0 0 0 1
0 0 0 0 0 0 0 0 0 0 0 0 0 0 0 0 0 0 0 0
0 0 0 0 0 0 0 0 0 0 0 0 0 0 0 0 0 0 0 0
0 0 0 0 0 0 0 0 0 0 0 0 0 0 0 0 0 0 0 0
0 0 0 0 0 0 0 0 0 1 0 0 0 0 0 0 0 0 0 0
0 0 0 0 0 0 0 0 0 0 0 0 0 0 0 0 0 0 0 0
0 0 0 0 0 0 0 0 0 0 0 0 0 0 0 0 0 0 0 0
0 0 0 0 0 0 0 0 0 0 0 0 0 0 0 0 0 0 0 0
0 0 0 0 0 0 0 0 0 0 0 0 0 0 0 0 0 0 0 0
0 0 0 0 0 0 0 0 0 0 0 0 0 1 0 0 0 0 0 0
0 0 0 0 0 0 0 0 0 0 0 0 0 0 0 0 0 0 0 0
0 0 0 0 0 0 0 0 0 0 0 0 0 0 0 1 0 0 0 0
