Example 1 input (12x12):
2 2 2 2 2 2 2 2 2 2 2 2
2 1 3 3 1 2 2 2 2 2 2 2
2 1 1 3 1 2 2 2 2 2 2 2
2 1 3 3 3 2 2 2 2 2 2 2
2 1 1 1 1 2 2 2 2 2 2 2
2 2 2 2 2 2 2 2 2 2 2 2
2 2 2 2 2 2 2 2 2 2 2 2
2 2 2 2 0 0 0 0 2 2 2 2
2 2 2 2 0 0 0 0 2 2 2 2
2 2 2 2 0 0 0 0 2 2 2 2
2 2 2 2 0 0 0 0 2 2 2 2
2 2 2 2 2 2 2 2 2 2 2 2

Example 1 output (12x12):
2 2 2 2 2 2 2 2 2 2 2 2
2 1 3 3 1 2 2 2 2 2 2 2
2 1 1 3 1 2 2 2 2 2 2 2
2 1 3 3 3 2 2 2 2 2 2 2
2 1 1 1 1 2 2 2 2 2 2 2
2 2 2 2 2 2 2 2 2 2 2 2
2 2 2 2 2 2 2 2 2 2 2 2
2 2 2 2 1 3 3 1 2 2 2 2
2 2 2 2 1 3 1 1 2 2 2 2
2 2 2 2 3 3 3 1 2 2 2 2
2 2 2 2 1 1 1 1 2 2 2 2
2 2 2 2 2 2 2 2 2 2 2 2

Example 2 input (12x12):
2 2 2 2 2 0 0 0 0 0 2 2
2 2 2 2 2 0 0 0 0 0 2 2
2 2 2 2 2 0 0 0 0 0 2 2
2 2 2 2 2 0 0 0 0 0 2 2
2 2 2 2 2 0 0 0 0 0 2 2
2 2 2 2 2 2 2 2 2 2 2 2
2 4 4 4 1 4 2 2 2 2 2 2
2 4 4 1 4 4 2 2 2 2 2 2
2 4 1 4 1 1 2 2 2 2 2 2
2 4 4 1 4 1 2 2 2 2 2 2
2 4 4 4 4 4 2 2 2 2 2 2
2 2 2 2 2 2 2 2 2 2 2 2

Example 2 output (12x12):
2 2 2 2 2 4 1 4 4 4 2 2
2 2 2 2 2 4 4 1 4 4 2 2
2 2 2 2 2 1 1 4 1 4 2 2
2 2 2 2 2 1 4 1 4 4 2 2
2 2 2 2 2 4 4 4 4 4 2 2
2 2 2 2 2 2 2 2 2 2 2 2
2 4 4 4 1 4 2 2 2 2 2 2
2 4 4 1 4 4 2 2 2 2 2 2
2 4 1 4 1 1 2 2 2 2 2 2
2 4 4 1 4 1 2 2 2 2 2 2
2 4 4 4 4 4 2 2 2 2 2 2
2 2 2 2 2 2 2 2 2 2 2 2

Example 3 input (12x12):
1 1 1 1 1 1 1 1 1 1 1 1
1 1 1 1 1 1 1 1 1 1 1 1
1 3 3 3 3 3 3 1 1 1 1 1
1 3 3 3 2 3 3 1 1 1 1 1
1 2 2 2 3 2 3 1 1 1 1 1
1 3 3 3 2 3 3 1 1 1 1 1
1 1 1 1 1 1 1 1 1 1 1 1
1 1 1 1 1 1 1 1 1 1 1 1
1 1 1 0 0 0 0 0 0 1 1 1
1 1 1 0 0 0 0 0 0 1 1 1
1 1 1 0 0 0 0 0 0 1 1 1
1 1 1 0 0 0 0 0 0 1 1 1

Example 3 output (12x12):
1 1 1 1 1 1 1 1 1 1 1 1
1 1 1 1 1 1 1 1 1 1 1 1
1 3 3 3 3 3 3 1 1 1 1 1
1 3 3 3 2 3 3 1 1 1 1 1
1 2 2 2 3 2 3 1 1 1 1 1
1 3 3 3 2 3 3 1 1 1 1 1
1 1 1 1 1 1 1 1 1 1 1 1
1 1 1 1 1 1 1 1 1 1 1 1
1 1 1 3 3 3 3 3 3 1 1 1
1 1 1 3 3 2 3 3 3 1 1 1
1 1 1 3 2 3 2 2 2 1 1 1
1 1 1 3 3 2 3 3 3 1 1 1

Test input (12x12):
8 8 8 8 8 8 8 8 8 8 8 8
8 1 1 1 2 8 8 8 8 8 8 8
8 1 1 2 1 8 8 8 8 8 8 8
8 1 2 2 2 8 8 8 8 8 8 8
8 8 8 8 8 8 8 8 8 8 8 8
8 8 8 8 8 8 8 8 8 8 8 8
8 8 8 8 8 8 8 8 8 8 8 8
8 8 8 8 8 8 8 8 8 8 8 8
8 8 8 8 8 8 8 8 8 8 8 8
8 8 0 0 0 0 8 8 8 8 8 8
8 8 0 0 0 0 8 8 8 8 8 8
8 8 0 0 0 0 8 8 8 8 8 8
