Example 1 input (20x20):
0 0 0 0 0 0 2 2 0 0 0 0 0 0 0 0 0 0 0 0
0 0 0 0 0 0 0 0 0 0 0 0 0 0 0 0 0 0 0 0
0 0 0 3 3 3 3 3 3 3 3 3 3 3 3 0 0 0 0 0
0 0 0 3 3 2 3 3 3 3 3 3 3 3 3 0 0 0 0 0
0 0 0 3 3 3 3 3 3 3 2 3 3 3 3 0 0 0 0 0
0 0 0 3 3 3 3 3 3 3 3 3 3 3 2 0 0 0 0 0
2 0 2 3 3 3 3 3 3 3 3 3 3 3 3 0 0 0 0 0
0 0 0 3 2 3 3 3 3 3 3 3 3 3 3 0 0 0 0 0
0 0 0 3 3 3 3 3 3 3 3 3 3 3 3 0 2 0 0 0
0 0 0 3 3 3 3 3 3 3 3 3 3 3 3 0 0 0 0 0
0 0 0 0 0 0 0 0 0 0 0 0 0 0 0 0 0 0 0 0
0 0 0 0 0 0 0 2 0 0 0 0 2 0 0 0 0 0 0 0
0 0 0 0 0 0 0 0 0 0 0 0 0 0 0 0 0 0 0 0
0 0 2 0 0 0 0 0 2 3 3 3 3 3 3 3 3 0 0 0
0 0 0 0 0 2 0 0 3 3 3 3 3 3 3 3 3 0 0 0
0 0 0 0 0 0 2 0 3 3 3 3 3 3 3 3 2 0 0 0
0 0 0 0 0 0 0 0 3 3 2 3 3 3 3 3 3 0 0 0
0 0 0 0 0 0 0 0 3 3 3 2 3 3 3 3 3 0 0 0
0 0 0 0 0 2 0 0 3 3 3 3 3 3 3 3 3 0 0 0
0 0 0 0 0 0 2 0 3 2 3 3 3 3 3 3 3 2 0 0

Example 1 output (20x20):
0 0 0 0 0 0 2 2 0 0 0 0 0 0 0 0 0 0 0 0
0 0 0 0 0 0 0 0 0 0 0 0 0 0 0 0 0 0 0 0
0 0 0 3 1 1 1 3 3 3 3 3 3 3 3 0 0 0 0 0
0 0 0 3 1 2 1 3 3 1 1 1 3 3 3 0 0 0 0 0
0 0 0 3 1 1 1 3 3 1 2 1 3 1 1 1 0 0 0 0
0 0 0 3 3 3 3 3 3 1 1 1 3 1 2 1 0 0 0 0
2 0 2 1 1 1 3 3 3 3 3 3 3 1 1 1 0 0 0 0
0 0 0 1 2 1 3 3 3 3 3 3 3 3 3 0 0 0 0 0
0 0 0 1 1 1 3 3 3 3 3 3 3 3 3 0 2 0 0 0
0 0 0 3 3 3 3 3 3 3 3 3 3 3 3 0 0 0 0 0
0 0 0 0 0 0 0 0 0 0 0 0 0 0 0 0 0 0 0 0
0 0 0 0 0 0 0 2 0 0 0 0 2 0 0 0 0 0 0 0
0 0 0 0 0 0 0 1 1 1 0 0 0 0 0 0 0 0 0 0
0 0 2 0 0 0 0 1 2 1 3 3 3 3 3 3 3 0 0 0
0 0 0 0 0 2 0 1 1 1 3 3 3 3 3 1 1 1 0 0
0 0 0 0 0 0 2 0 3 1 1 1 3 3 3 1 2 1 0 0
0 0 0 0 0 0 0 0 3 1 2 1 1 3 3 1 1 1 0 0
0 0 0 0 0 0 0 0 3 1 1 2 1 3 3 3 3 0 0 0
0 0 0 0 0 2 0 0 1 1 1 1 1 3 3 3 3 0 0 0
0 0 0 0 0 0 2 0 1 2 1 3 3 3 3 3 3 2 0 0

Example 2 input (20x20):
0 0 0 0 0 0 0 0 0 0 0 0 0 2 0 0 0 0 0 0
0 0 0 0 0 0 0 0 0 0 0 0 0 0 2 3 3 3 3 3
0 0 3 3 3 3 3 3 3 3 3 0 0 0 0 3 3 3 3 3
0 0 3 3 3 3 3 2 3 3 3 0 0 0 0 3 3 3 3 3
0 0 2 3 3 3 3 3 3 2 3 0 0 0 2 3 3 2 3 3
0 0 3 3 3 3 3 3 3 3 3 0 0 0 0 3 3 3 3 3
0 0 3 3 3 3 3 2 3 3 3 0 2 0 0 3 3 3 3 3
0 0 3 3 3 3 3 3 3 3 3 0 0 0 0 3 3 3 3 3
0 0 3 3 3 3 3 3 3 3 3 0 0 0 0 3 3 3 3 2
0 0 3 2 3 3 3 3 3 3 3 0 0 0 0 3 3 3 3 3
0 0 3 3 3 3 3 2 3 3 3 0 0 2 0 2 3 3 3 3
0 0 2 3 3 3 3 3 3 3 3 0 2 0 0 3 3 3 3 3
0 2 0 0 0 0 0 0 0 0 0 0 0 0 0 3 3 3 3 3
0 0 0 3 3 3 3 3 3 3 3 3 3 0 0 3 3 3 3 3
0 0 0 3 3 3 3 3 3 3 3 3 3 0 0 3 3 3 3 3
0 2 0 3 3 3 3 3 3 3 3 3 3 0 0 0 0 0 0 0
0 0 0 3 3 3 3 3 3 2 3 3 3 0 2 0 0 0 0 0
0 0 0 3 3 3 3 3 3 3 3 2 3 0 0 0 0 0 0 0
0 0 0 3 3 3 3 2 3 3 3 3 3 0 0 0 0 0 0 0
0 0 0 3 3 3 3 3 3 3 2 3 3 0 0 0 0 0 0 0

Example 2 output (20x20):
0 0 0 0 0 0 0 0 0 0 0 0 0 2 0 0 0 0 0 0
0 0 0 0 0 0 0 0 0 0 0 0 0 0 2 3 3 3 3 3
0 0 3 3 3 3 1 1 1 3 3 0 0 0 0 3 3 3 3 3
0 1 1 1 3 3 1 2 1 1 1 0 0 0 0 3 1 1 1 3
0 1 2 1 3 3 1 1 1 2 1 0 0 0 2 3 1 2 1 3
0 1 1 1 3 3 1 1 1 1 1 0 0 0 0 3 1 1 1 3
0 0 3 3 3 3 1 2 1 3 3 0 2 0 0 3 3 3 3 3
0 0 3 3 3 3 1 1 1 3 3 0 0 0 0 3 3 3 1 1
0 0 1 1 1 3 3 3 3 3 3 0 0 0 0 3 3 3 1 2
0 0 1 2 1 3 1 1 1 3 3 0 0 0 1 1 1 3 1 1
0 1 1 1 1 3 1 2 1 3 3 0 0 2 1 2 1 3 3 3
0 1 2 1 3 3 1 1 1 3 3 0 2 0 1 1 1 3 3 3
0 1 1 1 0 0 0 0 0 0 0 0 0 0 0 3 3 3 3 3
0 0 0 3 3 3 3 3 3 3 3 3 3 0 0 3 3 3 3 3
0 0 0 3 3 3 3 3 3 3 3 3 3 0 0 3 3 3 3 3
0 2 0 3 3 3 3 3 1 1 1 3 3 0 0 0 0 0 0 0
0 0 0 3 3 3 3 3 1 2 1 1 1 0 2 0 0 0 0 0
0 0 0 3 3 3 1 1 1 1 1 2 1 0 0 0 0 0 0 0
0 0 0 3 3 3 1 2 1 1 1 1 1 0 0 0 0 0 0 0
0 0 0 3 3 3 1 1 1 1 2 1 3 0 0 0 0 0 0 0

Example 3 input (10x17):
0 0 0 0 0 2 0 0 0 0 0 0 0 0 2 0 0
0 0 0 0 0 0 0 0 0 0 2 0 0 0 0 0 0
0 3 3 3 3 0 0 0 0 0 0 0 0 0 0 0 0
0 3 3 3 2 0 0 0 0 3 3 3 3 3 2 0 0
0 3 3 3 3 0 0 0 0 3 3 3 3 3 3 0 0
0 3 3 3 3 0 0 0 0 3 2 2 3 3 3 0 0
0 2 0 0 0 0 0 0 0 3 3 3 3 3 3 0 0
0 0 0 0 0 0 0 0 0 3 3 3 3 3 3 0 0
0 0 0 0 0 0 0 0 0 0 0 0 0 0 0 0 0
0 0 0 0 2 0 0 0 0 0 2 0 0 0 0 0 0

Example 3 output (10x17):
0 0 0 0 0 2 0 0 0 0 0 0 0 0 2 0 0
0 0 0 0 0 0 0 0 0 0 2 0 0 0 0 0 0
0 3 3 1 1 1 0 0 0 0 0 0 0 1 1 1 0
0 3 3 1 2 1 0 0 0 3 3 3 3 1 2 1 0
0 3 3 1 1 1 0 0 0 1 1 1 1 1 1 1 0
0 3 3 3 3 0 0 0 0 1 2 2 1 3 3 0 0
0 2 0 0 0 0 0 0 0 1 1 1 1 3 3 0 0
0 0 0 0 0 0 0 0 0 3 3 3 3 3 3 0 0
0 0 0 0 0 0 0 0 0 0 0 0 0 0 0 0 0
0 0 0 0 2 0 0 0 0 0 2 0 0 0 0 0 0

Test input (16x27):
0 0 0 0 0 2 0 0 0 0 0 0 0 3 3 3 2 3 3 3 3 3 3 3 3 0 0
0 0 0 0 0 0 0 0 0 0 0 0 0 2 3 3 3 3 3 3 3 3 3 3 3 0 0
0 0 0 3 3 3 3 3 3 3 3 0 0 3 3 3 3 3 2 3 3 3 3 3 3 0 0
0 0 0 3 3 3 3 3 3 3 2 0 0 3 3 3 2 3 3 3 3 3 3 3 3 0 2
0 0 0 3 3 3 3 2 3 3 3 0 2 3 3 2 3 3 3 3 3 3 3 3 3 0 0
0 0 0 2 3 3 3 3 3 3 3 0 0 3 3 3 3 3 3 3 3 3 3 3 3 0 0
0 0 0 3 3 3 3 3 3 3 3 0 0 3 3 3 3 3 3 3 3 3 3 3 3 0 0
0 0 0 3 3 3 2 3 3 3 3 0 0 3 3 3 3 3 3 3 3 3 3 3 3 0 0
0 0 0 3 3 3 3 3 3 3 3 0 0 3 3 2 3 3 3 3 3 3 3 3 2 0 0
0 0 0 3 3 2 2 3 3 3 3 0 0 3 3 3 3 3 3 3 3 3 3 3 3 0 0
0 0 0 3 3 3 3 3 3 3 3 0 0 0 0 0 0 0 2 2 0 0 0 0 0 0 0
0 0 0 0 0 0 0 0 0 0 0 0 0 0 0 0 0 0 2 0 0 0 0 0 0 0 0
0 0 0 0 0 0 0 0 0 0 0 0 0 3 3 3 3 3 3 3 3 3 0 0 0 0 0
0 2 0 0 0 0 0 0 0 0 0 0 0 3 3 3 3 3 2 3 2 3 0 0 0 0 0
0 0 0 0 0 0 0 0 0 2 0 0 0 3 3 3 3 3 3 3 3 3 0 0 0 0 0
0 0 0 2 0 0 0 0 0 0 0 2 0 2 3 2 2 3 3 3 3 3 0 0 0 2 0
