Example 1 input (13x13):
0 0 0 0 0 0 0 0 0 0 0 0 0
0 5 5 5 5 5 5 5 5 5 0 0 0
0 5 0 0 0 0 0 0 0 5 0 0 0
0 5 0 0 0 0 0 0 0 5 0 0 0
0 5 0 0 0 0 0 0 0 5 0 0 0
0 5 0 0 0 0 0 0 0 5 0 0 0
0 5 0 0 0 0 0 0 0 5 0 0 0
0 5 0 0 0 0 0 0 0 5 0 0 0
0 5 0 0 0 0 0 0 0 5 0 0 0
0 5 5 5 5 5 5 5 5 5 0 0 0
0 0 0 0 0 0 0 0 0 0 0 0 0
0 0 0 0 0 0 0 0 0 0 0 0 0
0 0 0 0 0 0 0 0 0 0 0 0 0

Example 1 output (13x13):
0 0 0 0 0 0 0 0 0 0 0 0 0
0 5 5 5 5 5 5 5 5 5 0 0 0
0 5 2 2 2 2 2 2 2 5 0 0 0
0 5 2 5 5 5 5 5 2 5 0 0 0
0 5 2 5 0 0 0 5 2 5 0 0 0
0 5 2 5 0 0 0 5 2 5 0 0 0
0 5 2 5 0 0 0 5 2 5 0 0 0
0 5 2 5 5 5 5 5 2 5 0 0 0
0 5 2 2 2 2 2 2 2 5 0 0 0
0 5 5 5 5 5 5 5 5 5 0 0 0
0 0 0 0 0 0 0 0 0 0 0 0 0
0 0 0 0 0 0 0 0 0 0 0 0 0
0 0 0 0 0 0 0 0 0 0 0 0 0

Example 2 input (6x6):
5 5 5 5 5 5
5 0 0 0 0 5
5 0 0 0 0 5
5 0 0 0 0 5
5 0 0 0 0 5
5 5 5 5 5 5

Example 2 output (6x6):
5 5 5 5 5 5
5 2 2 2 2 5
5 2 5 5 2 5
5 2 5 5 2 5
5 2 2 2 2 5
5 5 5 5 5 5

Example 3 input (16x16):
0 0 0 0 0 0 0 0 0 0 0 0 0 0 0 0
0 0 0 5 5 5 5 5 5 5 5 5 5 5 5 0
0 0 0 5 0 0 0 0 0 0 0 0 0 0 5 0
0 0 0 5 0 0 0 0 0 0 0 0 0 0 5 0
0 0 0 5 0 0 0 0 0 0 0 0 0 0 5 0
0 0 0 5 0 0 0 0 0 0 0 0 0 0 5 0
0 0 0 5 0 0 0 0 0 0 0 0 0 0 5 0
0 0 0 5 0 0 0 0 0 0 0 0 0 0 5 0
0 0 0 5 0 0 0 0 0 0 0 0 0 0 5 0
0 0 0 5 0 0 0 0 0 0 0 0 0 0 5 0
0 0 0 5 0 0 0 0 0 0 0 0 0 0 5 0
0 0 0 5 0 0 0 0 0 0 0 0 0 0 5 0
0 0 0 5 5 5 5 5 5 5 5 5 5 5 5 0
0 0 0 0 0 0 0 0 0 0 0 0 0 0 0 0
0 0 0 0 0 0 0 0 0 0 0 0 0 0 0 0
0 0 0 0 0 0 0 0 0 0 0 0 0 0 0 0

Example 3 output (16x16):
0 0 0 0 0 0 0 0 0 0 0 0 0 0 0 0
0 0 0 5 5 5 5 5 5 5 5 5 5 5 5 0
0 0 0 5 2 2 2 2 2 2 2 2 2 2 5 0
0 0 0 5 2 5 5 5 5 5 5 5 5 2 5 0
0 0 0 5 2 5 0 0 0 0 0 0 5 2 5 0
0 0 0 5 2 5 0 5 5 5 5 0 5 2 5 0
0 0 0 5 2 5 0 5 2 2 5 0 5 2 5 0
0 0 0 5 2 5 0 5 2 2 5 0 5 2 5 0
0 0 0 5 2 5 0 5 5 5 5 0 5 2 5 0
0 0 0 5 2 5 0 0 0 0 0 0 5 2 5 0
0 0 0 5 2 5 5 5 5 5 5 5 5 2 5 0
0 0 0 5 2 2 2 2 2 2 2 2 2 2 5 0
0 0 0 5 5 5 5 5 5 5 5 5 5 5 5 0
0 0 0 0 0 0 0 0 0 0 0 0 0 0 0 0
0 0 0 0 0 0 0 0 0 0 0 0 0 0 0 0
0 0 0 0 0 0 0 0 0 0 0 0 0 0 0 0

Example 4 input (19x19):
0 0 0 0 0 0 0 0 0 0 0 0 0 0 0 0 0 0 0
0 5 5 5 5 5 5 5 5 5 5 5 5 5 5 5 5 5 0
0 5 0 0 0 0 0 0 0 0 0 0 0 0 0 0 0 5 0
0 5 0 0 0 0 0 0 0 0 0 0 0 0 0 0 0 5 0
0 5 0 0 0 0 0 0 0 0 0 0 0 0 0 0 0 5 0
0 5 0 0 0 0 0 0 0 0 0 0 0 0 0 0 0 5 0
0 5 0 0 0 0 0 0 0 0 0 0 0 0 0 0 0 5 0
0 5 0 0 0 0 0 0 0 0 0 0 0 0 0 0 0 5 0
0 5 0 0 0 0 0 0 0 0 0 0 0 0 0 0 0 5 0
0 5 0 0 0 0 0 0 0 0 0 0 0 0 0 0 0 5 0
0 5 0 0 0 0 0 0 0 0 0 0 0 0 0 0 0 5 0
0 5 0 0 0 0 0 0 0 0 0 0 0 0 0 0 0 5 0
0 5 0 0 0 0 0 0 0 0 0 0 0 0 0 0 0 5 0
0 5 0 0 0 0 0 0 0 0 0 0 0 0 0 0 0 5 0
0 5 0 0 0 0 0 0 0 0 0 0 0 0 0 0 0 5 0
0 5 0 0 0 0 0 0 0 0 0 0 0 0 0 0 0 5 0
0 5 0 0 0 0 0 0 0 0 0 0 0 0 0 0 0 5 0
0 5 5 5 5 5 5 5 5 5 5 5 5 5 5 5 5 5 0
0 0 0 0 0 0 0 0 0 0 0 0 0 0 0 0 0 0 0

Example 4 output (19x19):
0 0 0 0 0 0 0 0 0 0 0 0 0 0 0 0 0 0 0
0 5 5 5 5 5 5 5 5 5 5 5 5 5 5 5 5 5 0
0 5 2 2 2 2 2 2 2 2 2 2 2 2 2 2 2 5 0
0 5 2 5 5 5 5 5 5 5 5 5 5 5 5 5 2 5 0
0 5 2 5 0 0 0 0 0 0 0 0 0 0 0 5 2 5 0
0 5 2 5 0 5 5 5 5 5 5 5 5 5 0 5 2 5 0
0 5 2 5 0 5 2 2 2 2 2 2 2 5 0 5 2 5 0
0 5 2 5 0 5 2 5 5 5 5 5 2 5 0 5 2 5 0
0 5 2 5 0 5 2 5 0 0 0 5 2 5 0 5 2 5 0
0 5 2 5 0 5 2 5 0 5 0 5 2 5 0 5 2 5 0
0 5 2 5 0 5 2 5 0 0 0 5 2 5 0 5 2 5 0
0 5 2 5 0 5 2 5 5 5 5 5 2 5 0 5 2 5 0
0 5 2 5 0 5 2 2 2 2 2 2 2 5 0 5 2 5 0
0 5 2 5 0 5 5 5 5 5 5 5 5 5 0 5 2 5 0
0 5 2 5 0 0 0 0 0 0 0 0 0 0 0 5 2 5 0
0 5 2 5 5 5 5 5 5 5 5 5 5 5 5 5 2 5 0
0 5 2 2 2 2 2 2 2 2 2 2 2 2 2 2 2 5 0
0 5 5 5 5 5 5 5 5 5 5 5 5 5 5 5 5 5 0
0 0 0 0 0 0 0 0 0 0 0 0 0 0 0 0 0 0 0

Test input (30x30):
0 0 0 0 0 0 0 0 0 0 0 0 0 0 0 0 0 0 0 0 0 0 0 0 0 0 0 0 0 0
0 5 5 5 5 5 5 5 5 5 5 5 5 5 5 5 5 5 5 5 5 5 5 5 5 5 0 0 0 0
0 5 0 0 0 0 0 0 0 0 0 0 0 0 0 0 0 0 0 0 0 0 0 0 0 5 0 0 0 0
0 5 0 0 0 0 0 0 0 0 0 0 0 0 0 0 0 0 0 0 0 0 0 0 0 5 0 0 0 0
0 5 0 0 0 0 0 0 0 0 0 0 0 0 0 0 0 0 0 0 0 0 0 0 0 5 0 0 0 0
0 5 0 0 0 0 0 0 0 0 0 0 0 0 0 0 0 0 0 0 0 0 0 0 0 5 0 0 0 0
0 5 0 0 0 0 0 0 0 0 0 0 0 0 0 0 0 0 0 0 0 0 0 0 0 5 0 0 0 0
0 5 0 0 0 0 0 0 0 0 0 0 0 0 0 0 0 0 0 0 0 0 0 0 0 5 0 0 0 0
0 5 0 0 0 0 0 0 0 0 0 0 0 0 0 0 0 0 0 0 0 0 0 0 0 5 0 0 0 0
0 5 0 0 0 0 0 0 0 0 0 0 0 0 0 0 0 0 0 0 0 0 0 0 0 5 0 0 0 0
0 5 0 0 0 0 0 0 0 0 0 0 0 0 0 0 0 0 0 0 0 0 0 0 0 5 0 0 0 0
0 5 0 0 0 0 0 0 0 0 0 0 0 0 0 0 0 0 0 0 0 0 0 0 0 5 0 0 0 0
0 5 0 0 0 0 0 0 0 0 0 0 0 0 0 0 0 0 0 0 0 0 0 0 0 5 0 0 0 0
0 5 0 0 0 0 0 0 0 0 0 0 0 0 0 0 0 0 0 0 0 0 0 0 0 5 0 0 0 0
0 5 0 0 0 0 0 0 0 0 0 0 0 0 0 0 0 0 0 0 0 0 0 0 0 5 0 0 0 0
0 5 0 0 0 0 0 0 0 0 0 0 0 0 0 0 0 0 0 0 0 0 0 0 0 5 0 0 0 0
0 5 0 0 0 0 0 0 0 0 0 0 0 0 0 0 0 0 0 0 0 0 0 0 0 5 0 0 0 0
0 5 0 0 0 0 0 0 0 0 0 0 0 0 0 0 0 0 0 0 0 0 0 0 0 5 0 0 0 0
0 5 0 0 0 0 0 0 0 0 0 0 0 0 0 0 0 0 0 0 0 0 0 0 0 5 0 0 0 0
0 5 0 0 0 0 0 0 0 0 0 0 0 0 0 0 0 0 0 0 0 0 0 0 0 5 0 0 0 0
0 5 0 0 0 0 0 0 0 0 0 0 0 0 0 0 0 0 0 0 0 0 0 0 0 5 0 0 0 0
0 5 0 0 0 0 0 0 0 0 0 0 0 0 0 0 0 0 0 0 0 0 0 0 0 5 0 0 0 0
0 5 0 0 0 0 0 0 0 0 0 0 0 0 0 0 0 0 0 0 0 0 0 0 0 5 0 0 0 0
0 5 0 0 0 0 0 0 0 0 0 0 0 0 0 0 0 0 0 0 0 0 0 0 0 5 0 0 0 0
0 5 0 0 0 0 0 0 0 0 0 0 0 0 0 0 0 0 0 0 0 0 0 0 0 5 0 0 0 0
0 5 5 5 5 5 5 5 5 5 5 5 5 5 5 5 5 5 5 5 5 5 5 5 5 5 0 0 0 0
0 0 0 0 0 0 0 0 0 0 0 0 0 0 0 0 0 0 0 0 0 0 0 0 0 0 0 0 0 0
0 0 0 0 0 0 0 0 0 0 0 0 0 0 0 0 0 0 0 0 0 0 0 0 0 0 0 0 0 0
0 0 0 0 0 0 0 0 0 0 0 0 0 0 0 0 0 0 0 0 0 0 0 0 0 0 0 0 0 0
0 0 0 0 0 0 0 0 0 0 0 0 0 0 0 0 0 0 0 0 0 0 0 0 0 0 0 0 0 0
