Example 1 input (10x10):
0 0 0 0 0 0 0 0 0 9
0 0 0 0 0 0 0 0 0 9
0 0 0 0 0 0 0 0 0 8
0 0 0 0 0 0 0 0 0 8
0 0 0 0 0 0 0 0 0 7
0 0 0 0 0 0 0 0 0 7
0 0 0 0 0 0 0 0 0 6
0 0 0 0 0 0 0 0 0 6
0 0 0 0 0 0 0 0 0 5
9 9 8 8 7 7 6 6 5 5

Example 1 output (10x10):
9 9 0 0 0 0 0 0 0 9
9 9 0 0 0 0 0 0 0 9
0 0 8 8 0 0 0 0 0 8
0 0 8 8 0 0 0 0 0 8
0 0 0 0 7 7 0 0 0 7
0 0 0 0 7 7 0 0 0 7
0 0 0 0 0 0 6 6 0 6
0 0 0 0 0 0 6 6 0 6
0 0 0 0 0 0 0 0 5 5
9 9 8 8 7 7 6 6 5 5

Example 2 input (10x10):
0 0 0 0 0 0 0 0 0 5
0 0 0 0 0 0 0 0 0 6
0 0 0 0 0 0 0 0 0 6
0 0 0 0 0 0 0 0 0 7
0 0 0 0 0 0 0 0 0 7
0 0 0 0 0 0 0 0 0 7
0 0 0 0 0 0 0 0 0 8
0 0 0 0 0 0 0 0 0 9
0 0 0 0 0 0 0 0 0 9
5 6 6 7 7 7 8 9 9 9

Example 2 output (10x10):
5 0 0 0 0 0 0 0 0 5
0 6 6 0 0 0 0 0 0 6
0 6 6 0 0 0 0 0 0 6
0 0 0 7 7 7 0 0 0 7
0 0 0 7 7 7 0 0 0 7
0 0 0 7 7 7 0 0 0 7
0 0 0 0 0 0 8 0 0 8
0 0 0 0 0 0 0 9 9 9
0 0 0 0 0 0 0 9 9 9
5 6 6 7 7 7 8 9 9 9

Example 3 input (10x10):
0 0 0 0 0 0 0 0 0 8
0 0 0 0 0 0 0 0 0 8
0 0 0 0 0 0 0 0 0 8
0 0 0 0 0 0 0 0 0 4
0 0 0 0 0 0 0 0 0 4
0 0 0 0 0 0 0 0 0 5
0 0 0 0 0 0 0 0 0 5
0 0 0 0 0 0 0 0 0 3
0 0 0 0 0 0 0 0 0 3
8 8 4 4 4 5 5 3 3 3

Example 3 output (10x10):
8 8 0 0 0 0 0 0 0 8
8 8 0 0 0 0 0 0 0 8
8 8 0 0 0 0 0 0 0 8
0 0 4 4 4 0 0 0 0 4
0 0 4 4 4 0 0 0 0 4
0 0 0 0 0 5 5 0 0 5
0 0 0 0 0 5 5 0 0 5
0 0 0 0 0 0 0 3 3 3
0 0 0 0 0 0 0 3 3 3
8 8 4 4 4 5 5 3 3 3

Test input (10x10):
0 0 0 0 0 0 0 0 0 3
0 0 0 0 0 0 0 0 0 3
0 0 0 0 0 0 0 0 0 3
0 0 0 0 0 0 0 0 0 4
0 0 0 0 0 0 0 0 0 4
0 0 0 0 0 0 0 0 0 6
0 0 0 0 0 0 0 0 0 6
0 0 0 0 0 0 0 0 0 9
0 0 0 0 0 0 0 0 0 7
3 3 4 6 6 6 9 9 7 7
