Example 1 input (19x13):
8 8 8 8 8 8 8 8 8 8 8 8 8
8 8 8 8 8 8 8 8 8 8 8 8 8
8 8 8 8 8 8 8 8 8 8 8 8 8
8 8 2 2 2 0 0 0 8 8 8 8 8
8 8 0 2 2 0 0 0 8 8 8 8 8
8 8 2 0 2 0 0 0 8 8 8 8 8
8 8 0 0 0 0 0 0 8 8 8 8 8
8 8 0 0 0 0 0 0 8 8 8 8 8
8 8 0 0 0 0 0 0 8 8 8 8 8
8 8 0 0 0 0 0 0 8 8 8 8 8
8 8 0 0 0 0 0 0 8 8 8 8 8
8 8 0 0 0 0 0 0 8 8 8 8 8
8 8 0 0 0 0 0 0 8 8 8 8 8
8 8 0 0 0 0 0 0 8 8 8 8 8
8 8 0 0 0 0 0 0 8 8 8 8 8
8 8 8 8 8 8 8 8 8 8 8 8 8
8 8 8 8 8 8 8 8 8 8 8 8 8
8 8 8 8 8 8 8 8 8 8 8 8 8
8 8 8 8 8 8 8 8 8 8 8 8 8

Example 1 output (19x13):
8 8 8 8 8 8 8 8 8 8 8 8 8
8 8 8 8 8 8 8 8 8 8 8 8 8
8 8 8 8 8 8 8 8 8 8 8 8 8
8 8 2 2 2 2 2 2 8 8 8 8 8
8 8 0 2 2 0 2 2 8 8 8 8 8
8 8 2 0 2 2 0 2 8 8 8 8 8
8 8 2 2 2 2 2 2 8 8 8 8 8
8 8 0 2 2 0 2 2 8 8 8 8 8
8 8 2 0 2 2 0 2 8 8 8 8 8
8 8 2 2 2 2 2 2 8 8 8 8 8
8 8 0 2 2 0 2 2 8 8 8 8 8
8 8 2 0 2 2 0 2 8 8 8 8 8
8 8 2 2 2 2 2 2 8 8 8 8 8
8 8 0 2 2 0 2 2 8 8 8 8 8
8 8 2 0 2 2 0 2 8 8 8 8 8
8 8 8 8 8 8 8 8 8 8 8 8 8
8 8 8 8 8 8 8 8 8 8 8 8 8
8 8 8 8 8 8 8 8 8 8 8 8 8
8 8 8 8 8 8 8 8 8 8 8 8 8

Example 2 input (23x19):
8 8 8 8 8 8 8 8 8 8 8 8 8 8 8 8 8 8 8
8 8 8 8 8 8 8 8 8 8 8 8 8 8 8 8 8 8 8
8 8 1 1 0 0 0 0 0 0 8 8 8 8 8 8 8 8 8
8 8 1 0 0 0 0 0 0 0 8 8 8 8 8 8 8 8 8
8 8 0 0 0 0 0 0 0 0 8 8 8 8 8 8 8 8 8
8 8 0 0 0 0 0 0 0 0 8 8 8 8 8 8 8 8 8
8 8 0 0 0 0 0 0 0 0 8 8 8 8 8 8 8 8 8
8 8 0 0 0 0 0 0 0 0 8 8 8 8 8 8 8 8 8
8 8 8 8 8 8 8 8 8 8 8 8 8 8 8 8 8 8 8
8 8 8 8 8 8 8 8 8 8 8 8 8 8 8 8 8 8 8
8 8 8 8 8 8 8 8 8 8 8 8 8 8 8 8 8 8 8
8 8 8 8 8 8 8 8 8 8 8 8 8 8 8 8 8 8 8
8 8 8 8 8 8 8 8 8 8 8 8 8 8 8 8 8 8 8
8 8 8 8 8 8 8 0 0 0 0 0 0 0 0 0 8 8 8
8 8 8 8 8 8 8 0 0 0 0 0 0 0 0 0 8 8 8
8 8 8 8 8 8 8 0 0 0 0 0 0 0 0 0 8 8 8
8 8 8 8 8 8 8 0 0 0 0 0 0 0 3 0 8 8 8
8 8 8 8 8 8 8 0 0 0 0 0 0 3 0 3 8 8 8
8 8 8 8 8 8 8 0 0 0 0 0 0 3 3 3 8 8 8
8 8 8 8 8 8 8 8 8 8 8 8 8 8 8 8 8 8 8
8 8 8 8 8 8 8 8 8 8 8 8 8 8 8 8 8 8 8
8 8 8 8 8 8 8 8 8 8 8 8 8 8 8 8 8 8 8
8 8 8 8 8 8 8 8 8 8 8 8 8 8 8 8 8 8 8

Example 2 output (23x19):
8 8 8 8 8 8 8 8 8 8 8 8 8 8 8 8 8 8 8
8 8 8 8 8 8 8 8 8 8 8 8 8 8 8 8 8 8 8
8 8 1 1 1 1 1 1 1 1 8 8 8 8 8 8 8 8 8
8 8 1 0 1 0 1 0 1 0 8 8 8 8 8 8 8 8 8
8 8 1 1 1 1 1 1 1 1 8 8 8 8 8 8 8 8 8
8 8 1 0 1 0 1 0 1 0 8 8 8 8 8 8 8 8 8
8 8 1 1 1 1 1 1 1 1 8 8 8 8 8 8 8 8 8
8 8 1 0 1 0 1 0 1 0 8 8 8 8 8 8 8 8 8
8 8 8 8 8 8 8 8 8 8 8 8 8 8 8 8 8 8 8
8 8 8 8 8 8 8 8 8 8 8 8 8 8 8 8 8 8 8
8 8 8 8 8 8 8 8 8 8 8 8 8 8 8 8 8 8 8
8 8 8 8 8 8 8 8 8 8 8 8 8 8 8 8 8 8 8
8 8 8 8 8 8 8 8 8 8 8 8 8 8 8 8 8 8 8
8 8 8 8 8 8 8 0 3 0 0 3 0 0 3 0 8 8 8
8 8 8 8 8 8 8 3 0 3 3 0 3 3 0 3 8 8 8
8 8 8 8 8 8 8 3 3 3 3 3 3 3 3 3 8 8 8
8 8 8 8 8 8 8 0 3 0 0 3 0 0 3 0 8 8 8
8 8 8 8 8 8 8 3 0 3 3 0 3 3 0 3 8 8 8
8 8 8 8 8 8 8 3 3 3 3 3 3 3 3 3 8 8 8
8 8 8 8 8 8 8 8 8 8 8 8 8 8 8 8 8 8 8
8 8 8 8 8 8 8 8 8 8 8 8 8 8 8 8 8 8 8
8 8 8 8 8 8 8 8 8 8 8 8 8 8 8 8 8 8 8
8 8 8 8 8 8 8 8 8 8 8 8 8 8 8 8 8 8 8

Example 3 input (24x21):
8 8 8 8 8 8 8 8 8 8 8 8 8 8 8 8 8 8 8 8 8
8 8 8 8 8 8 8 8 8 8 8 8 8 8 8 8 8 8 8 8 8
8 8 8 8 8 8 8 8 8 8 8 8 8 8 8 8 8 8 8 8 8
8 8 8 8 8 8 0 0 0 0 0 0 2 0 2 0 8 8 8 8 8
8 8 8 8 8 8 0 0 0 0 0 2 2 0 2 2 8 8 8 8 8
8 8 8 8 8 8 0 0 0 0 0 0 2 2 2 0 8 8 8 8 8
8 8 8 8 8 8 0 0 0 0 0 0 0 0 0 0 8 8 8 8 8
8 8 8 8 8 8 0 0 0 0 0 0 0 0 0 0 8 8 8 8 8
8 8 8 8 8 8 0 0 0 0 0 0 0 0 0 0 8 8 8 8 8
8 8 8 8 8 8 0 0 0 0 0 0 0 0 0 0 8 8 8 8 8
8 8 8 8 8 8 0 0 0 0 0 0 0 0 0 0 8 8 8 8 8
8 8 8 8 8 8 0 0 0 0 0 0 0 0 0 0 8 8 8 8 8
8 8 8 8 8 8 8 8 8 8 8 8 8 8 8 8 8 8 8 8 8
8 8 8 8 8 8 8 8 8 8 8 8 8 8 8 8 8 8 8 8 8
8 8 8 0 0 0 0 0 0 0 0 0 0 0 0 0 0 0 8 8 8
8 8 8 0 0 0 0 0 0 0 0 0 0 0 0 0 0 0 8 8 8
8 8 8 0 0 0 0 0 0 0 0 0 0 0 0 0 0 0 8 8 8
8 8 8 4 4 4 0 0 0 0 0 0 0 0 0 0 0 0 8 8 8
8 8 8 0 4 0 0 0 0 0 0 0 0 0 0 0 0 0 8 8 8
8 8 8 4 0 4 0 0 0 0 0 0 0 0 0 0 0 0 8 8 8
8 8 8 8 8 8 8 8 8 8 8 8 8 8 8 8 8 8 8 8 8
8 8 8 8 8 8 8 8 8 8 8 8 8 8 8 8 8 8 8 8 8
8 8 8 8 8 8 8 8 8 8 8 8 8 8 8 8 8 8 8 8 8
8 8 8 8 8 8 8 8 8 8 8 8 8 8 8 8 8 8 8 8 8

Example 3 output (24x21):
8 8 8 8 8 8 8 8 8 8 8 8 8 8 8 8 8 8 8 8 8
8 8 8 8 8 8 8 8 8 8 8 8 8 8 8 8 8 8 8 8 8
8 8 8 8 8 8 8 8 8 8 8 8 8 8 8 8 8 8 8 8 8
8 8 8 8 8 8 0 2 0 2 0 0 2 0 2 0 8 8 8 8 8
8 8 8 8 8 8 2 2 0 2 2 2 2 0 2 2 8 8 8 8 8
8 8 8 8 8 8 0 2 2 2 0 0 2 2 2 0 8 8 8 8 8
8 8 8 8 8 8 0 2 0 2 0 0 2 0 2 0 8 8 8 8 8
8 8 8 8 8 8 2 2 0 2 2 2 2 0 2 2 8 8 8 8 8
8 8 8 8 8 8 0 2 2 2 0 0 2 2 2 0 8 8 8 8 8
8 8 8 8 8 8 0 2 0 2 0 0 2 0 2 0 8 8 8 8 8
8 8 8 8 8 8 2 2 0 2 2 2 2 0 2 2 8 8 8 8 8
8 8 8 8 8 8 0 2 2 2 0 0 2 2 2 0 8 8 8 8 8
8 8 8 8 8 8 8 8 8 8 8 8 8 8 8 8 8 8 8 8 8
8 8 8 8 8 8 8 8 8 8 8 8 8 8 8 8 8 8 8 8 8
8 8 8 4 4 4 4 4 4 4 4 4 4 4 4 4 4 4 8 8 8
8 8 8 0 4 0 0 4 0 0 4 0 0 4 0 0 4 0 8 8 8
8 8 8 4 0 4 4 0 4 4 0 4 4 0 4 4 0 4 8 8 8
8 8 8 4 4 4 4 4 4 4 4 4 4 4 4 4 4 4 8 8 8
8 8 8 0 4 0 0 4 0 0 4 0 0 4 0 0 4 0 8 8 8
8 8 8 4 0 4 4 0 4 4 0 4 4 0 4 4 0 4 8 8 8
8 8 8 8 8 8 8 8 8 8 8 8 8 8 8 8 8 8 8 8 8
8 8 8 8 8 8 8 8 8 8 8 8 8 8 8 8 8 8 8 8 8
8 8 8 8 8 8 8 8 8 8 8 8 8 8 8 8 8 8 8 8 8
8 8 8 8 8 8 8 8 8 8 8 8 8 8 8 8 8 8 8 8 8

Test input (26x22):
8 8 8 8 8 8 8 8 8 8 8 8 8 8 8 8 8 8 8 8 8 8
8 8 8 8 8 8 8 8 8 8 8 8 8 8 8 8 8 8 8 8 8 8
8 8 8 0 0 0 0 1 0 8 8 8 8 8 8 8 8 8 8 8 8 8
8 8 8 0 0 0 1 0 1 8 8 8 8 8 8 8 8 8 8 8 8 8
8 8 8 0 0 0 1 1 0 8 8 8 8 0 0 0 0 0 0 8 8 8
8 8 8 0 0 0 0 0 0 8 8 8 8 0 0 0 0 0 0 8 8 8
8 8 8 0 0 0 0 0 0 8 8 8 8 0 0 0 0 0 0 8 8 8
8 8 8 0 0 0 0 0 0 8 8 8 8 0 0 0 0 0 0 8 8 8
8 8 8 0 0 0 0 0 0 8 8 8 8 0 0 0 0 0 0 8 8 8
8 8 8 0 0 0 0 0 0 8 8 8 8 0 0 0 0 0 0 8 8 8
8 8 8 0 0 0 0 0 0 8 8 8 8 4 0 0 0 0 0 8 8 8
8 8 8 8 8 8 8 8 8 8 8 8 8 4 4 0 0 0 0 8 8 8
8 8 8 8 8 8 8 8 8 8 8 8 8 8 8 8 8 8 8 8 8 8
8 8 8 8 8 8 8 8 8 8 8 8 8 8 8 8 8 8 8 8 8 8
8 8 8 8 8 8 8 8 8 8 8 8 8 8 8 8 8 8 8 8 8 8
8 8 8 8 8 8 8 8 8 8 8 8 8 8 8 8 8 8 8 8 8 8
8 8 8 0 0 0 0 0 0 0 0 8 8 8 8 8 8 8 8 8 8 8
8 8 8 0 0 0 0 0 0 0 0 8 8 8 8 8 8 8 8 8 8 8
8 8 8 0 0 0 0 0 0 0 0 8 8 8 8 8 8 8 8 8 8 8
8 8 8 0 0 0 0 3 0 3 3 8 8 8 8 8 8 8 8 8 8 8
8 8 8 0 0 0 0 0 3 0 3 8 8 8 8 8 8 8 8 8 8 8
8 8 8 0 0 0 0 3 3 0 3 8 8 8 8 8 8 8 8 8 8 8
8 8 8 8 8 8 8 8 8 8 8 8 8 8 8 8 8 8 8 8 8 8
8 8 8 8 8 8 8 8 8 8 8 8 8 8 8 8 8 8 8 8 8 8
8 8 8 8 8 8 8 8 8 8 8 8 8 8 8 8 8 8 8 8 8 8
8 8 8 8 8 8 8 8 8 8 8 8 8 8 8 8 8 8 8 8 8 8
