Example 1 input (3x3):
9 7 9
9 6 7
7 6 6

Example 1 output (9x9):
9 7 9 9 7 9 9 7 9
9 6 7 9 6 7 9 6 7
7 6 6 7 6 6 7 6 6
9 7 9 9 7 9 9 7 9
9 6 7 9 6 7 9 6 7
7 6 6 7 6 6 7 6 6
9 7 9 9 7 9 9 7 9
9 6 7 9 6 7 9 6 7
7 6 6 7 6 6 7 6 6

Example 2 input (3x3):
3 4 4
3 3 3
3 4 4

Example 2 output (6x6):
3 4 4 3 4 4
3 3 3 3 3 3
3 4 4 3 4 4
3 4 4 3 4 4
3 3 3 3 3 3
3 4 4 3 4 4

Example 3 input (3x3):
8 2 1
1 8 3
2 1 3

Example 3 output (12x12):
8 2 1 8 2 1 8 2 1 8 2 1
1 8 3 1 8 3 1 8 3 1 8 3
2 1 3 2 1 3 2 1 3 2 1 3
8 2 1 8 2 1 8 2 1 8 2 1
1 8 3 1 8 3 1 8 3 1 8 3
2 1 3 2 1 3 2 1 3 2 1 3
8 2 1 8 2 1 8 2 1 8 2 1
1 8 3 1 8 3 1 8 3 1 8 3
2 1 3 2 1 3 2 1 3 2 1 3
8 2 1 8 2 1 8 2 1 8 2 1
1 8 3 1 8 3 1 8 3 1 8 3
2 1 3 2 1 3 2 1 3 2 1 3

Example 4 input (3x3):
7 7 7
7 2 2
7 7 2

Example 4 output (6x6):
7 7 7 7 7 7
7 2 2 7 2 2
7 7 2 7 7 2
7 7 7 7 7 7
7 2 2 7 2 2
7 7 2 7 7 2

Example 5 input (3x3):
2 3 2
3 3 2
2 2 1

Example 5 output (9x9):
2 3 2 2 3 2 2 3 2
3 3 2 3 3 2 3 3 2
2 2 1 2 2 1 2 2 1
2 3 2 2 3 2 2 3 2
3 3 2 3 3 2 3 3 2
2 2 1 2 2 1 2 2 1
2 3 2 2 3 2 2 3 2
3 3 2 3 3 2 3 3 2
2 2 1 2 2 1 2 2 1

Test input (3x3):
4 3 2
2 1 4
3 1 2
