Example 1 input (18x17):
0 0 0 0 0 0 0 0 0 0 0 0 0 0 0 0 0
0 2 2 2 2 0 0 0 0 0 0 0 0 0 0 0 0
0 2 0 0 2 0 0 0 0 4 4 4 4 0 0 0 0
0 2 0 0 2 0 0 0 0 4 0 0 4 0 0 0 0
0 2 2 2 2 0 0 0 0 4 0 0 4 0 0 0 0
0 0 0 0 0 0 0 0 0 4 4 4 4 0 0 0 0
0 0 0 0 0 0 0 0 0 0 0 0 0 0 0 0 0
0 0 0 3 3 3 3 0 0 0 0 0 0 0 0 0 0
0 0 0 3 3 3 3 0 0 0 0 0 0 0 0 0 0
0 0 0 3 3 3 3 0 0 0 0 0 0 0 0 0 0
0 0 0 3 3 3 3 0 0 0 0 0 0 0 0 0 0
0 0 0 0 0 0 0 0 0 0 0 0 0 0 0 0 0
0 0 0 0 0 0 0 0 0 0 8 8 8 8 0 0 0
0 0 0 0 0 0 0 0 0 0 8 8 8 8 0 0 0
0 0 0 0 0 0 0 0 0 0 8 8 8 8 0 0 0
0 0 0 0 0 0 0 0 0 0 8 8 8 8 0 0 0
0 0 0 0 0 0 0 0 0 0 0 0 0 0 0 0 0
0 0 0 0 0 0 0 0 0 0 0 0 0 0 0 0 0

Example 1 output (4x8):
2 2 2 2 4 4 4 4
2 0 0 2 4 0 0 4
2 0 0 2 4 0 0 4
2 2 2 2 4 4 4 4

Example 2 input (21x16):
0 0 0 0 0 0 0 0 0 0 0 0 0 0 0 0
0 0 0 0 0 0 0 0 8 8 8 8 0 0 0 0
0 0 0 0 0 0 0 0 8 8 8 8 0 0 0 0
0 0 0 0 0 0 0 0 8 8 8 8 0 0 0 0
0 0 0 0 0 0 0 0 8 8 8 8 0 0 0 0
0 0 0 0 0 0 0 0 0 0 0 0 0 0 0 0
0 1 1 1 1 0 0 0 0 0 0 0 0 0 0 0
0 1 0 0 1 0 0 0 0 0 0 0 0 0 0 0
0 1 0 0 1 0 0 0 0 0 0 0 0 0 0 0
0 1 1 1 1 0 0 0 0 0 0 0 0 0 0 0
0 0 0 0 0 0 0 0 0 0 0 0 0 0 0 0
0 0 0 0 0 0 0 0 0 0 0 0 0 0 0 0
0 0 0 2 2 2 2 0 0 0 0 0 0 0 0 0
0 0 0 2 0 0 2 0 0 0 0 0 0 0 0 0
0 0 0 2 0 0 2 0 0 0 0 0 0 0 0 0
0 0 0 2 2 2 2 0 0 0 4 4 4 4 0 0
0 0 0 0 0 0 0 0 0 0 4 4 4 4 0 0
0 0 0 0 0 0 0 0 0 0 4 4 4 4 0 0
0 0 0 0 0 0 0 0 0 0 4 4 4 4 0 0
0 0 0 0 0 0 0 0 0 0 0 0 0 0 0 0
0 0 0 0 0 0 0 0 0 0 0 0 0 0 0 0

Example 2 output (8x4):
1 1 1 1
1 0 0 1
1 0 0 1
1 1 1 1
2 2 2 2
2 0 0 2
2 0 0 2
2 2 2 2

Example 3 input (24x22):
0 0 0 0 0 0 0 0 0 0 0 0 0 0 0 0 0 0 0 0 0 0
0 0 0 0 0 0 0 0 0 0 0 0 0 0 0 0 0 0 0 0 0 0
0 0 0 0 0 0 0 0 0 0 0 0 0 0 0 0 8 8 8 8 0 0
0 1 1 1 1 0 0 0 0 0 0 0 0 0 0 0 8 8 8 8 0 0
0 1 1 1 1 0 0 0 0 0 0 0 0 0 0 0 8 8 8 8 0 0
0 1 1 1 1 0 0 0 0 0 0 0 0 0 0 0 8 8 8 8 0 0
0 1 1 1 1 0 0 0 3 3 3 3 0 0 0 0 0 0 0 0 0 0
0 0 0 0 0 0 0 0 3 0 0 3 0 0 0 0 0 0 0 0 0 0
0 0 0 0 0 0 0 0 3 0 0 3 0 0 0 0 0 0 0 0 0 0
0 0 0 0 0 0 0 0 3 3 3 3 0 0 0 0 0 0 0 0 0 0
0 0 0 0 0 0 0 0 0 0 0 0 0 0 0 0 0 0 0 0 0 0
0 0 0 0 0 0 0 0 0 0 0 0 0 0 0 0 0 0 0 0 0 0
0 0 0 0 0 0 0 0 0 0 0 0 0 0 0 0 0 0 0 0 0 0
0 0 0 0 0 0 0 0 0 0 0 0 0 0 0 0 0 0 0 0 0 0
0 0 0 0 0 0 0 0 0 0 0 0 6 6 6 6 0 0 0 0 0 0
0 0 4 4 4 4 0 0 0 0 0 0 6 6 6 6 0 0 2 2 2 2
0 0 4 0 0 4 0 0 0 0 0 0 6 6 6 6 0 0 2 0 0 2
0 0 4 0 0 4 0 0 0 0 0 0 6 6 6 6 0 0 2 0 0 2
0 0 4 4 4 4 0 0 0 0 0 0 0 0 0 0 0 0 2 2 2 2
0 0 0 0 0 0 0 0 0 0 0 0 0 0 0 0 0 0 0 0 0 0
0 0 0 0 0 0 0 0 0 0 0 0 0 0 0 0 0 0 0 0 0 0
0 0 0 0 0 0 0 0 0 0 0 0 0 0 0 0 0 0 0 0 0 0
0 0 0 0 0 0 0 0 0 0 0 0 0 0 0 0 0 0 0 0 0 0
0 0 0 0 0 0 0 0 0 0 0 0 0 0 0 0 0 0 0 0 0 0

Example 3 output (4x12):
4 4 4 4 3 3 3 3 2 2 2 2
4 0 0 4 3 0 0 3 2 0 0 2
4 0 0 4 3 0 0 3 2 0 0 2
4 4 4 4 3 3 3 3 2 2 2 2

Test input (22x21):
0 0 0 0 0 0 0 0 0 0 0 0 0 0 0 0 0 0 0 0 0
0 0 0 3 3 3 3 0 0 0 0 0 0 0 0 0 0 0 0 0 0
0 0 0 3 0 0 3 0 0 0 0 0 0 0 0 0 8 8 8 8 0
0 0 0 3 0 0 3 0 0 0 0 0 0 0 0 0 8 8 8 8 0
0 0 0 3 3 3 3 0 0 0 0 0 0 0 0 0 8 8 8 8 0
0 0 0 0 0 0 0 0 0 0 0 0 0 0 0 0 8 8 8 8 0
0 0 0 0 0 0 2 2 2 2 0 0 0 0 0 0 0 0 0 0 0
0 0 0 0 0 0 2 0 0 2 0 0 0 0 0 0 0 0 0 0 0
0 0 0 0 0 0 2 0 0 2 0 0 0 0 0 0 0 0 0 0 0
0 0 0 0 0 0 2 2 2 2 0 0 0 0 0 0 0 0 0 0 0
0 0 0 0 0 0 0 0 0 0 0 0 0 0 0 0 0 0 0 0 0
0 0 0 0 0 0 0 0 0 0 0 0 0 0 0 0 0 0 0 0 0
0 0 0 0 0 0 0 0 0 0 0 0 0 0 0 0 0 0 0 0 0
0 0 0 4 4 4 4 0 0 0 0 0 0 0 0 0 0 0 0 0 0
0 0 0 4 4 4 4 0 0 0 0 0 0 0 0 0 0 0 0 0 0
0 0 0 4 4 4 4 0 0 0 0 0 0 0 0 0 0 0 0 0 0
0 0 0 4 4 4 4 0 0 0 0 0 0 0 0 0 0 0 0 0 0
0 0 0 0 0 0 0 0 0 0 0 0 1 1 1 1 0 0 0 0 0
0 0 0 0 0 0 0 0 0 0 0 0 1 0 0 1 0 0 0 0 0
0 0 0 0 0 0 0 0 0 0 0 0 1 0 0 1 0 0 0 0 0
0 0 0 0 0 0 0 0 0 0 0 0 1 1 1 1 0 0 0 0 0
0 0 0 0 0 0 0 0 0 0 0 0 0 0 0 0 0 0 0 0 0
