Example 1 input (6x6):
8 8 8 0 0 0
0 0 8 8 0 8
0 8 0 0 0 0
8 8 0 0 8 8
8 0 8 8 8 8
0 0 0 0 8 8

Example 1 output (6x6):
5 5 5 0 0 0
0 0 2 2 0 2
0 2 0 0 0 0
5 2 0 0 5 5
5 0 2 2 5 2
0 0 0 0 5 5

Example 2 input (6x6):
8 8 0 8 8 0
8 0 8 8 8 0
0 0 8 8 8 8
0 8 0 0 8 8
8 8 0 8 0 8
8 0 0 8 0 8

Example 2 output (6x6):
2 5 0 2 5 0
2 0 5 2 5 0
0 0 5 5 2 2
0 5 0 0 2 2
2 5 0 2 0 5
2 0 0 2 0 5

Example 3 input (6x6):
0 8 0 8 8 8
8 8 8 8 8 0
8 0 8 0 8 0
0 8 8 8 0 8
8 8 0 8 8 0
8 8 0 0 0 8

Example 3 output (6x6):
0 2 0 5 5 2
2 2 5 2 2 0
5 0 2 0 5 0
0 5 2 5 0 5
2 2 0 2 2 0
5 2 0 0 0 2

Example 4 input (6x6):
0 8 8 0 0 8
8 8 8 0 0 0
8 8 8 0 8 0
8 0 8 8 0 8
8 8 0 0 0 0
8 8 8 8 8 0

Example 4 output (6x6):
0 2 2 0 0 5
2 2 5 0 0 0
2 5 2 0 5 0
2 0 2 5 0 5
2 2 0 0 0 0
5 2 2 5 5 0

Test input (6x6):
0 0 0 8 0 8
8 8 8 0 8 8
8 8 8 8 0 8
8 0 0 0 8 8
0 8 0 0 0 8
8 8 8 0 8 8
