Example 1 input (14x14):
0 0 0 0 0 0 0 0 0 0 0 0 0 0
0 1 8 1 0 0 0 0 0 0 0 0 0 0
0 1 1 8 0 1 1 1 0 0 1 8 0 0
0 0 0 0 0 1 8 1 0 0 1 1 0 0
0 0 0 0 0 1 1 8 0 0 0 0 0 0
0 0 0 0 0 8 1 1 0 0 0 1 1 1
0 0 0 0 0 0 0 0 0 0 0 1 8 1
0 1 1 8 0 0 0 0 0 0 0 1 1 1
0 8 1 1 0 0 0 0 0 0 0 0 0 0
0 1 1 1 0 0 0 1 1 1 0 0 0 0
0 0 0 0 0 0 0 1 1 1 0 0 0 0
0 0 0 0 0 0 0 8 1 1 0 0 0 0
0 0 0 0 0 0 0 1 1 1 0 0 0 0
0 0 0 0 0 0 0 0 0 0 0 0 0 0

Example 1 output (14x14):
0 0 0 0 0 0 0 0 0 0 0 0 0 0
0 0 0 0 0 0 0 0 0 0 0 0 0 0
0 0 0 0 0 0 0 0 0 0 1 8 0 0
0 0 0 0 0 0 0 0 0 0 1 1 0 0
0 0 0 0 0 0 0 0 0 0 0 0 0 0
0 0 0 0 0 0 0 0 0 0 0 1 1 1
0 0 0 0 0 0 0 0 0 0 0 1 8 1
0 0 0 0 0 0 0 0 0 0 0 1 1 1
0 0 0 0 0 0 0 0 0 0 0 0 0 0
0 0 0 0 0 0 0 1 1 1 0 0 0 0
0 0 0 0 0 0 0 1 1 1 0 0 0 0
0 0 0 0 0 0 0 8 1 1 0 0 0 0
0 0 0 0 0 0 0 1 1 1 0 0 0 0
0 0 0 0 0 0 0 0 0 0 0 0 0 0

Example 2 input (14x14):
0 0 0 0 0 1 8 1 0 0 0 1 1 0
0 0 0 0 0 1 1 1 0 0 0 1 1 0
1 1 1 1 0 1 1 1 0 0 0 1 1 0
1 8 1 1 0 0 0 0 0 0 0 0 0 0
1 1 1 1 0 0 0 0 0 0 0 0 0 0
0 0 0 0 0 0 0 0 0 1 1 8 1 0
0 0 0 0 0 0 0 0 0 1 8 1 1 0
0 0 0 1 1 1 1 0 0 1 1 1 8 0
0 0 0 1 1 8 1 0 0 0 0 0 0 0
0 0 0 1 8 1 1 0 0 0 0 0 0 0
0 0 0 1 1 1 1 0 0 0 1 8 1 1
0 0 0 0 0 0 0 0 0 0 1 1 1 8
0 0 0 0 0 0 0 0 0 0 1 8 8 1
0 0 0 0 0 0 0 0 0 0 1 1 1 1

Example 2 output (14x14):
0 0 0 0 0 1 8 1 0 0 0 1 1 0
0 0 0 0 0 1 1 1 0 0 0 1 1 0
1 1 1 1 0 1 1 1 0 0 0 1 1 0
1 8 1 1 0 0 0 0 0 0 0 0 0 0
1 1 1 1 0 0 0 0 0 0 0 0 0 0
0 0 0 0 0 0 0 0 0 0 0 0 0 0
0 0 0 0 0 0 0 0 0 0 0 0 0 0
0 0 0 0 0 0 0 0 0 0 0 0 0 0
0 0 0 0 0 0 0 0 0 0 0 0 0 0
0 0 0 0 0 0 0 0 0 0 0 0 0 0
0 0 0 0 0 0 0 0 0 0 0 0 0 0
0 0 0 0 0 0 0 0 0 0 0 0 0 0
0 0 0 0 0 0 0 0 0 0 0 0 0 0
0 0 0 0 0 0 0 0 0 0 0 0 0 0

Example 3 input (13x15):
0 0 0 0 0 1 1 1 1 0 0 8 1 0 0
1 1 1 1 0 8 1 1 8 0 0 1 8 0 0
1 8 1 1 0 1 1 1 1 0 0 0 0 0 0
1 1 1 1 0 1 1 8 1 0 0 1 1 1 1
0 0 0 0 0 0 0 0 0 0 0 1 8 1 1
0 0 0 0 0 0 0 0 0 0 0 1 1 1 1
0 0 1 1 8 1 1 0 0 0 0 0 0 0 0
0 0 1 1 1 8 1 0 0 0 0 0 0 0 0
0 0 1 8 1 1 1 0 0 0 0 0 0 0 0
0 0 0 0 0 0 0 0 0 1 1 8 0 0 0
0 0 1 1 1 1 0 0 0 1 8 1 0 0 0
0 0 1 1 1 1 0 0 0 1 1 1 0 0 0
0 0 1 1 1 1 0 0 0 8 1 8 0 0 0

Example 3 output (13x15):
0 0 0 0 0 0 0 0 0 0 0 0 0 0 0
1 1 1 1 0 0 0 0 0 0 0 0 0 0 0
1 8 1 1 0 0 0 0 0 0 0 0 0 0 0
1 1 1 1 0 0 0 0 0 0 0 1 1 1 1
0 0 0 0 0 0 0 0 0 0 0 1 8 1 1
0 0 0 0 0 0 0 0 0 0 0 1 1 1 1
0 0 0 0 0 0 0 0 0 0 0 0 0 0 0
0 0 0 0 0 0 0 0 0 0 0 0 0 0 0
0 0 0 0 0 0 0 0 0 0 0 0 0 0 0
0 0 0 0 0 0 0 0 0 0 0 0 0 0 0
0 0 1 1 1 1 0 0 0 0 0 0 0 0 0
0 0 1 1 1 1 0 0 0 0 0 0 0 0 0
0 0 1 1 1 1 0 0 0 0 0 0 0 0 0

Test input (13x12):
0 0 0 0 0 0 0 0 1 8 1 1
1 1 1 0 0 0 0 0 1 1 1 1
8 1 1 0 0 0 0 0 1 8 1 8
1 1 1 0 8 1 1 0 0 0 0 0
0 0 0 0 1 1 1 0 0 0 0 0
0 0 0 0 1 1 8 0 0 0 0 0
0 0 0 0 1 1 1 0 1 1 1 1
0 0 0 0 0 0 0 0 1 1 8 1
0 1 1 1 1 1 1 0 1 1 1 1
0 1 1 1 1 8 1 0 1 1 1 1
0 1 8 1 1 1 1 0 0 0 0 0
0 1 1 1 1 1 1 0 1 1 1 0
0 0 0 0 0 0 0 0 1 1 1 0
