Example 1 input (4x8):
0 0 0 3 0 0 0 0
0 0 3 0 3 0 0 0
0 3 0 0 0 3 0 0
3 0 0 0 0 0 3 0

Example 1 output (4x8):
0 0 0 3 0 0 0 0
0 0 3 2 3 0 0 0
0 3 2 2 2 3 0 0
3 2 2 2 2 2 3 0

Example 2 input (3x8):
0 4 0 0 0 4 0 0
0 0 4 0 4 0 0 0
0 0 0 4 0 0 0 0

Example 2 output (3x8):
0 4 2 2 2 4 0 0
0 0 4 2 4 0 0 0
0 0 0 4 0 0 0 0

Example 3 input (5x12):
0 8 0 0 0 0 0 0 0 8 0 0
8 0 8 0 0 0 0 0 8 0 8 0
0 0 0 8 0 0 0 8 0 0 0 8
0 0 0 0 8 0 8 0 0 0 0 0
0 0 0 0 0 8 0 0 0 0 0 0

Example 3 output (5x12):
0 8 2 2 2 2 2 2 2 8 0 0
8 2 8 2 2 2 2 2 8 2 8 0
0 0 0 8 2 2 2 8 2 2 2 8
0 0 0 0 8 2 8 0 0 0 0 0
0 0 0 0 0 8 0 0 0 0 0 0

Example 4 input (5x8):
1 0 0 0 0 0 0 0
0 1 0 0 0 0 0 1
0 0 1 0 0 0 1 0
0 0 0 1 0 1 0 0
0 0 0 0 1 0 0 0

Example 4 output (5x8):
1 0 0 0 0 0 0 0
0 1 2 2 2 2 2 1
0 0 1 2 2 2 1 0
0 0 0 1 2 1 0 0
0 0 0 0 1 0 0 0

Test input (4x9):
0 0 6 0 0 0 0 0 6
0 6 0 6 0 0 0 6 0
6 0 0 0 6 0 6 0 0
0 0 0 0 0 6 0 0 0
