Example 1 input (10x10):
5 5 5 5 5 5 5 5 5 5
5 0 0 0 5 5 0 0 5 5
5 5 0 0 0 5 0 0 0 5
5 5 5 0 0 0 0 0 5 5
5 5 0 0 0 0 0 0 0 5
5 0 0 0 0 0 0 0 5 5
5 5 0 0 0 5 0 0 0 5
5 0 0 5 0 5 0 0 0 5
5 5 0 5 5 5 0 5 0 5
5 5 5 5 5 5 5 5 5 5

Example 1 output (10x10):
5 5 5 5 5 5 5 5 5 5
5 8 0 0 5 5 0 0 5 5
5 5 8 0 0 5 0 0 0 5
5 5 5 8 0 0 0 0 5 5
5 5 0 0 8 0 0 0 0 5
5 0 0 0 0 8 0 0 5 5
5 5 0 0 0 5 8 0 0 5
5 0 0 5 0 5 0 8 0 5
5 5 0 5 5 5 0 5 8 5
5 5 5 5 5 5 5 5 5 5

Example 2 input (10x10):
5 5 5 5 5 5 5 5 5 5
5 5 5 0 5 0 5 0 0 5
5 5 0 0 5 0 0 0 0 5
5 0 0 0 0 0 0 0 0 5
5 5 0 0 0 0 0 0 0 5
5 5 5 0 0 0 0 0 5 5
5 0 0 0 0 0 0 0 0 5
5 0 0 0 0 0 0 5 5 5
5 5 0 5 0 0 5 5 5 5
5 5 5 5 5 5 5 5 5 5

Example 2 output (10x10):
5 5 5 5 5 5 5 5 5 5
5 5 5 0 5 0 5 0 8 5
5 5 0 0 5 0 0 8 0 5
5 0 0 0 0 0 8 0 0 5
5 5 0 0 0 8 0 0 0 5
5 5 5 0 8 0 0 0 5 5
5 0 0 8 0 0 0 0 0 5
5 0 8 0 0 0 0 5 5 5
5 5 0 5 0 0 5 5 5 5
5 5 5 5 5 5 5 5 5 5

Example 3 input (10x10):
5 5 5 5 5 5 5 5 5 5
5 0 0 0 0 0 5 5 5 5
5 5 0 0 0 0 5 0 0 5
5 0 0 0 0 0 0 0 0 5
5 5 0 0 0 0 0 0 0 5
5 5 0 0 0 0 0 0 5 5
5 0 0 0 0 0 0 0 0 5
5 0 0 5 5 0 0 0 0 5
5 5 5 5 5 0 5 5 0 5
5 5 5 5 5 5 5 5 5 5

Example 3 output (10x10):
5 5 5 5 5 5 5 5 5 5
5 8 0 0 0 0 5 5 5 5
5 5 8 0 0 0 5 0 0 5
5 0 0 8 0 0 0 0 0 5
5 5 0 0 8 0 0 0 0 5
5 5 0 0 0 8 0 0 5 5
5 0 0 0 0 0 8 0 0 5
5 0 0 5 5 0 0 8 0 5
5 5 5 5 5 0 5 5 8 5
5 5 5 5 5 5 5 5 5 5

Example 4 input (10x10):
5 5 5 5 5 5 5 5 5 5
5 5 5 0 0 0 5 5 5 5
5 5 5 0 0 0 0 5 5 5
5 5 0 0 0 0 0 0 0 5
5 0 0 0 0 0 0 0 5 5
5 0 0 0 0 0 0 0 0 5
5 5 5 0 5 5 0 0 0 5
5 5 0 0 5 5 0 0 5 5
5 5 5 0 5 5 5 0 5 5
5 5 5 5 5 5 5 5 5 5

Example 4 output (10x10):
5 5 5 5 5 5 5 5 5 5
5 5 5 8 0 0 5 5 5 5
5 5 5 0 8 0 0 5 5 5
5 5 0 0 0 8 0 0 0 5
5 0 0 0 0 0 8 0 5 5
5 0 0 0 0 0 0 8 0 5
5 5 5 0 5 5 0 0 8 5
5 5 0 0 5 5 0 0 5 5
5 5 5 0 5 5 5 0 5 5
5 5 5 5 5 5 5 5 5 5

Test input (10x10):
5 5 5 5 5 5 5 5 5 5
5 5 5 0 0 0 0 0 5 5
5 5 0 0 0 0 0 0 5 5
5 5 5 0 0 0 0 0 0 5
5 0 0 0 0 0 0 5 5 5
5 0 0 0 0 0 5 5 5 5
5 0 0 0 0 0 0 0 0 5
5 0 0 5 5 0 0 5 0 5
5 5 5 5 5 5 5 5 0 5
5 5 5 5 5 5 5 5 5 5
