Example 1 input (28x23):
4 4 4 4 4 4 4 4 4 4 4 4 4 4 4 4 4 4 4 4 4 4 4
4 4 4 4 4 4 4 4 4 4 1 4 4 4 1 1 1 1 1 1 1 4 4
4 1 1 1 1 1 1 1 4 4 1 4 4 4 1 4 4 4 4 1 1 4 4
4 1 1 1 1 1 1 1 4 4 1 1 1 1 1 4 4 4 4 1 1 4 4
4 1 1 1 1 1 1 1 4 4 1 1 1 1 1 4 4 4 4 1 1 4 4
4 1 1 1 1 1 1 1 4 4 1 1 1 1 1 4 4 4 4 1 1 4 4
4 1 1 1 1 4 4 4 4 4 1 1 1 1 1 1 1 1 1 1 1 4 4
4 1 1 1 1 4 4 4 4 4 4 4 4 4 4 4 4 4 4 4 4 4 4
4 4 4 4 4 4 4 4 4 4 4 4 4 4 4 4 4 4 4 4 4 4 4
4 4 4 4 4 4 4 4 4 4 4 4 4 4 4 4 4 4 4 4 4 4 4
4 4 4 4 1 1 1 1 1 1 4 4 4 1 1 1 1 1 4 4 4 4 4
4 4 4 4 1 1 1 1 1 1 1 1 1 1 1 1 1 1 4 4 4 4 4
4 4 4 4 1 1 1 1 1 1 1 1 1 1 1 1 1 1 4 4 4 4 4
4 4 4 4 1 1 1 1 1 1 1 1 1 1 1 1 1 1 4 4 4 4 4
4 4 4 4 1 1 1 1 1 1 1 1 1 1 1 1 1 1 4 4 4 4 4
4 4 4 4 1 1 1 1 1 1 1 1 1 1 1 1 1 1 4 4 4 4 4
4 4 4 4 1 1 1 1 1 1 1 1 1 1 1 1 1 1 4 4 4 4 4
4 4 4 4 4 4 4 4 4 4 4 4 1 1 1 1 1 1 4 4 4 4 4
4 4 4 4 4 4 4 4 4 4 4 4 1 1 1 1 1 1 4 4 4 4 4
4 4 4 4 4 4 4 4 4 4 4 4 1 1 1 1 1 1 4 4 4 4 4
4 4 4 4 4 4 4 4 4 4 4 4 1 1 1 1 1 1 4 4 4 4 4
4 4 4 4 4 4 4 4 4 4 4 4 1 1 1 1 1 1 4 4 4 4 4
4 4 4 4 1 4 4 4 4 4 4 4 4 4 4 4 4 4 4 4 4 4 4
4 4 4 1 1 4 4 4 4 4 4 4 4 4 4 4 4 4 4 4 4 4 4
4 4 4 4 4 4 4 4 4 4 4 4 4 4 4 4 4 4 4 4 4 4 4
4 4 4 4 4 4 4 4 4 4 4 4 4 4 4 4 4 4 4 4 4 4 4
4 4 4 4 4 4 4 4 4 4 4 4 4 4 4 4 4 4 4 4 4 4 4
4 4 4 4 4 4 4 4 4 4 4 4 4 4 4 4 4 4 4 4 4 4 4

Example 1 output (28x23):
4 4 4 4 4 4 4 4 4 2 2 2 4 2 2 2 2 2 2 2 2 2 4
2 2 2 2 2 2 2 2 2 2 8 2 4 2 8 8 8 8 8 8 8 2 4
2 1 1 1 1 1 1 1 2 2 8 2 2 2 8 6 6 6 6 8 8 2 4
2 1 1 1 1 1 1 1 2 2 8 8 8 8 8 6 6 6 6 8 8 2 4
2 1 1 1 1 1 1 1 2 2 8 8 8 8 8 6 6 6 6 8 8 2 4
2 1 1 1 1 1 1 1 2 2 8 8 8 8 8 6 6 6 6 8 8 2 4
2 1 1 1 1 2 2 2 2 2 8 8 8 8 8 8 8 8 8 8 8 2 4
2 1 1 1 1 2 4 4 4 2 2 2 2 2 2 2 2 2 2 2 2 2 4
2 2 2 2 2 2 4 4 4 4 4 4 4 4 4 4 4 4 4 4 4 4 4
4 4 4 2 2 2 2 2 2 2 2 4 2 2 2 2 2 2 2 4 4 4 4
4 4 4 2 1 1 1 1 1 1 2 2 2 1 1 1 1 1 2 4 4 4 4
4 4 4 2 1 1 1 1 1 1 1 1 1 1 1 1 1 1 2 4 4 4 4
4 4 4 2 1 1 1 1 1 1 1 1 1 1 1 1 1 1 2 4 4 4 4
4 4 4 2 1 1 1 1 1 1 1 1 1 1 1 1 1 1 2 4 4 4 4
4 4 4 2 1 1 1 1 1 1 1 1 1 1 1 1 1 1 2 4 4 4 4
4 4 4 2 1 1 1 1 1 1 1 1 1 1 1 1 1 1 2 4 4 4 4
4 4 4 2 1 1 1 1 1 1 1 1 1 1 1 1 1 1 2 4 4 4 4
4 4 4 2 2 2 2 2 2 2 2 2 1 1 1 1 1 1 2 4 4 4 4
4 4 4 4 4 4 4 4 4 4 4 2 1 1 1 1 1 1 2 4 4 4 4
4 4 4 4 4 4 4 4 4 4 4 2 1 1 1 1 1 1 2 4 4 4 4
4 4 4 4 4 4 4 4 4 4 4 2 1 1 1 1 1 1 2 4 4 4 4
4 4 4 2 2 2 4 4 4 4 4 2 1 1 1 1 1 1 2 4 4 4 4
4 4 2 2 1 2 4 4 4 4 4 2 2 2 2 2 2 2 2 4 4 4 4
4 4 2 1 1 2 4 4 4 4 4 4 4 4 4 4 4 4 4 4 4 4 4
4 4 2 2 2 2 4 4 4 4 4 4 4 4 4 4 4 4 4 4 4 4 4
4 4 4 4 4 4 4 4 4 4 4 4 4 4 4 4 4 4 4 4 4 4 4
4 4 4 4 4 4 4 4 4 4 4 4 4 4 4 4 4 4 4 4 4 4 4
4 4 4 4 4 4 4 4 4 4 4 4 4 4 4 4 4 4 4 4 4 4 4

Example 2 input (23x25):
4 4 4 4 4 4 4 4 4 4 4 4 4 4 4 4 4 4 4 4 4 4 4 4 4
4 4 4 4 4 4 4 4 4 4 4 4 4 4 4 4 1 1 1 1 1 1 1 4 4
4 4 4 1 1 1 1 4 4 4 4 4 4 4 4 4 1 4 4 4 1 1 1 4 4
4 4 4 1 1 1 1 1 1 1 4 4 4 4 4 4 1 4 4 4 1 1 1 4 4
4 4 4 1 1 1 1 4 4 1 4 4 4 4 4 4 1 4 4 4 1 1 1 4 4
4 4 4 1 1 1 1 4 4 1 4 4 4 4 4 4 1 1 1 1 1 1 1 4 4
4 4 4 4 4 4 1 1 1 1 4 4 4 4 4 4 1 1 1 1 1 1 1 4 4
4 4 4 4 4 4 1 1 1 1 4 4 4 4 4 4 4 4 4 4 4 4 4 4 4
4 4 4 4 4 4 4 4 4 4 4 4 4 4 4 4 4 4 4 4 4 4 4 4 4
4 4 4 4 4 4 4 4 4 4 4 4 4 4 4 4 4 4 4 4 4 4 4 4 4
4 4 4 4 4 4 4 4 4 4 1 1 1 4 4 4 4 4 4 4 4 4 4 4 4
4 4 4 4 4 4 4 4 4 4 1 1 1 4 4 4 4 4 4 4 4 4 4 4 4
4 4 4 4 4 4 4 4 4 4 1 1 1 1 1 1 1 1 1 4 4 4 4 4 4
4 4 4 4 4 4 4 4 4 4 1 1 1 1 1 1 1 1 1 4 4 4 4 4 4
4 4 4 4 4 4 4 4 4 4 1 1 1 1 1 1 1 1 1 4 4 4 4 4 4
4 4 4 4 4 4 4 4 4 4 1 1 1 1 1 1 1 1 1 4 4 4 4 4 4
4 4 4 4 4 4 4 4 4 4 1 1 1 1 1 1 1 1 1 4 4 4 4 4 4
4 4 4 4 4 4 4 4 4 4 4 4 4 4 4 4 4 4 4 4 4 4 4 4 4
4 4 4 4 4 4 4 4 4 4 4 4 4 4 4 4 4 4 4 4 4 4 4 4 4
4 4 4 4 4 4 4 4 4 4 4 4 4 4 4 4 4 4 4 4 4 4 4 4 4
4 4 4 4 4 4 4 4 4 4 4 4 4 4 4 4 4 4 4 4 4 4 4 4 4
4 4 4 4 4 4 4 4 4 4 4 4 4 4 4 4 4 4 4 4 4 4 4 4 4
4 4 4 4 4 4 4 4 4 4 4 4 4 4 4 4 4 4 4 4 4 4 4 4 4

Example 2 output (23x25):
4 4 4 4 4 4 4 4 4 4 4 4 4 4 4 2 2 2 2 2 2 2 2 2 4
4 4 2 2 2 2 2 2 4 4 4 4 4 4 4 2 8 8 8 8 8 8 8 2 4
4 4 2 8 8 8 8 2 2 2 2 4 4 4 4 2 8 6 6 6 8 8 8 2 4
4 4 2 8 8 8 8 8 8 8 2 4 4 4 4 2 8 6 6 6 8 8 8 2 4
4 4 2 8 8 8 8 6 6 8 2 4 4 4 4 2 8 6 6 6 8 8 8 2 4
4 4 2 8 8 8 8 6 6 8 2 4 4 4 4 2 8 8 8 8 8 8 8 2 4
4 4 2 2 2 2 8 8 8 8 2 4 4 4 4 2 8 8 8 8 8 8 8 2 4
4 4 4 4 4 2 8 8 8 8 2 4 4 4 4 2 2 2 2 2 2 2 2 2 4
4 4 4 4 4 2 2 2 2 2 2 4 4 4 4 4 4 4 4 4 4 4 4 4 4
4 4 4 4 4 4 4 4 4 2 2 2 2 2 4 4 4 4 4 4 4 4 4 4 4
4 4 4 4 4 4 4 4 4 2 1 1 1 2 4 4 4 4 4 4 4 4 4 4 4
4 4 4 4 4 4 4 4 4 2 1 1 1 2 2 2 2 2 2 2 4 4 4 4 4
4 4 4 4 4 4 4 4 4 2 1 1 1 1 1 1 1 1 1 2 4 4 4 4 4
4 4 4 4 4 4 4 4 4 2 1 1 1 1 1 1 1 1 1 2 4 4 4 4 4
4 4 4 4 4 4 4 4 4 2 1 1 1 1 1 1 1 1 1 2 4 4 4 4 4
4 4 4 4 4 4 4 4 4 2 1 1 1 1 1 1 1 1 1 2 4 4 4 4 4
4 4 4 4 4 4 4 4 4 2 1 1 1 1 1 1 1 1 1 2 4 4 4 4 4
4 4 4 4 4 4 4 4 4 2 2 2 2 2 2 2 2 2 2 2 4 4 4 4 4
4 4 4 4 4 4 4 4 4 4 4 4 4 4 4 4 4 4 4 4 4 4 4 4 4
4 4 4 4 4 4 4 4 4 4 4 4 4 4 4 4 4 4 4 4 4 4 4 4 4
4 4 4 4 4 4 4 4 4 4 4 4 4 4 4 4 4 4 4 4 4 4 4 4 4
4 4 4 4 4 4 4 4 4 4 4 4 4 4 4 4 4 4 4 4 4 4 4 4 4
4 4 4 4 4 4 4 4 4 4 4 4 4 4 4 4 4 4 4 4 4 4 4 4 4

Example 3 input (20x15):
4 4 4 4 4 4 4 4 4 4 4 4 4 4 4
4 4 4 4 4 4 4 4 4 4 4 4 4 4 4
4 4 4 4 4 4 4 4 4 4 4 4 4 4 4
4 4 4 1 1 1 4 4 4 4 4 4 4 4 4
4 4 4 1 1 1 4 4 4 4 4 4 4 4 4
4 4 4 1 1 1 4 4 4 4 4 4 4 4 4
4 4 4 4 4 4 4 4 4 4 4 4 1 4 4
4 4 4 4 4 4 4 4 4 4 4 4 4 4 4
4 4 4 4 4 4 4 4 4 4 4 4 4 4 4
4 4 4 4 4 4 4 4 4 4 4 4 4 4 4
4 4 4 4 4 4 4 4 4 4 4 4 4 4 4
4 4 4 4 4 4 4 4 4 4 4 4 4 4 4
4 4 4 4 1 1 1 1 1 4 4 4 4 4 4
4 4 4 4 1 4 4 1 1 1 1 4 4 4 4
4 4 4 4 1 1 1 1 1 1 1 4 4 4 4
4 4 4 4 1 1 1 1 1 1 1 4 4 4 4
4 4 4 4 4 4 4 4 4 4 4 4 4 4 4
4 4 4 4 4 4 4 4 4 4 4 4 4 4 4
4 4 4 4 4 4 4 4 4 4 4 4 4 4 4
4 4 4 4 4 4 4 4 4 4 4 4 4 4 4

Example 3 output (20x15):
4 4 4 4 4 4 4 4 4 4 4 4 4 4 4
4 4 4 4 4 4 4 4 4 4 4 4 4 4 4
4 4 2 2 2 2 2 4 4 4 4 4 4 4 4
4 4 2 1 1 1 2 4 4 4 4 4 4 4 4
4 4 2 1 1 1 2 4 4 4 4 4 4 4 4
4 4 2 1 1 1 2 4 4 4 4 2 2 2 4
4 4 2 2 2 2 2 4 4 4 4 2 1 2 4
4 4 4 4 4 4 4 4 4 4 4 2 2 2 4
4 4 4 4 4 4 4 4 4 4 4 4 4 4 4
4 4 4 4 4 4 4 4 4 4 4 4 4 4 4
4 4 4 4 4 4 4 4 4 4 4 4 4 4 4
4 4 4 2 2 2 2 2 2 2 4 4 4 4 4
4 4 4 2 8 8 8 8 8 2 2 2 4 4 4
4 4 4 2 8 6 6 8 8 8 8 2 4 4 4
4 4 4 2 8 8 8 8 8 8 8 2 4 4 4
4 4 4 2 8 8 8 8 8 8 8 2 4 4 4
4 4 4 2 2 2 2 2 2 2 2 2 4 4 4
4 4 4 4 4 4 4 4 4 4 4 4 4 4 4
4 4 4 4 4 4 4 4 4 4 4 4 4 4 4
4 4 4 4 4 4 4 4 4 4 4 4 4 4 4

Test input (26x27):
4 4 4 4 4 4 4 4 4 4 4 4 4 4 4 4 4 4 4 4 4 4 4 4 4 4 4
4 4 4 4 4 4 4 4 4 4 4 4 4 4 4 4 4 4 4 4 4 4 4 4 4 4 4
4 4 4 4 4 4 4 4 1 1 1 1 1 1 1 1 1 4 4 4 4 4 4 4 4 4 4
4 4 4 4 4 4 4 4 1 1 1 1 1 4 4 4 1 4 4 4 4 4 4 4 4 4 4
4 4 4 4 4 4 4 4 1 1 1 1 1 4 4 4 1 4 4 4 4 4 4 4 4 4 4
4 4 4 4 4 4 1 1 1 1 1 1 1 4 4 4 1 4 4 4 4 4 4 4 4 4 4
4 4 4 4 1 1 1 1 1 1 1 1 1 1 1 1 1 4 4 4 4 4 4 4 4 4 4
4 4 4 4 1 1 1 1 1 1 1 1 1 1 1 1 1 4 4 4 4 4 4 4 4 4 4
4 4 4 4 1 1 1 1 1 1 1 1 1 1 1 1 1 4 4 4 4 4 4 4 4 4 4
4 4 4 4 1 1 1 1 1 1 1 1 1 4 4 4 4 4 4 4 4 4 4 4 4 4 4
4 4 4 4 1 1 1 1 1 1 1 1 1 4 4 4 4 4 4 1 1 1 1 4 4 4 4
4 4 4 4 1 1 1 1 1 1 1 4 4 4 4 4 4 4 4 1 1 1 1 4 4 4 4
4 4 4 4 4 4 4 4 4 4 4 4 4 4 4 4 4 4 1 1 1 1 1 1 1 1 4
4 4 4 4 4 4 4 4 4 4 4 4 4 4 4 4 4 4 1 1 1 1 1 1 1 1 4
4 4 4 4 4 4 4 4 4 4 4 4 4 4 4 4 4 4 1 1 1 1 1 1 1 1 4
4 4 4 4 4 4 4 4 4 4 1 1 1 4 4 4 4 4 1 1 1 1 1 1 1 1 4
4 4 4 4 4 4 4 4 4 4 1 1 1 4 4 4 4 4 4 4 4 4 4 4 4 4 4
4 4 4 4 4 4 4 1 1 1 1 1 1 4 4 4 4 4 4 4 4 4 4 4 4 4 4
4 4 4 4 4 4 4 1 1 1 1 1 1 4 4 4 4 4 4 4 4 4 4 4 4 4 4
4 4 4 4 4 4 4 1 1 1 1 1 1 4 4 4 4 4 4 4 4 4 4 4 4 4 4
4 4 4 4 4 4 4 1 1 1 1 1 1 4 4 4 4 4 4 4 4 4 4 4 4 4 4
4 4 4 4 4 4 4 4 4 4 4 4 4 4 4 4 4 4 4 4 1 1 1 1 4 4 4
4 4 4 4 4 4 4 4 4 4 4 4 4 4 4 4 4 4 4 4 1 4 4 1 4 4 4
4 4 4 4 4 4 4 4 4 4 4 4 4 4 4 4 4 4 4 4 1 1 1 1 4 4 4
4 4 4 4 4 4 4 4 4 4 4 4 4 4 4 4 4 4 4 4 4 4 4 4 4 4 4
4 4 4 4 4 4 4 4 4 4 4 4 4 4 4 4 4 4 4 4 4 4 4 4 4 4 4
