Example 1 input (13x16):
0 0 0 0 0 0 0 0 0 0 0 0 0 0 0 0
0 0 0 0 0 0 0 0 0 0 2 0 0 0 0 0
0 1 1 1 0 0 0 0 0 2 2 2 0 0 0 0
0 1 0 1 0 0 0 0 0 0 2 0 0 0 0 0
0 1 1 1 0 0 0 0 0 0 0 0 0 1 0 0
0 0 0 0 0 8 8 8 0 0 0 0 0 1 0 0
0 0 0 0 0 8 0 8 0 0 0 0 1 1 1 1
0 0 0 0 0 8 0 8 0 0 0 0 0 1 0 0
0 0 0 0 0 8 8 8 0 0 0 0 0 0 0 0
0 0 0 0 0 0 0 0 0 0 0 0 0 0 0 0
0 0 0 0 0 0 0 0 0 0 0 0 0 0 0 0
0 0 0 0 0 0 0 0 0 0 0 0 0 0 0 0
0 0 0 0 0 0 0 0 0 0 0 0 0 0 0 0

Example 1 output (13x16):
0 1 1 1 0 8 8 8 0 0 0 0 0 0 0 0
0 1 0 1 0 8 0 8 0 0 0 0 0 0 0 0
0 1 1 1 0 8 0 8 0 0 0 0 0 0 0 0
0 0 0 0 0 8 8 8 0 0 0 0 0 0 0 0
0 0 0 0 0 0 0 0 0 0 0 0 0 0 0 0
0 0 0 0 0 0 0 0 0 0 0 0 0 0 0 0
0 0 0 0 0 0 0 0 0 0 0 0 0 0 0 0
0 0 0 0 0 0 0 0 0 0 0 0 0 0 0 0
0 0 0 0 0 0 0 0 0 0 0 0 0 0 0 0
0 0 0 0 0 0 0 0 0 0 0 0 0 1 0 0
0 0 0 0 0 0 0 0 0 0 2 0 0 1 0 0
0 0 0 0 0 0 0 0 0 2 2 2 1 1 1 1
0 0 0 0 0 0 0 0 0 0 2 0 0 1 0 0

Example 2 input (13x13):
0 0 0 0 0 0 0 0 0 0 0 0 0
0 0 0 0 0 0 0 0 0 0 0 0 0
0 0 0 0 1 1 1 0 0 0 0 1 0
0 0 0 0 1 0 1 0 0 0 1 1 1
0 2 0 0 1 1 1 0 0 0 0 1 0
2 2 2 0 0 0 0 0 8 0 0 0 0
0 2 0 0 0 0 8 8 8 8 0 0 0
0 0 0 0 0 0 0 0 8 0 0 0 0
0 0 5 5 5 5 0 0 0 0 0 0 0
0 0 5 0 0 5 0 0 0 0 2 2 2
0 0 5 5 5 5 0 0 0 0 2 0 2
0 0 0 0 0 0 0 0 0 0 2 2 2
0 0 0 0 0 0 0 0 0 0 0 0 0

Example 2 output (13x13):
0 0 0 0 1 1 1 0 0 0 2 2 2
0 0 0 0 1 0 1 0 0 0 2 0 2
0 0 0 0 1 1 1 0 0 0 2 2 2
0 0 5 5 5 5 0 0 0 0 0 0 0
0 0 5 0 0 5 0 0 0 0 0 0 0
0 0 5 5 5 5 0 0 0 0 0 0 0
0 0 0 0 0 0 0 0 0 0 0 0 0
0 0 0 0 0 0 0 0 0 0 0 0 0
0 0 0 0 0 0 0 0 0 0 0 0 0
0 0 0 0 0 0 0 0 0 0 0 0 0
0 2 0 0 0 0 0 0 8 0 0 1 0
2 2 2 0 0 0 8 8 8 8 1 1 1
0 2 0 0 0 0 0 0 8 0 0 1 0

Example 3 input (16x17):
0 1 0 0 0 0 0 0 0 0 0 0 0 0 0 0 0
1 1 1 1 1 0 0 0 0 0 0 0 0 0 0 0 0
0 1 0 0 0 0 0 0 0 0 0 0 0 0 8 0 0
0 0 2 2 2 2 0 0 0 0 0 0 8 8 8 8 0
0 0 2 0 0 2 0 0 0 3 3 3 0 0 8 0 0
0 0 2 0 0 2 0 0 0 3 0 3 0 0 0 0 0
0 0 2 2 2 2 0 0 0 3 3 3 0 0 0 0 0
0 0 0 0 0 0 0 0 0 0 0 0 0 0 0 0 0
0 0 0 0 0 0 0 1 0 0 0 0 0 0 0 0 0
0 3 0 0 0 1 1 1 1 0 0 0 0 0 0 0 0
3 3 3 0 0 0 0 1 0 0 0 0 8 8 8 8 0
0 3 0 0 0 0 0 1 0 0 0 0 8 0 0 8 0
0 0 0 0 0 0 0 0 0 0 0 0 8 8 8 8 0
0 0 0 0 0 0 0 0 0 0 0 0 0 0 0 0 0
0 0 0 0 0 0 0 0 0 0 0 0 0 0 0 0 0
0 0 0 0 0 0 0 0 0 0 0 0 0 0 0 0 0

Example 3 output (16x17):
0 0 2 2 2 2 0 0 0 3 3 3 8 8 8 8 0
0 0 2 0 0 2 0 0 0 3 0 3 8 0 0 8 0
0 0 2 0 0 2 0 0 0 3 3 3 8 8 8 8 0
0 0 2 2 2 2 0 0 0 0 0 0 0 0 0 0 0
0 0 0 0 0 0 0 0 0 0 0 0 0 0 0 0 0
0 0 0 0 0 0 0 0 0 0 0 0 0 0 0 0 0
0 0 0 0 0 0 0 0 0 0 0 0 0 0 0 0 0
0 0 0 0 0 0 0 0 0 0 0 0 0 0 0 0 0
0 0 0 0 0 0 0 0 0 0 0 0 0 0 0 0 0
0 0 0 0 0 0 0 0 0 0 0 0 0 0 0 0 0
0 1 0 0 0 0 0 0 0 0 0 0 0 0 0 0 0
1 1 1 1 1 0 0 0 0 0 0 0 0 0 0 0 0
0 1 0 0 0 0 0 1 0 0 0 0 0 0 0 0 0
0 3 0 0 0 1 1 1 1 0 0 0 0 0 8 0 0
3 3 3 0 0 0 0 1 0 0 0 0 8 8 8 8 0
0 3 0 0 0 0 0 1 0 0 0 0 0 0 8 0 0

Test input (16x15):
0 0 0 0 0 0 0 0 0 0 0 0 0 0 0
0 0 0 0 0 0 0 0 0 0 0 0 2 0 0
0 0 0 3 3 3 0 0 0 0 2 2 2 2 2
0 8 0 3 0 3 0 0 0 0 0 0 2 0 0
8 8 8 3 3 3 0 0 0 0 0 0 2 0 0
0 8 0 0 0 0 0 0 0 0 0 0 0 0 0
0 8 0 0 1 1 1 1 0 0 1 1 1 1 1
0 0 0 0 1 0 0 1 0 0 1 0 0 0 1
0 0 0 0 1 1 1 1 0 0 1 0 0 0 1
0 0 0 0 0 0 0 0 0 0 1 0 0 0 1
0 2 0 0 0 0 0 0 0 0 1 1 1 1 1
2 2 2 0 0 0 0 0 0 0 0 0 0 0 0
0 2 0 0 0 0 0 0 0 0 0 0 0 0 0
0 0 0 0 0 0 0 0 0 0 0 0 0 0 0
0 0 0 0 0 0 0 0 0 0 0 0 0 0 0
0 0 0 0 0 0 0 0 0 0 0 0 0 0 0
