Example 1 input (10x10):
0 0 0 0 3 3 3 0 0 0
2 2 2 2 3 2 3 2 2 2
0 0 0 0 3 3 3 0 0 0
0 0 0 0 0 0 0 0 0 0
0 0 0 0 0 0 0 0 0 0
0 0 0 0 0 0 0 0 0 0
2 2 2 2 2 2 2 2 2 2
0 0 0 0 0 0 0 0 0 0
0 0 0 0 0 0 0 0 0 0
0 0 0 0 0 0 0 0 0 0

Example 1 output (10x10):
0 0 0 0 3 3 3 0 0 0
2 2 2 2 3 2 3 2 2 2
0 0 0 0 3 3 3 0 0 0
0 0 0 0 0 1 0 0 0 0
0 0 0 0 0 1 0 0 0 0
0 0 0 0 1 1 1 0 0 0
2 2 2 2 1 2 1 2 2 2
0 0 0 0 1 1 1 0 0 0
0 0 0 0 0 1 0 0 0 0
0 0 0 0 0 1 0 0 0 0

Example 2 input (15x12):
0 0 0 2 0 0 0 0 0 2 0 0
0 0 3 3 3 0 0 0 0 2 0 0
0 0 3 2 3 0 0 0 0 2 0 0
0 0 3 3 3 0 0 0 0 2 0 0
0 0 0 2 0 0 0 0 0 2 0 0
0 0 0 2 0 0 0 0 0 2 0 0
0 0 0 2 0 0 0 0 0 2 0 0
0 0 0 2 0 0 0 0 0 2 0 0
0 0 0 2 0 0 0 0 0 2 0 0
0 0 0 2 0 0 0 0 0 2 0 0
0 0 0 2 0 0 0 0 3 3 3 0
0 0 0 2 0 0 0 0 3 2 3 0
0 0 0 2 0 0 0 0 3 3 3 0
0 0 0 2 0 0 0 0 0 2 0 0
0 0 0 2 0 0 0 0 0 2 0 0

Example 2 output (15x12):
0 0 0 2 0 0 0 0 0 2 0 0
0 0 3 3 3 0 0 0 1 1 1 0
1 1 3 2 3 1 1 1 1 2 1 1
0 0 3 3 3 0 0 0 1 1 1 0
0 0 0 2 0 0 0 0 0 2 0 0
0 0 0 2 0 0 0 0 0 2 0 0
0 0 0 2 0 0 0 0 0 2 0 0
0 0 0 2 0 0 0 0 0 2 0 0
0 0 0 2 0 0 0 0 0 2 0 0
0 0 0 2 0 0 0 0 0 2 0 0
0 0 1 1 1 0 0 0 3 3 3 0
1 1 1 2 1 1 1 1 3 2 3 1
0 0 1 1 1 0 0 0 3 3 3 0
0 0 0 2 0 0 0 0 0 2 0 0
0 0 0 2 0 0 0 0 0 2 0 0

Example 3 input (12x12):
0 0 0 0 2 0 0 0 0 0 0 0
0 0 0 0 2 0 0 0 0 0 0 0
0 0 0 0 2 0 0 0 0 0 0 0
0 0 0 0 2 0 0 0 0 0 0 0
0 0 0 0 2 0 0 0 0 0 0 0
0 0 0 3 3 3 0 0 0 0 0 0
0 0 0 3 2 3 0 0 0 0 0 0
0 0 0 3 3 3 0 0 0 0 0 0
0 0 0 0 2 0 0 0 0 0 0 0
0 0 0 0 2 0 0 0 0 0 0 0
0 0 0 0 2 0 0 0 0 0 0 0
0 0 0 0 2 0 0 0 0 0 0 0

Example 3 output (12x12):
0 0 0 0 2 0 0 0 0 0 0 0
0 0 0 0 2 0 0 0 0 0 0 0
0 0 0 0 2 0 0 0 0 0 0 0
0 0 0 0 2 0 0 0 0 0 0 0
0 0 0 0 2 0 0 0 0 0 0 0
0 0 0 3 3 3 0 0 0 0 0 0
1 1 1 3 2 3 1 1 1 1 1 1
0 0 0 3 3 3 0 0 0 0 0 0
0 0 0 0 2 0 0 0 0 0 0 0
0 0 0 0 2 0 0 0 0 0 0 0
0 0 0 0 2 0 0 0 0 0 0 0
0 0 0 0 2 0 0 0 0 0 0 0

Example 4 input (16x14):
0 0 0 0 0 0 0 0 0 0 0 0 0 0
0 0 0 0 0 0 0 0 0 0 0 0 0 0
0 0 0 3 3 3 0 0 0 0 0 0 0 0
2 2 2 3 2 3 2 2 2 2 2 2 2 2
0 0 0 3 3 3 0 0 0 0 0 0 0 0
0 0 0 0 0 0 0 0 0 0 0 0 0 0
0 0 0 0 0 0 0 0 0 0 0 0 0 0
0 0 0 0 0 0 0 0 0 0 0 0 0 0
2 2 2 2 2 2 2 2 2 2 2 2 2 2
0 0 0 0 0 0 0 0 0 0 0 0 0 0
0 0 0 0 0 0 0 0 0 0 0 0 0 0
0 0 0 0 0 0 0 0 0 0 0 0 0 0
0 0 0 0 0 0 0 0 0 0 0 0 0 0
0 0 0 0 0 0 0 0 0 3 3 3 0 0
2 2 2 2 2 2 2 2 2 3 2 3 2 2
0 0 0 0 0 0 0 0 0 3 3 3 0 0

Example 4 output (16x14):
0 0 0 0 1 0 0 0 0 0 1 0 0 0
0 0 0 0 1 0 0 0 0 0 1 0 0 0
0 0 0 3 3 3 0 0 0 1 1 1 0 0
2 2 2 3 2 3 2 2 2 1 2 1 2 2
0 0 0 3 3 3 0 0 0 1 1 1 0 0
0 0 0 0 1 0 0 0 0 0 1 0 0 0
0 0 0 0 1 0 0 0 0 0 1 0 0 0
0 0 0 1 1 1 0 0 0 1 1 1 0 0
2 2 2 1 2 1 2 2 2 1 2 1 2 2
0 0 0 1 1 1 0 0 0 1 1 1 0 0
0 0 0 0 1 0 0 0 0 0 1 0 0 0
0 0 0 0 1 0 0 0 0 0 1 0 0 0
0 0 0 0 1 0 0 0 0 0 1 0 0 0
0 0 0 1 1 1 0 0 0 3 3 3 0 0
2 2 2 1 2 1 2 2 2 3 2 3 2 2
0 0 0 1 1 1 0 0 0 3 3 3 0 0

Test input (16x18):
0 0 2 0 0 0 0 2 0 0 0 2 0 0 0 0 2 0
0 3 3 3 0 0 0 2 0 0 0 2 0 0 0 0 2 0
0 3 2 3 0 0 0 2 0 0 0 2 0 0 0 0 2 0
0 3 3 3 0 0 0 2 0 0 0 2 0 0 0 0 2 0
0 0 2 0 0 0 0 2 0 0 0 2 0 0 0 0 2 0
0 0 2 0 0 0 0 2 0 0 0 2 0 0 0 0 2 0
0 0 2 0 0 0 0 2 0 0 0 2 0 0 0 0 2 0
0 0 2 0 0 0 0 2 0 0 0 2 0 0 0 0 2 0
0 0 2 0 0 0 0 2 0 0 0 2 0 0 0 0 2 0
0 0 2 0 0 0 0 2 0 0 0 2 0 0 0 0 2 0
0 0 2 0 0 0 0 2 0 0 0 2 0 0 0 0 2 0
0 0 2 0 0 0 0 2 0 0 3 3 3 0 0 0 2 0
0 0 2 0 0 0 0 2 0 0 3 2 3 0 0 0 2 0
0 0 2 0 0 0 0 2 0 0 3 3 3 0 0 0 2 0
0 0 2 0 0 0 0 2 0 0 0 2 0 0 0 0 2 0
0 0 2 0 0 0 0 2 0 0 0 2 0 0 0 0 2 0
