Example 1 input (3x3):
5 0 1
5 2 0
5 5 5

Example 1 output (9x9):
5 0 1 0 0 0 0 0 0
5 2 0 0 0 0 0 0 0
5 5 5 0 0 0 0 0 0
5 0 1 0 0 0 0 0 0
5 2 0 0 0 0 0 0 0
5 5 5 0 0 0 0 0 0
5 0 1 5 0 1 5 0 1
5 2 0 5 2 0 5 2 0
5 5 5 5 5 5 5 5 5

Example 2 input (3x3):
2 5 1
0 5 0
2 5 1

Example 2 output (9x9):
0 0 0 2 5 1 0 0 0
0 0 0 0 5 0 0 0 0
0 0 0 2 5 1 0 0 0
0 0 0 2 5 1 0 0 0
0 0 0 0 5 0 0 0 0
0 0 0 2 5 1 0 0 0
0 0 0 2 5 1 0 0 0
0 0 0 0 5 0 0 0 0
0 0 0 2 5 1 0 0 0

Example 3 input (4x4):
0 5 0 3
5 5 2 0
0 2 5 5
3 0 5 0

Example 3 output (16x16):
0 0 0 0 0 5 0 3 0 0 0 0 0 0 0 0
0 0 0 0 5 5 2 0 0 0 0 0 0 0 0 0
0 0 0 0 0 2 5 5 0 0 0 0 0 0 0 0
0 0 0 0 3 0 5 0 0 0 0 0 0 0 0 0
0 5 0 3 0 5 0 3 0 0 0 0 0 0 0 0
5 5 2 0 5 5 2 0 0 0 0 0 0 0 0 0
0 2 5 5 0 2 5 5 0 0 0 0 0 0 0 0
3 0 5 0 3 0 5 0 0 0 0 0 0 0 0 0
0 0 0 0 0 0 0 0 0 5 0 3 0 5 0 3
0 0 0 0 0 0 0 0 5 5 2 0 5 5 2 0
0 0 0 0 0 0 0 0 0 2 5 5 0 2 5 5
0 0 0 0 0 0 0 0 3 0 5 0 3 0 5 0
0 0 0 0 0 0 0 0 0 5 0 3 0 0 0 0
0 0 0 0 0 0 0 0 5 5 2 0 0 0 0 0
0 0 0 0 0 0 0 0 0 2 5 5 0 0 0 0
0 0 0 0 0 0 0 0 3 0 5 0 0 0 0 0

Example 4 input (4x4):
5 5 5 5
5 2 3 5
5 3 3 5
5 5 5 5

Example 4 output (16x16):
5 5 5 5 5 5 5 5 5 5 5 5 5 5 5 5
5 2 3 5 5 2 3 5 5 2 3 5 5 2 3 5
5 3 3 5 5 3 3 5 5 3 3 5 5 3 3 5
5 5 5 5 5 5 5 5 5 5 5 5 5 5 5 5
5 5 5 5 0 0 0 0 0 0 0 0 5 5 5 5
5 2 3 5 0 0 0 0 0 0 0 0 5 2 3 5
5 3 3 5 0 0 0 0 0 0 0 0 5 3 3 5
5 5 5 5 0 0 0 0 0 0 0 0 5 5 5 5
5 5 5 5 0 0 0 0 0 0 0 0 5 5 5 5
5 2 3 5 0 0 0 0 0 0 0 0 5 2 3 5
5 3 3 5 0 0 0 0 0 0 0 0 5 3 3 5
5 5 5 5 0 0 0 0 0 0 0 0 5 5 5 5
5 5 5 5 5 5 5 5 5 5 5 5 5 5 5 5
5 2 3 5 5 2 3 5 5 2 3 5 5 2 3 5
5 3 3 5 5 3 3 5 5 3 3 5 5 3 3 5
5 5 5 5 5 5 5 5 5 5 5 5 5 5 5 5

Test input (5x5):
1 0 5 0 1
0 2 2 2 0
5 0 5 0 5
0 2 2 2 0
1 0 5 0 1
