Example 1 input (10x8):
0 0 0 0 0 0 0 0
2 2 0 0 0 2 2 0
0 2 2 0 0 2 2 0
0 0 0 0 0 0 2 2
0 0 0 0 0 0 0 0
0 2 2 2 0 0 0 0
0 0 0 0 0 2 0 0
0 0 2 2 0 0 0 0
2 0 2 2 0 0 2 2
2 0 0 0 0 0 0 0

Example 1 output (10x8):
0 0 0 0 0 0 0 0
6 6 0 0 0 6 6 0
0 6 6 0 0 6 6 0
0 0 0 0 0 0 6 6
0 0 0 0 0 0 0 0
0 2 2 2 0 0 0 0
0 0 0 0 0 2 0 0
0 0 6 6 0 0 0 0
2 0 6 6 0 0 2 2
2 0 0 0 0 0 0 0

Example 2 input (10x12):
0 0 0 0 0 0 0 0 0 0 0 0
2 2 2 0 0 0 2 0 0 0 0 0
0 2 2 0 0 0 2 2 0 0 0 0
0 2 2 2 0 0 2 2 0 0 2 0
0 0 0 0 0 0 0 0 0 0 2 0
0 0 0 0 0 2 0 0 0 0 0 0
0 2 0 0 2 2 0 0 0 2 2 2
0 0 0 0 0 0 0 0 0 2 2 2
0 0 2 0 0 0 0 2 0 0 2 0
0 0 0 0 0 2 2 0 0 0 0 0

Example 2 output (10x12):
0 0 0 0 0 0 0 0 0 0 0 0
6 6 6 0 0 0 6 0 0 0 0 0
0 6 6 0 0 0 6 6 0 0 0 0
0 6 6 6 0 0 6 6 0 0 2 0
0 0 0 0 0 0 0 0 0 0 2 0
0 0 0 0 0 2 0 0 0 0 0 0
0 2 0 0 2 2 0 0 0 6 6 6
0 0 0 0 0 0 0 0 0 6 6 6
0 0 2 0 0 0 0 2 0 0 6 0
0 0 0 0 0 2 2 0 0 0 0 0

Example 3 input (6x6):
2 2 0 0 0 2
2 2 0 0 0 2
0 0 0 2 0 0
0 2 0 0 0 0
0 0 0 2 0 2
0 2 2 2 0 0

Example 3 output (6x6):
6 6 0 0 0 2
6 6 0 0 0 2
0 0 0 2 0 0
0 2 0 0 0 0
0 0 0 6 0 2
0 6 6 6 0 0

Example 4 input (10x9):
0 0 0 0 0 0 0 0 0
0 2 2 0 0 0 0 0 0
0 0 2 0 0 0 2 2 0
0 0 0 0 0 2 2 0 0
0 0 0 0 0 0 0 0 0
0 0 0 2 0 0 0 0 0
0 2 2 0 0 0 0 0 0
0 0 0 0 0 0 0 2 0
0 0 0 0 0 0 0 2 0
0 0 0 2 0 0 0 0 0

Example 4 output (10x9):
0 0 0 0 0 0 0 0 0
0 2 2 0 0 0 0 0 0
0 0 2 0 0 0 6 6 0
0 0 0 0 0 6 6 0 0
0 0 0 0 0 0 0 0 0
0 0 0 2 0 0 0 0 0
0 2 2 0 0 0 0 0 0
0 0 0 0 0 0 0 2 0
0 0 0 0 0 0 0 2 0
0 0 0 2 0 0 0 0 0

Test input (6x8):
0 0 0 0 2 2 2 0
2 2 0 0 0 0 0 0
0 2 2 0 0 2 2 0
0 2 0 0 0 2 2 0
0 0 0 0 0 0 0 0
2 0 2 2 0 0 0 2
