Example 1 input (16x16):
1 1 1 1 1 1 1 1 1 1 1 1 1 1 1 1
1 8 8 8 8 1 8 1 1 8 1 1 1 1 1 1
1 8 2 2 8 1 1 1 8 8 8 8 1 1 8 1
1 8 2 8 8 8 1 1 8 2 2 8 1 1 1 1
1 8 8 8 8 1 1 1 8 2 8 8 1 1 1 1
1 1 1 1 1 8 1 1 8 8 8 8 8 1 1 1
1 1 8 1 1 1 1 1 1 1 1 1 1 1 8 1
1 1 8 8 8 8 1 8 1 1 1 1 1 1 1 1
1 1 8 2 2 8 1 1 1 1 8 1 1 8 1 1
1 1 8 2 8 8 1 1 8 8 8 8 1 1 1 1
8 1 8 8 8 8 1 1 8 2 2 8 1 1 1 1
1 1 1 1 1 1 1 1 8 8 2 8 1 1 8 1
1 1 1 1 1 1 8 1 8 8 8 8 1 1 1 1
1 1 8 1 8 1 1 1 1 1 1 1 1 1 1 1
1 1 1 1 1 8 1 1 1 1 8 1 1 8 8 1
1 8 1 1 1 1 1 1 1 8 8 1 1 1 1 1

Example 1 output (4x4):
8 8 8 8
8 2 2 8
8 8 2 8
8 8 8 8

Example 2 input (16x16):
8 1 1 1 1 1 1 1 1 1 1 1 1 1 1 1
1 1 1 8 8 1 1 1 1 1 1 1 1 1 1 1
1 1 1 1 1 1 1 8 1 1 8 1 8 1 1 1
1 8 8 8 8 1 8 1 1 8 8 1 1 1 1 1
1 8 2 2 8 8 1 1 8 1 1 8 8 1 1 1
1 8 2 2 8 1 1 8 1 1 1 8 1 1 8 1
1 8 8 8 8 8 8 1 1 1 1 1 1 1 8 1
1 8 1 8 1 1 1 8 1 1 8 1 8 8 8 8
1 1 1 1 1 1 1 1 1 1 1 1 8 2 2 8
1 1 1 1 1 8 8 8 8 8 1 1 8 2 2 8
1 8 1 1 1 8 2 8 8 1 1 8 8 8 8 8
1 1 1 1 1 8 8 2 8 1 1 1 1 1 1 1
1 1 1 1 1 8 8 8 8 8 1 1 8 8 8 8
1 1 1 8 1 1 1 1 1 1 1 1 8 2 2 8
1 1 1 1 1 8 1 1 1 1 1 1 8 2 2 8
1 1 8 1 1 8 1 1 1 1 8 1 8 8 8 8

Example 2 output (4x4):
8 8 8 8
8 2 8 8
8 8 2 8
8 8 8 8

Example 3 input (18x18):
1 8 1 8 1 1 1 8 1 1 8 1 1 1 1 8 8 1
1 8 8 8 8 8 1 1 1 1 1 1 1 8 1 1 8 1
8 8 2 8 2 8 1 1 8 8 8 8 8 8 1 1 1 1
1 8 8 2 8 8 8 1 1 8 2 8 2 8 8 1 1 1
8 8 2 2 8 8 1 1 1 8 8 2 8 8 1 8 1 1
1 8 8 8 8 8 1 1 1 8 2 2 8 8 8 1 1 1
1 8 1 8 1 1 8 1 1 8 8 8 8 8 8 1 8 8
8 1 1 1 1 1 1 1 1 1 1 1 1 1 1 1 8 1
1 1 1 1 8 8 1 1 1 1 8 1 1 1 1 1 1 1
8 1 1 1 1 8 8 8 8 8 1 1 1 8 1 1 1 1
8 8 1 1 1 8 2 8 2 8 1 1 8 1 1 1 1 1
1 1 8 1 1 8 8 2 8 8 1 1 1 1 1 1 1 8
1 1 1 1 1 8 8 2 2 8 1 1 8 8 1 1 8 1
1 8 1 1 1 8 8 8 8 8 1 1 1 1 1 1 8 1
1 8 1 1 1 1 1 1 1 1 1 1 1 1 8 1 1 1
1 1 1 1 8 8 1 1 1 1 1 1 1 1 8 1 1 1
1 8 1 1 8 1 1 1 1 1 1 1 1 1 1 1 1 1
1 1 1 1 1 8 1 1 1 1 1 1 1 1 1 1 1 1

Example 3 output (5x5):
8 8 8 8 8
8 2 8 2 8
8 8 2 8 8
8 8 2 2 8
8 8 8 8 8

Test input (18x18):
1 1 1 1 8 1 1 1 1 8 1 1 1 8 8 8 8 8
1 1 1 8 1 1 8 1 1 8 1 1 8 8 2 2 8 8
1 8 8 8 8 8 8 8 1 1 1 8 8 8 2 8 8 8
1 1 8 2 2 8 8 1 1 1 1 1 1 8 8 8 2 8
1 1 8 2 8 8 8 1 8 1 8 1 1 8 8 8 8 8
1 8 8 8 8 2 8 8 1 1 1 1 1 1 1 1 1 1
8 1 8 8 8 8 8 1 1 8 1 8 1 1 1 1 1 1
1 8 1 8 1 1 1 1 1 8 8 8 8 8 1 8 8 1
1 1 1 1 8 1 8 1 1 8 2 2 8 8 1 1 1 1
1 1 1 1 1 1 8 1 1 8 2 8 8 8 8 1 1 1
8 8 8 8 8 8 1 1 1 8 8 8 2 8 1 1 1 1
8 2 2 8 8 1 1 1 1 8 8 8 8 8 1 1 1 1
8 2 8 8 8 8 1 1 1 1 1 1 1 1 1 1 1 1
8 8 8 2 8 1 1 1 8 8 8 8 8 1 1 1 8 1
8 8 8 8 8 1 1 1 8 8 2 2 8 1 1 1 1 8
1 1 1 1 1 1 1 1 8 8 2 2 8 1 1 1 8 8
8 8 1 1 1 1 1 1 8 2 8 8 8 1 1 1 1 1
8 1 8 1 1 1 1 8 8 8 8 8 8 1 1 1 1 1
