Example 1 input (5x5):
2 1 1 1 2
0 1 0 1 0
0 1 0 1 0
0 1 0 1 0
0 0 0 0 0

Example 1 output (5x5):
2 1 1 1 2
4 1 0 1 4
4 1 0 1 4
4 1 0 1 4
4 4 4 4 4

Example 2 input (5x5):
0 0 0 1 2
0 0 0 1 0
0 1 0 1 0
0 1 0 0 0
2 1 0 0 0

Example 2 output (5x5):
0 0 0 1 2
4 4 4 1 4
4 1 4 1 4
4 1 4 4 4
2 1 0 0 0

Example 3 input (6x6):
2 0 0 0 0 0
1 1 1 1 0 0
0 0 0 0 0 0
0 0 0 1 1 1
0 0 0 0 0 2
0 0 0 0 0 0

Example 3 output (6x6):
2 4 4 4 4 0
1 1 1 1 4 0
0 0 4 4 4 0
0 0 4 1 1 1
0 0 4 4 4 2
0 0 0 0 0 0

Example 4 input (6x6):
0 0 0 0 0 2
0 1 1 1 1 1
0 0 0 0 0 0
1 1 1 1 1 0
2 0 0 0 0 0
0 0 0 0 0 0

Example 4 output (6x6):
4 4 4 4 4 2
4 1 1 1 1 1
4 4 4 4 4 4
1 1 1 1 1 4
2 4 4 4 4 4
0 0 0 0 0 0

Example 5 input (10x10):
0 0 0 1 1 0 0 0 1 2
0 0 0 1 1 0 0 0 1 0
0 0 0 1 1 0 0 0 1 0
0 0 0 1 1 0 0 0 1 0
0 1 0 1 1 0 1 0 1 0
0 1 0 0 0 0 1 0 0 0
0 1 0 0 0 0 1 0 0 0
0 1 0 0 0 0 1 0 0 0
0 1 0 0 0 0 1 0 0 0
2 1 0 0 0 0 1 0 0 0

Example 5 output (10x10):
0 0 0 1 1 0 0 0 1 2
0 0 0 1 1 0 0 0 1 4
0 0 0 1 1 0 0 0 1 4
4 4 4 1 1 4 4 4 1 4
4 1 4 1 1 4 1 4 1 4
4 1 4 4 4 4 1 4 4 4
4 1 0 0 0 0 1 0 0 0
4 1 0 0 0 0 1 0 0 0
4 1 0 0 0 0 1 0 0 0
2 1 0 0 0 0 1 0 0 0

Test input (10x10):
2 1 0 0 0 1 0 0 0 2
0 1 0 0 0 1 0 1 0 0
0 1 0 1 0 1 0 1 0 0
0 1 0 1 0 1 0 1 0 0
0 1 0 1 0 1 0 1 0 0
0 0 0 1 0 0 0 1 0 0
0 0 0 1 0 1 0 1 0 0
0 0 0 1 0 1 0 1 0 0
0 0 0 1 0 1 0 1 0 0
0 0 0 1 0 1 0 0 0 0
