Example 1 input (6x6):
0 0 0 8 0 0
0 0 8 8 8 0
0 8 0 8 8 0
8 8 8 0 0 0
0 8 8 0 0 0
0 0 0 0 0 0

Example 1 output (5x5):
0 8 0 0 8
8 8 0 8 8
0 0 0 0 0
0 8 0 0 8
8 8 0 8 8

Example 2 input (6x6):
8 8 8 8 0 0
8 8 8 8 8 8
0 8 8 0 8 8
0 8 8 0 0 0
0 0 0 0 0 0
0 0 0 0 0 0

Example 2 output (5x5):
8 8 0 8 8
8 8 0 8 8
0 0 0 0 0
8 8 0 8 8
8 8 0 8 8

Example 3 input (6x6):
0 0 0 8 0 0
0 8 8 8 8 0
8 8 8 8 8 0
0 8 8 0 0 0
0 0 0 0 0 0
0 0 0 0 0 0

Example 3 output (5x5):
0 8 0 0 8
8 8 0 8 8
0 0 0 0 0
0 8 0 0 8
8 8 0 8 8

Example 4 input (6x6):
0 0 8 8 0 0
8 8 8 8 0 0
8 8 8 8 8 8
0 0 8 8 8 8
0 0 0 0 0 0
0 0 0 0 0 0

Example 4 output (5x5):
8 8 0 8 8
8 8 0 8 8
0 0 0 0 0
8 8 0 8 8
8 8 0 8 8

Example 5 input (6x6):
0 0 0 8 0 0
0 8 8 8 0 0
8 8 8 0 8 0
0 8 8 8 8 0
0 0 0 0 0 0
0 0 0 0 0 0

Example 5 output (5x5):
0 8 0 0 8
8 8 0 8 8
0 0 0 0 0
0 8 0 0 8
8 8 0 8 8

Test 1 input (6x6):
0 0 8 8 0 0
8 8 8 8 0 0
8 8 0 8 8 0
0 8 8 8 8 0
0 8 8 0 0 0
0 0 0 0 0 0

Test 2 input (6x6):
0 8 0 8 0 0
8 8 8 8 8 0
0 0 0 8 8 8
0 0 0 0 8 8
0 0 0 0 0 0
0 0 0 0 0 0
