Example 1 input (23x19):
0 0 0 0 0 0 0 0 0 0 0 0 0 0 0 0 0 0 0
0 1 2 3 8 0 0 0 0 0 0 0 0 0 0 0 0 0 0
0 0 0 0 0 0 0 0 0 0 0 0 0 0 0 0 0 0 0
0 0 0 0 0 0 0 0 0 0 0 0 0 0 0 0 0 0 0
0 5 5 5 5 0 0 0 0 0 0 0 0 0 0 0 0 0 0
0 5 5 5 5 5 0 0 0 0 0 0 0 0 0 0 0 0 0
0 5 5 5 5 5 5 0 0 0 0 0 0 0 0 0 0 0 0
0 5 5 5 5 5 5 5 0 0 0 0 0 0 0 0 0 0 0
0 0 5 5 5 5 5 5 5 0 0 0 0 0 0 0 0 0 0
0 0 0 5 5 5 5 5 5 5 0 0 0 0 0 0 0 0 0
0 0 0 0 5 5 5 5 5 5 5 0 0 0 0 0 0 0 0
0 0 0 0 0 5 5 5 5 5 5 5 0 0 0 0 0 0 0
0 0 0 0 0 0 5 5 5 5 5 5 5 0 0 0 0 0 0
0 0 0 0 0 0 0 5 5 5 5 5 5 5 0 0 0 0 0
0 0 0 0 0 0 0 0 5 5 5 5 5 5 5 0 0 0 0
0 0 0 0 0 0 0 0 0 5 5 5 5 5 5 5 0 0 0
0 0 0 0 0 0 0 0 0 0 5 5 5 5 5 5 0 0 0
0 0 0 0 0 0 0 0 0 0 0 5 5 5 5 5 0 0 0
0 0 0 0 0 0 0 0 0 0 0 0 5 5 5 5 0 0 0
0 0 0 0 0 0 0 0 0 0 0 0 0 0 0 0 0 0 0
0 0 0 0 0 0 0 0 0 0 0 0 0 0 0 0 0 0 0
0 0 0 0 0 0 0 0 0 0 0 0 0 0 0 0 0 0 0
0 0 0 0 0 0 0 0 0 0 0 0 0 0 0 0 0 0 0

Example 1 output (23x19):
0 0 0 0 0 0 0 0 0 0 0 0 0 0 0 0 0 0 0
0 1 2 3 8 0 0 0 0 0 0 0 0 0 0 0 0 0 0
0 0 0 0 0 0 0 0 0 0 0 0 0 0 0 0 0 0 0
0 0 0 0 0 0 0 0 0 0 0 0 0 0 0 0 0 0 0
0 1 1 1 1 0 0 0 0 0 0 0 0 0 0 0 0 0 0
0 1 2 2 2 2 0 0 0 0 0 0 0 0 0 0 0 0 0
0 1 2 3 3 3 3 0 0 0 0 0 0 0 0 0 0 0 0
0 1 2 3 8 8 8 8 0 0 0 0 0 0 0 0 0 0 0
0 0 2 3 8 1 1 1 1 0 0 0 0 0 0 0 0 0 0
0 0 0 3 8 1 2 2 2 2 0 0 0 0 0 0 0 0 0
0 0 0 0 8 1 2 3 3 3 3 0 0 0 0 0 0 0 0
0 0 0 0 0 1 2 3 8 8 8 8 0 0 0 0 0 0 0
0 0 0 0 0 0 2 3 8 1 1 1 1 0 0 0 0 0 0
0 0 0 0 0 0 0 3 8 1 2 2 2 2 0 0 0 0 0
0 0 0 0 0 0 0 0 8 1 2 3 3 3 3 0 0 0 0
0 0 0 0 0 0 0 0 0 1 2 3 8 8 8 8 0 0 0
0 0 0 0 0 0 0 0 0 0 2 3 8 8 8 8 0 0 0
0 0 0 0 0 0 0 0 0 0 0 3 8 8 8 8 0 0 0
0 0 0 0 0 0 0 0 0 0 0 0 8 8 8 8 0 0 0
0 0 0 0 0 0 0 0 0 0 0 0 0 0 0 0 0 0 0
0 0 0 0 0 0 0 0 0 0 0 0 0 0 0 0 0 0 0
0 0 0 0 0 0 0 0 0 0 0 0 0 0 0 0 0 0 0
0 0 0 0 0 0 0 0 0 0 0 0 0 0 0 0 0 0 0

Example 2 input (17x18):
0 0 0 0 0 0 0 0 0 0 0 0 0 0 0 0 0 0
0 0 0 0 0 0 0 0 0 1 3 4 0 0 0 0 0 0
0 0 0 0 0 0 0 0 0 0 0 0 0 0 0 0 0 0
0 0 0 0 0 0 0 0 0 0 5 5 5 0 0 0 0 0
0 0 0 0 0 0 0 0 0 5 5 5 5 0 0 0 0 0
0 0 0 0 0 0 0 0 5 5 5 5 5 0 0 0 0 0
0 0 0 0 0 0 0 5 5 5 5 5 0 0 0 0 0 0
0 0 0 0 0 0 5 5 5 5 5 0 0 0 0 0 0 0
0 0 0 0 0 5 5 5 5 5 0 0 0 0 0 0 0 0
0 0 0 0 5 5 5 5 5 0 0 0 0 0 0 0 0 0
0 0 0 5 5 5 5 5 0 0 0 0 0 0 0 0 0 0
0 0 5 5 5 5 5 0 0 0 0 0 0 0 0 0 0 0
0 0 5 5 5 5 0 0 0 0 0 0 0 0 0 0 0 0
0 0 5 5 5 0 0 0 0 0 0 0 0 0 0 0 0 0
0 0 0 0 0 0 0 0 0 0 0 0 0 0 0 0 0 0
0 0 0 0 0 0 0 0 0 0 0 0 0 0 0 0 0 0
0 0 0 0 0 0 0 0 0 0 0 0 0 0 0 0 0 0

Example 2 output (17x18):
0 0 0 0 0 0 0 0 0 0 0 0 0 0 0 0 0 0
0 0 0 0 0 0 0 0 0 1 3 4 0 0 0 0 0 0
0 0 0 0 0 0 0 0 0 0 0 0 0 0 0 0 0 0
0 0 0 0 0 0 0 0 0 0 1 1 1 0 0 0 0 0
0 0 0 0 0 0 0 0 0 3 3 3 1 0 0 0 0 0
0 0 0 0 0 0 0 0 4 4 4 3 1 0 0 0 0 0
0 0 0 0 0 0 0 1 1 1 4 3 0 0 0 0 0 0
0 0 0 0 0 0 3 3 3 1 4 0 0 0 0 0 0 0
0 0 0 0 0 4 4 4 3 1 0 0 0 0 0 0 0 0
0 0 0 0 1 1 1 4 3 0 0 0 0 0 0 0 0 0
0 0 0 3 3 3 1 4 0 0 0 0 0 0 0 0 0 0
0 0 4 4 4 3 1 0 0 0 0 0 0 0 0 0 0 0
0 0 4 4 4 3 0 0 0 0 0 0 0 0 0 0 0 0
0 0 4 4 4 0 0 0 0 0 0 0 0 0 0 0 0 0
0 0 0 0 0 0 0 0 0 0 0 0 0 0 0 0 0 0
0 0 0 0 0 0 0 0 0 0 0 0 0 0 0 0 0 0
0 0 0 0 0 0 0 0 0 0 0 0 0 0 0 0 0 0

Example 3 input (14x18):
0 0 0 0 0 0 0 0 0 0 0 0 0 0 0 0 0 0
0 0 2 8 3 0 0 0 0 0 0 0 0 5 5 5 5 0
0 0 0 0 0 0 0 0 0 0 0 0 5 5 5 5 5 0
0 5 5 5 5 0 0 0 0 0 0 5 5 5 5 5 5 0
0 5 5 5 5 5 0 0 0 0 0 5 5 5 5 5 5 0
0 5 5 5 5 5 5 0 0 0 0 5 5 5 5 5 0 0
0 5 5 5 5 5 5 5 0 0 0 5 5 5 5 0 0 0
0 0 5 5 5 5 5 5 5 0 0 0 0 0 0 0 0 0
0 0 0 5 5 5 5 5 5 5 0 0 0 0 0 0 0 0
0 0 0 0 5 5 5 5 5 5 0 0 0 0 0 0 0 0
0 0 0 0 0 5 5 5 5 5 0 0 0 0 0 0 0 0
0 0 0 0 0 0 5 5 5 5 0 0 0 0 0 0 0 0
0 0 0 0 0 0 0 0 0 0 0 0 0 0 0 0 0 0
0 0 0 0 0 0 0 0 0 0 0 0 0 0 0 0 0 0

Example 3 output (14x18):
0 0 0 0 0 0 0 0 0 0 0 0 0 0 0 0 0 0
0 0 2 8 3 0 0 0 0 0 0 0 0 2 2 2 2 0
0 0 0 0 0 0 0 0 0 0 0 0 8 8 8 8 2 0
0 2 2 2 2 0 0 0 0 0 0 3 3 3 3 8 2 0
0 2 8 8 8 8 0 0 0 0 0 3 3 3 3 8 2 0
0 2 8 3 3 3 3 0 0 0 0 3 3 3 3 8 0 0
0 2 8 3 2 2 2 2 0 0 0 3 3 3 3 0 0 0
0 0 8 3 2 8 8 8 8 0 0 0 0 0 0 0 0 0
0 0 0 3 2 8 3 3 3 3 0 0 0 0 0 0 0 0
0 0 0 0 2 8 3 3 3 3 0 0 0 0 0 0 0 0
0 0 0 0 0 8 3 3 3 3 0 0 0 0 0 0 0 0
0 0 0 0 0 0 3 3 3 3 0 0 0 0 0 0 0 0
0 0 0 0 0 0 0 0 0 0 0 0 0 0 0 0 0 0
0 0 0 0 0 0 0 0 0 0 0 0 0 0 0 0 0 0

Test input (27x23):
0 0 0 0 0 0 0 0 0 0 0 0 0 0 0 0 0 0 0 0 0 0 0
0 0 0 0 0 0 1 3 4 2 0 0 0 0 0 0 0 5 5 5 5 5 0
0 0 0 0 0 0 0 0 0 0 0 0 0 0 0 0 5 5 5 5 5 5 0
0 5 5 5 5 5 0 0 0 0 0 0 0 0 0 5 5 5 5 5 5 5 0
0 5 5 5 5 5 5 0 0 0 0 0 0 0 5 5 5 5 5 5 5 5 0
0 5 5 5 5 5 5 5 0 0 0 0 0 0 5 5 5 5 5 5 5 5 0
0 5 5 5 5 5 5 5 5 0 0 0 0 0 5 5 5 5 5 5 5 0 0
0 5 5 5 5 5 5 5 5 5 0 0 0 0 5 5 5 5 5 5 0 0 0
0 0 5 5 5 5 5 5 5 5 5 0 0 0 5 5 5 5 5 0 0 0 0
0 0 0 5 5 5 5 5 5 5 5 5 0 0 0 0 0 0 0 0 0 0 0
0 0 0 0 5 5 5 5 5 5 5 5 5 0 0 0 0 0 0 0 0 0 0
0 0 0 0 0 5 5 5 5 5 5 5 5 0 0 0 0 0 0 0 0 0 0
0 0 0 0 0 0 5 5 5 5 5 5 5 0 0 0 0 0 0 0 0 0 0
0 0 0 0 0 0 0 5 5 5 5 5 5 0 0 0 0 0 0 0 0 0 0
0 0 0 0 0 0 0 0 5 5 5 5 5 0 0 0 0 0 0 0 0 0 0
0 5 5 5 5 5 0 0 0 0 0 0 0 0 0 0 0 0 0 0 0 0 0
0 5 5 5 5 5 5 0 0 0 0 0 0 0 0 0 0 0 0 0 0 0 0
0 5 5 5 5 5 5 5 0 0 0 0 0 0 0 0 0 0 0 0 0 0 0
0 5 5 5 5 5 5 5 5 0 0 0 0 0 0 0 0 0 0 0 0 0 0
0 5 5 5 5 5 5 5 5 5 0 0 0 0 0 0 0 0 0 0 0 0 0
0 0 5 5 5 5 5 5 5 5 5 0 0 0 0 0 0 0 0 0 0 0 0
0 0 0 5 5 5 5 5 5 5 5 5 0 0 0 0 0 0 0 0 0 0 0
0 0 0 0 5 5 5 5 5 5 5 5 5 0 0 0 0 0 0 0 0 0 0
0 0 0 0 0 5 5 5 5 5 5 5 5 0 0 0 0 0 0 0 0 0 0
0 0 0 0 0 0 5 5 5 5 5 5 5 0 0 0 0 0 0 0 0 0 0
0 0 0 0 0 0 0 5 5 5 5 5 5 0 0 0 0 0 0 0 0 0 0
0 0 0 0 0 0 0 0 5 5 5 5 5 0 0 0 0 0 0 0 0 0 0
