Example 1 input (13x6):
3 3 2 2 0 0
3 3 2 2 0 0
0 0 2 2 0 0
0 0 2 2 0 0
0 0 6 6 1 1
0 0 6 6 1 1
5 5 5 5 5 5
0 0 0 0 0 0
0 2 0 0 0 0
0 0 2 0 0 0
0 2 2 2 2 0
0 0 0 0 0 0
0 0 0 0 0 0

Example 1 output (18x18):
0 0 0 0 0 0 0 0 0 0 0 0 0 0 0 0 0 0
0 0 0 0 0 0 0 0 0 0 0 0 0 0 0 0 0 0
0 0 0 0 0 0 0 0 0 0 0 0 0 0 0 0 0 0
0 0 0 3 2 0 0 0 0 0 0 0 0 0 0 0 0 0
0 0 0 0 2 0 0 0 0 0 0 0 0 0 0 0 0 0
0 0 0 0 6 1 0 0 0 0 0 0 0 0 0 0 0 0
0 0 0 0 0 0 3 2 0 0 0 0 0 0 0 0 0 0
0 0 0 0 0 0 0 2 0 0 0 0 0 0 0 0 0 0
0 0 0 0 0 0 0 6 1 0 0 0 0 0 0 0 0 0
0 0 0 3 2 0 3 2 0 3 2 0 3 2 0 0 0 0
0 0 0 0 2 0 0 2 0 0 2 0 0 2 0 0 0 0
0 0 0 0 6 1 0 6 1 0 6 1 0 6 1 0 0 0
0 0 0 0 0 0 0 0 0 0 0 0 0 0 0 0 0 0
0 0 0 0 0 0 0 0 0 0 0 0 0 0 0 0 0 0
0 0 0 0 0 0 0 0 0 0 0 0 0 0 0 0 0 0
0 0 0 0 0 0 0 0 0 0 0 0 0 0 0 0 0 0
0 0 0 0 0 0 0 0 0 0 0 0 0 0 0 0 0 0
0 0 0 0 0 0 0 0 0 0 0 0 0 0 0 0 0 0

Example 2 input (13x6):
1 1 3 3 6 6
1 1 3 3 6 6
0 0 1 1 0 0
0 0 1 1 0 0
2 2 2 2 1 1
2 2 2 2 1 1
5 5 5 5 5 5
0 0 0 0 0 0
2 2 0 0 0 0
2 2 0 0 0 0
0 0 2 0 0 0
0 0 0 2 0 0
0 0 0 0 0 0

Example 2 output (18x18):
0 0 0 0 0 0 0 0 0 0 0 0 0 0 0 0 0 0
0 0 0 0 0 0 0 0 0 0 0 0 0 0 0 0 0 0
0 0 0 0 0 0 0 0 0 0 0 0 0 0 0 0 0 0
1 3 6 1 3 6 0 0 0 0 0 0 0 0 0 0 0 0
0 1 0 0 1 0 0 0 0 0 0 0 0 0 0 0 0 0
2 2 1 2 2 1 0 0 0 0 0 0 0 0 0 0 0 0
1 3 6 1 3 6 0 0 0 0 0 0 0 0 0 0 0 0
0 1 0 0 1 0 0 0 0 0 0 0 0 0 0 0 0 0
2 2 1 2 2 1 0 0 0 0 0 0 0 0 0 0 0 0
0 0 0 0 0 0 1 3 6 0 0 0 0 0 0 0 0 0
0 0 0 0 0 0 0 1 0 0 0 0 0 0 0 0 0 0
0 0 0 0 0 0 2 2 1 0 0 0 0 0 0 0 0 0
0 0 0 0 0 0 0 0 0 1 3 6 0 0 0 0 0 0
0 0 0 0 0 0 0 0 0 0 1 0 0 0 0 0 0 0
0 0 0 0 0 0 0 0 0 2 2 1 0 0 0 0 0 0
0 0 0 0 0 0 0 0 0 0 0 0 0 0 0 0 0 0
0 0 0 0 0 0 0 0 0 0 0 0 0 0 0 0 0 0
0 0 0 0 0 0 0 0 0 0 0 0 0 0 0 0 0 0

Example 3 input (13x6):
1 1 0 0 1 1
1 1 0 0 1 1
0 0 2 2 0 0
0 0 2 2 0 0
3 3 2 2 0 0
3 3 2 2 0 0
5 5 5 5 5 5
0 0 0 0 0 0
0 0 2 0 0 0
0 2 2 2 2 0
0 0 2 0 0 0
0 0 0 0 0 0
0 0 0 0 0 0

Example 3 output (18x18):
0 0 0 0 0 0 0 0 0 0 0 0 0 0 0 0 0 0
0 0 0 0 0 0 0 0 0 0 0 0 0 0 0 0 0 0
0 0 0 0 0 0 0 0 0 0 0 0 0 0 0 0 0 0
0 0 0 0 0 0 1 0 1 0 0 0 0 0 0 0 0 0
0 0 0 0 0 0 0 2 0 0 0 0 0 0 0 0 0 0
0 0 0 0 0 0 3 2 0 0 0 0 0 0 0 0 0 0
0 0 0 1 0 1 1 0 1 1 0 1 1 0 1 0 0 0
0 0 0 0 2 0 0 2 0 0 2 0 0 2 0 0 0 0
0 0 0 3 2 0 3 2 0 3 2 0 3 2 0 0 0 0
0 0 0 0 0 0 1 0 1 0 0 0 0 0 0 0 0 0
0 0 0 0 0 0 0 2 0 0 0 0 0 0 0 0 0 0
0 0 0 0 0 0 3 2 0 0 0 0 0 0 0 0 0 0
0 0 0 0 0 0 0 0 0 0 0 0 0 0 0 0 0 0
0 0 0 0 0 0 0 0 0 0 0 0 0 0 0 0 0 0
0 0 0 0 0 0 0 0 0 0 0 0 0 0 0 0 0 0
0 0 0 0 0 0 0 0 0 0 0 0 0 0 0 0 0 0
0 0 0 0 0 0 0 0 0 0 0 0 0 0 0 0 0 0
0 0 0 0 0 0 0 0 0 0 0 0 0 0 0 0 0 0

Example 4 input (13x6):
1 1 0 0 1 1
1 1 0 0 1 1
0 0 1 1 0 0
0 0 1 1 0 0
3 3 3 3 3 3
3 3 3 3 3 3
5 5 5 5 5 5
0 0 0 0 0 0
0 0 0 0 0 0
0 0 2 0 0 0
0 0 2 0 0 0
0 2 2 2 0 0
0 0 0 0 0 0

Example 4 output (18x18):
0 0 0 0 0 0 0 0 0 0 0 0 0 0 0 0 0 0
0 0 0 0 0 0 0 0 0 0 0 0 0 0 0 0 0 0
0 0 0 0 0 0 0 0 0 0 0 0 0 0 0 0 0 0
0 0 0 0 0 0 0 0 0 0 0 0 0 0 0 0 0 0
0 0 0 0 0 0 0 0 0 0 0 0 0 0 0 0 0 0
0 0 0 0 0 0 0 0 0 0 0 0 0 0 0 0 0 0
0 0 0 0 0 0 1 0 1 0 0 0 0 0 0 0 0 0
0 0 0 0 0 0 0 1 0 0 0 0 0 0 0 0 0 0
0 0 0 0 0 0 3 3 3 0 0 0 0 0 0 0 0 0
0 0 0 0 0 0 1 0 1 0 0 0 0 0 0 0 0 0
0 0 0 0 0 0 0 1 0 0 0 0 0 0 0 0 0 0
0 0 0 0 0 0 3 3 3 0 0 0 0 0 0 0 0 0
0 0 0 1 0 1 1 0 1 1 0 1 0 0 0 0 0 0
0 0 0 0 1 0 0 1 0 0 1 0 0 0 0 0 0 0
0 0 0 3 3 3 3 3 3 3 3 3 0 0 0 0 0 0
0 0 0 0 0 0 0 0 0 0 0 0 0 0 0 0 0 0
0 0 0 0 0 0 0 0 0 0 0 0 0 0 0 0 0 0
0 0 0 0 0 0 0 0 0 0 0 0 0 0 0 0 0 0

Test input (13x6):
0 0 1 1 0 0
0 0 1 1 0 0
3 3 0 0 3 3
3 3 0 0 3 3
0 0 2 2 0 0
0 0 2 2 0 0
5 5 5 5 5 5
2 0 2 0 0 0
0 0 2 0 0 0
2 2 2 2 2 2
0 0 2 0 0 0
0 0 2 0 0 0
0 0 2 0 0 0
