Example 1 input (19x18):
0 0 0 0 0 0 0 0 0 0 0 0 0 0 0 0 0 0
0 0 0 0 0 0 0 0 0 0 0 0 0 0 0 0 0 0
0 0 1 1 1 1 1 0 0 0 0 0 0 0 0 0 0 0
0 0 1 2 2 2 2 2 2 2 2 2 2 2 2 0 0 0
0 0 1 1 1 1 1 0 0 0 0 0 0 0 0 0 0 0
0 0 0 0 0 0 0 0 0 0 0 0 0 0 0 0 0 0
0 0 0 0 8 8 8 8 8 8 8 0 0 0 0 0 0 0
0 0 0 0 8 8 8 8 8 8 8 0 0 0 0 0 0 0
0 0 0 0 8 8 7 7 7 7 7 7 7 7 0 0 0 0
0 0 0 0 8 8 7 7 7 7 7 7 7 7 0 0 0 0
0 0 0 0 8 8 7 7 7 7 7 7 7 7 0 0 0 0
0 0 0 0 0 0 7 7 7 7 7 7 7 7 0 0 0 0
0 0 0 0 0 0 0 0 0 0 0 0 0 0 0 0 0 0
0 0 0 0 0 0 0 0 0 0 0 0 0 0 0 0 0 0
0 0 0 0 0 0 0 0 0 0 0 0 0 0 0 0 0 0
0 0 0 0 0 0 0 0 0 0 0 0 0 0 0 0 0 0
0 0 0 0 0 0 0 0 0 0 0 0 0 0 0 0 0 0
0 0 0 0 0 0 0 0 0 0 0 0 0 0 0 0 0 0
0 0 0 0 0 0 0 0 0 0 0 0 0 0 0 0 0 0

Example 1 output (5x4):
8 7 1 2
8 7 1 0
8 7 1 0
8 7 0 0
8 0 0 0

Example 2 input (10x15):
0 0 0 0 0 0 0 0 0 0 0 0 0 0 0
0 0 2 2 2 2 2 2 2 0 0 0 0 0 0
0 0 2 2 2 2 2 2 2 0 0 0 0 0 0
0 0 2 2 2 3 3 3 3 3 3 0 0 0 0
0 0 0 0 0 0 0 0 0 0 0 0 0 0 0
0 0 0 1 1 1 1 1 0 0 0 0 0 0 0
0 0 0 1 1 1 1 1 0 0 0 0 0 0 0
0 0 0 0 0 0 0 0 0 0 0 0 0 0 0
0 0 0 0 0 0 0 0 0 0 0 0 0 0 0
0 0 0 0 0 0 0 0 0 0 0 0 0 0 0

Example 2 output (3x3):
2 1 3
2 1 0
2 0 0

Example 3 input (10x15):
0 0 0 0 0 0 0 0 0 0 0 0 0 0 0
0 8 8 8 8 0 0 0 0 0 0 0 0 0 0
0 8 8 8 8 0 0 0 0 0 0 0 0 0 0
0 8 8 8 8 0 0 0 0 0 0 0 0 0 0
0 0 0 0 0 0 0 0 0 0 0 0 0 0 0
0 0 4 4 4 4 4 4 0 0 0 0 0 0 0
0 3 3 3 3 4 4 4 0 0 0 0 0 0 0
0 0 4 4 4 4 4 4 0 0 0 0 0 0 0
0 0 4 4 4 4 4 4 0 0 0 0 0 0 0
0 0 0 0 0 0 0 0 0 0 0 0 0 0 0

Example 3 output (4x3):
4 8 3
4 8 0
4 8 0
4 0 0

Test input (12x18):
0 0 0 0 0 0 0 0 0 0 0 0 0 0 0 0 0 0
0 0 0 0 0 0 0 0 0 0 0 0 0 0 0 0 0 0
0 2 2 2 2 2 2 0 0 1 1 1 1 0 0 0 0 0
0 2 2 2 3 3 3 3 3 1 1 1 1 0 0 0 0 0
0 2 2 2 3 3 3 3 3 3 0 0 0 0 0 0 0 0
0 0 0 0 3 3 3 3 3 3 0 0 0 0 0 0 0 0
0 6 6 6 6 6 6 8 8 8 8 8 0 0 0 0 0 0
0 6 6 6 6 6 6 3 3 3 0 0 0 0 0 0 0 0
0 6 6 6 6 6 6 0 0 0 0 0 0 0 0 0 0 0
0 6 6 6 6 6 6 0 0 0 0 0 0 0 0 0 0 0
0 6 6 6 6 6 6 0 0 0 0 0 0 0 0 0 0 0
0 6 6 6 6 6 6 0 0 0 0 0 0 0 0 0 0 0
