Example 1 input (10x13):
0 0 0 0 0 0 0 0 0 0 0 0 0
0 0 0 0 0 0 0 0 0 0 8 0 0
0 0 0 0 0 0 0 0 0 0 8 0 0
0 0 0 0 1 0 0 0 0 0 0 0 0
0 1 1 1 1 0 0 0 0 0 0 0 0
0 1 0 0 1 0 0 0 0 0 0 0 0
0 0 0 0 0 0 0 0 0 0 0 0 0
0 0 0 0 0 0 0 0 0 0 0 0 0
0 0 0 0 0 2 2 2 0 0 0 0 0
0 0 0 0 0 0 0 0 0 0 0 0 0

Example 1 output (3x4):
2 2 2 1
1 1 1 1
1 8 8 1

Example 2 input (10x12):
0 0 0 0 0 0 0 0 0 0 0 0
0 0 0 0 0 0 0 0 0 0 0 0
0 0 0 0 2 0 0 0 0 0 0 0
0 0 0 0 2 2 2 0 0 0 0 0
0 0 0 0 2 0 0 0 0 0 0 0
0 0 0 0 0 0 0 0 3 3 3 0
0 8 0 0 0 0 0 0 0 0 3 0
0 0 0 0 0 0 0 0 0 3 3 0
0 0 0 0 0 0 0 0 0 0 0 0
0 0 0 0 0 0 0 0 0 0 0 0

Example 2 output (3x4):
2 3 3 3
2 2 2 3
2 8 3 3

Example 3 input (10x11):
0 0 0 0 0 0 0 0 0 0 0
0 0 0 1 0 0 0 0 0 0 0
0 0 1 1 1 1 0 0 0 0 0
0 0 0 1 0 0 0 0 0 0 0
0 0 0 0 0 0 0 0 0 0 0
0 0 0 0 0 0 0 2 2 0 0
0 0 0 0 8 0 0 0 0 0 0
0 0 0 0 0 0 0 0 2 0 0
0 8 0 0 0 0 0 0 2 0 0
0 0 0 0 0 0 0 0 0 0 0

Example 3 output (3x4):
8 1 2 2
1 1 1 1
8 1 2 2

Test input (10x10):
0 0 0 0 0 0 0 0 0 0
0 0 0 0 0 0 0 0 0 0
0 0 8 8 8 8 0 0 0 0
0 0 8 0 0 8 0 0 6 0
0 0 0 0 0 0 0 6 6 0
0 0 0 0 0 0 0 0 0 0
0 0 0 0 3 0 0 0 0 0
0 0 0 3 3 0 0 0 0 0
0 0 0 0 0 0 0 0 0 0
0 0 0 0 0 0 0 0 0 0
