Example 1 input (23x28):
0 0 0 0 0 0 0 0 0 0 0 0 0 0 0 0 0 0 0 0 0 0 0 0 0 0 0 0
0 2 2 2 0 0 2 2 2 0 0 2 2 2 0 0 2 2 2 0 0 2 2 2 0 0 2 2
0 2 4 2 0 0 2 4 2 0 0 2 3 2 0 0 2 3 2 0 0 2 4 2 0 0 2 4
0 2 2 2 0 0 2 2 2 0 0 2 2 2 0 0 2 2 2 0 0 2 2 2 0 0 2 2
0 0 0 0 0 0 0 0 0 0 0 0 0 0 0 0 0 0 0 0 0 0 0 0 0 0 0 0
0 0 0 0 0 0 0 0 0 0 0 0 0 0 0 0 0 0 0 0 0 0 0 0 0 0 0 0
0 2 2 2 0 0 2 2 2 0 0 2 2 2 0 0 2 2 2 0 0 2 2 2 0 0 2 2
0 2 4 2 0 0 2 1 2 0 0 2 4 2 0 0 2 4 2 0 0 2 1 2 0 0 2 4
0 2 2 2 0 0 2 2 2 0 0 2 2 2 0 0 2 2 2 0 0 2 2 2 0 0 2 2
0 0 0 0 0 0 0 0 0 0 0 0 0 0 0 0 0 0 0 0 0 0 0 0 0 0 0 0
0 0 0 0 0 0 0 0 0 0 0 0 0 0 0 0 0 0 0 0 0 0 0 0 0 0 0 0
0 2 2 2 0 0 2 2 2 0 0 2 2 2 0 0 2 2 2 0 0 2 2 2 0 0 2 2
0 2 4 2 0 0 2 4 2 0 0 2 3 2 0 0 2 3 2 0 0 2 4 2 0 0 2 4
0 2 2 2 0 0 2 2 2 0 0 2 2 2 0 0 2 2 2 0 0 2 2 2 0 0 2 2
0 0 0 0 0 0 0 0 0 0 0 0 0 0 0 0 0 0 0 0 0 0 0 0 0 0 0 0
0 0 0 0 0 0 0 0 0 0 0 0 0 0 0 0 0 0 0 0 0 0 0 0 0 0 0 0
0 2 2 2 0 0 2 2 2 0 0 2 2 2 0 0 2 2 2 0 0 2 2 2 0 0 2 2
0 2 4 2 0 0 2 1 2 0 0 2 4 2 0 0 2 4 2 0 0 2 1 2 0 0 2 4
0 2 2 2 0 0 2 2 2 0 0 2 2 2 0 0 2 2 2 0 0 2 2 2 0 0 2 2
0 0 0 0 0 0 0 0 0 0 0 0 0 0 0 0 0 0 0 0 0 0 0 0 0 0 0 0
0 0 0 0 0 0 0 0 0 0 0 0 0 0 0 0 0 0 0 0 0 0 0 0 0 0 0 0
0 2 2 2 0 0 2 2 2 0 0 2 2 2 0 0 2 2 2 0 0 2 2 2 0 0 2 2
0 2 4 2 0 0 2 4 2 0 0 2 4 2 0 0 2 4 2 0 0 2 4 2 0 0 2 4

Example 1 output (23x28):
0 0 0 0 0 0 0 0 0 0 0 0 0 0 0 0 0 0 0 0 0 0 0 0 0 0 0 0
0 2 2 2 0 0 2 2 2 0 0 2 2 2 0 0 2 2 2 0 0 2 2 2 0 0 2 2
0 2 4 2 0 0 2 4 2 0 0 2 3 2 3 3 2 3 2 0 0 2 4 2 0 0 2 4
0 2 2 2 0 0 2 2 2 0 0 2 2 2 0 0 2 2 2 0 0 2 2 2 0 0 2 2
0 0 0 0 0 0 0 0 0 0 0 0 3 0 0 0 0 3 0 0 0 0 0 0 0 0 0 0
0 0 0 0 0 0 0 0 0 0 0 0 3 0 0 0 0 3 0 0 0 0 0 0 0 0 0 0
0 2 2 2 0 0 2 2 2 0 0 2 2 2 0 0 2 2 2 0 0 2 2 2 0 0 2 2
0 2 4 2 0 0 2 1 2 1 1 2 4 2 1 1 2 4 2 1 1 2 1 2 0 0 2 4
0 2 2 2 0 0 2 2 2 0 0 2 2 2 0 0 2 2 2 0 0 2 2 2 0 0 2 2
0 0 0 0 0 0 0 1 0 0 0 0 3 0 0 0 0 3 0 0 0 0 1 0 0 0 0 0
0 0 0 0 0 0 0 1 0 0 0 0 3 0 0 0 0 3 0 0 0 0 1 0 0 0 0 0
0 2 2 2 0 0 2 2 2 0 0 2 2 2 0 0 2 2 2 0 0 2 2 2 0 0 2 2
0 2 4 2 0 0 2 4 2 0 0 2 3 2 3 3 2 3 2 0 0 2 4 2 0 0 2 4
0 2 2 2 0 0 2 2 2 0 0 2 2 2 0 0 2 2 2 0 0 2 2 2 0 0 2 2
0 0 0 0 0 0 0 1 0 0 0 0 0 0 0 0 0 0 0 0 0 0 1 0 0 0 0 0
0 0 0 0 0 0 0 1 0 0 0 0 0 0 0 0 0 0 0 0 0 0 1 0 0 0 0 0
0 2 2 2 0 0 2 2 2 0 0 2 2 2 0 0 2 2 2 0 0 2 2 2 0 0 2 2
0 2 4 2 0 0 2 1 2 1 1 2 4 2 1 1 2 4 2 1 1 2 1 2 0 0 2 4
0 2 2 2 0 0 2 2 2 0 0 2 2 2 0 0 2 2 2 0 0 2 2 2 0 0 2 2
0 0 0 0 0 0 0 0 0 0 0 0 0 0 0 0 0 0 0 0 0 0 0 0 0 0 0 0
0 0 0 0 0 0 0 0 0 0 0 0 0 0 0 0 0 0 0 0 0 0 0 0 0 0 0 0
0 2 2 2 0 0 2 2 2 0 0 2 2 2 0 0 2 2 2 0 0 2 2 2 0 0 2 2
0 2 4 2 0 0 2 4 2 0 0 2 4 2 0 0 2 4 2 0 0 2 4 2 0 0 2 4

Example 2 input (24x29):
0 0 0 0 0 0 0 0 0 0 0 0 0 0 0 0 0 0 0 0 0 0 0 0 0 0 0 0 0
0 3 3 3 3 0 3 3 3 3 0 3 3 3 3 0 3 3 3 3 0 3 3 3 3 0 3 3 3
0 3 2 2 3 0 3 2 2 3 0 3 2 2 3 0 3 8 8 3 0 3 2 2 3 0 3 8 8
0 3 2 2 3 0 3 2 2 3 0 3 2 2 3 0 3 8 8 3 0 3 2 2 3 0 3 8 8
0 3 3 3 3 0 3 3 3 3 0 3 3 3 3 0 3 3 3 3 0 3 3 3 3 0 3 3 3
0 0 0 0 0 0 0 0 0 0 0 0 0 0 0 0 0 0 0 0 0 0 0 0 0 0 0 0 0
0 3 3 3 3 0 3 3 3 3 0 3 3 3 3 0 3 3 3 3 0 3 3 3 3 0 3 3 3
0 3 2 2 3 0 3 2 2 3 0 3 2 2 3 0 3 2 2 3 0 3 2 2 3 0 3 2 2
0 3 2 2 3 0 3 2 2 3 0 3 2 2 3 0 3 2 2 3 0 3 2 2 3 0 3 2 2
0 3 3 3 3 0 3 3 3 3 0 3 3 3 3 0 3 3 3 3 0 3 3 3 3 0 3 3 3
0 0 0 0 0 0 0 0 0 0 0 0 0 0 0 0 0 0 0 0 0 0 0 0 0 0 0 0 0
0 3 3 3 3 0 3 3 3 3 0 3 3 3 3 0 3 3 3 3 0 3 3 3 3 0 3 3 3
0 3 2 2 3 0 3 4 4 3 0 3 2 2 3 0 3 2 2 3 0 3 4 4 3 0 3 2 2
0 3 2 2 3 0 3 4 4 3 0 3 2 2 3 0 3 2 2 3 0 3 4 4 3 0 3 2 2
0 3 3 3 3 0 3 3 3 3 0 3 3 3 3 0 3 3 3 3 0 3 3 3 3 0 3 3 3
0 0 0 0 0 0 0 0 0 0 0 0 0 0 0 0 0 0 0 0 0 0 0 0 0 0 0 0 0
0 3 3 3 3 0 3 3 3 3 0 3 3 3 3 0 3 3 3 3 0 3 3 3 3 0 3 3 3
0 3 2 2 3 0 3 2 2 3 0 3 2 2 3 0 3 8 8 3 0 3 2 2 3 0 3 8 8
0 3 2 2 3 0 3 2 2 3 0 3 2 2 3 0 3 8 8 3 0 3 2 2 3 0 3 8 8
0 3 3 3 3 0 3 3 3 3 0 3 3 3 3 0 3 3 3 3 0 3 3 3 3 0 3 3 3
0 0 0 0 0 0 0 0 0 0 0 0 0 0 0 0 0 0 0 0 0 0 0 0 0 0 0 0 0
0 3 3 3 3 0 3 3 3 3 0 3 3 3 3 0 3 3 3 3 0 3 3 3 3 0 3 3 3
0 3 2 2 3 0 3 4 4 3 0 3 2 2 3 0 3 2 2 3 0 3 4 4 3 0 3 2 2
0 3 2 2 3 0 3 4 4 3 0 3 2 2 3 0 3 2 2 3 0 3 4 4 3 0 3 2 2

Example 2 output (24x29):
0 0 0 0 0 0 0 0 0 0 0 0 0 0 0 0 0 0 0 0 0 0 0 0 0 0 0 0 0
0 3 3 3 3 0 3 3 3 3 0 3 3 3 3 0 3 3 3 3 0 3 3 3 3 0 3 3 3
0 3 2 2 3 0 3 2 2 3 0 3 2 2 3 0 3 8 8 3 8 3 2 2 3 8 3 8 8
0 3 2 2 3 0 3 2 2 3 0 3 2 2 3 0 3 8 8 3 8 3 2 2 3 8 3 8 8
0 3 3 3 3 0 3 3 3 3 0 3 3 3 3 0 3 3 3 3 0 3 3 3 3 0 3 3 3
0 0 0 0 0 0 0 0 0 0 0 0 0 0 0 0 0 8 8 0 0 0 0 0 0 0 0 8 8
0 3 3 3 3 0 3 3 3 3 0 3 3 3 3 0 3 3 3 3 0 3 3 3 3 0 3 3 3
0 3 2 2 3 0 3 2 2 3 0 3 2 2 3 0 3 2 2 3 0 3 2 2 3 0 3 2 2
0 3 2 2 3 0 3 2 2 3 0 3 2 2 3 0 3 2 2 3 0 3 2 2 3 0 3 2 2
0 3 3 3 3 0 3 3 3 3 0 3 3 3 3 0 3 3 3 3 0 3 3 3 3 0 3 3 3
0 0 0 0 0 0 0 0 0 0 0 0 0 0 0 0 0 8 8 0 0 0 0 0 0 0 0 8 8
0 3 3 3 3 0 3 3 3 3 0 3 3 3 3 0 3 3 3 3 0 3 3 3 3 0 3 3 3
0 3 2 2 3 0 3 4 4 3 4 3 2 2 3 4 3 2 2 3 4 3 4 4 3 0 3 2 2
0 3 2 2 3 0 3 4 4 3 4 3 2 2 3 4 3 2 2 3 4 3 4 4 3 0 3 2 2
0 3 3 3 3 0 3 3 3 3 0 3 3 3 3 0 3 3 3 3 0 3 3 3 3 0 3 3 3
0 0 0 0 0 0 0 4 4 0 0 0 0 0 0 0 0 8 8 0 0 0 4 4 0 0 0 8 8
0 3 3 3 3 0 3 3 3 3 0 3 3 3 3 0 3 3 3 3 0 3 3 3 3 0 3 3 3
0 3 2 2 3 0 3 2 2 3 0 3 2 2 3 0 3 8 8 3 8 3 2 2 3 8 3 8 8
0 3 2 2 3 0 3 2 2 3 0 3 2 2 3 0 3 8 8 3 8 3 2 2 3 8 3 8 8
0 3 3 3 3 0 3 3 3 3 0 3 3 3 3 0 3 3 3 3 0 3 3 3 3 0 3 3 3
0 0 0 0 0 0 0 4 4 0 0 0 0 0 0 0 0 0 0 0 0 0 4 4 0 0 0 0 0
0 3 3 3 3 0 3 3 3 3 0 3 3 3 3 0 3 3 3 3 0 3 3 3 3 0 3 3 3
0 3 2 2 3 0 3 4 4 3 4 3 2 2 3 4 3 2 2 3 4 3 4 4 3 0 3 2 2
0 3 2 2 3 0 3 4 4 3 4 3 2 2 3 4 3 2 2 3 4 3 4 4 3 0 3 2 2

Example 3 input (26x29):
0 0 0 0 0 0 0 0 0 0 0 0 0 0 0 0 0 0 0 0 0 0 0 0 0 0 0 0 0
0 1 1 1 0 0 0 1 1 1 0 0 0 1 1 1 0 0 0 1 1 1 0 0 0 1 1 1 0
0 1 2 1 0 0 0 1 2 1 0 0 0 1 2 1 0 0 0 1 2 1 0 0 0 1 2 1 0
0 1 1 1 0 0 0 1 1 1 0 0 0 1 1 1 0 0 0 1 1 1 0 0 0 1 1 1 0
0 0 0 0 0 0 0 0 0 0 0 0 0 0 0 0 0 0 0 0 0 0 0 0 0 0 0 0 0
0 0 0 0 0 0 0 0 0 0 0 0 0 0 0 0 0 0 0 0 0 0 0 0 0 0 0 0 0
0 0 0 0 0 0 0 0 0 0 0 0 0 0 0 0 0 0 0 0 0 0 0 0 0 0 0 0 0
0 1 1 1 0 0 0 1 1 1 0 0 0 1 1 1 0 0 0 1 1 1 0 0 0 1 1 1 0
0 1 3 1 0 0 0 1 2 1 0 0 0 1 2 1 0 0 0 1 3 1 0 0 0 1 2 1 0
0 1 1 1 0 0 0 1 1 1 0 0 0 1 1 1 0 0 0 1 1 1 0 0 0 1 1 1 0
0 0 0 0 0 0 0 0 0 0 0 0 0 0 0 0 0 0 0 0 0 0 0 0 0 0 0 0 0
0 0 0 0 0 0 0 0 0 0 0 0 0 0 0 0 0 0 0 0 0 0 0 0 0 0 0 0 0
0 0 0 0 0 0 0 0 0 0 0 0 0 0 0 0 0 0 0 0 0 0 0 0 0 0 0 0 0
0 1 1 1 0 0 0 1 1 1 0 0 0 1 1 1 0 0 0 1 1 1 0 0 0 1 1 1 0
0 1 2 1 0 0 0 1 2 1 0 0 0 1 2 1 0 0 0 1 2 1 0 0 0 1 2 1 0
0 1 1 1 0 0 0 1 1 1 0 0 0 1 1 1 0 0 0 1 1 1 0 0 0 1 1 1 0
0 0 0 0 0 0 0 0 0 0 0 0 0 0 0 0 0 0 0 0 0 0 0 0 0 0 0 0 0
0 0 0 0 0 0 0 0 0 0 0 0 0 0 0 0 0 0 0 0 0 0 0 0 0 0 0 0 0
0 0 0 0 0 0 0 0 0 0 0 0 0 0 0 0 0 0 0 0 0 0 0 0 0 0 0 0 0
0 1 1 1 0 0 0 1 1 1 0 0 0 1 1 1 0 0 0 1 1 1 0 0 0 1 1 1 0
0 1 3 1 0 0 0 1 2 1 0 0 0 1 2 1 0 0 0 1 3 1 0 0 0 1 2 1 0
0 1 1 1 0 0 0 1 1 1 0 0 0 1 1 1 0 0 0 1 1 1 0 0 0 1 1 1 0
0 0 0 0 0 0 0 0 0 0 0 0 0 0 0 0 0 0 0 0 0 0 0 0 0 0 0 0 0
0 0 0 0 0 0 0 0 0 0 0 0 0 0 0 0 0 0 0 0 0 0 0 0 0 0 0 0 0
0 0 0 0 0 0 0 0 0 0 0 0 0 0 0 0 0 0 0 0 0 0 0 0 0 0 0 0 0
0 1 1 1 0 0 0 1 1 1 0 0 0 1 1 1 0 0 0 1 1 1 0 0 0 1 1 1 0

Example 3 output (26x29):
0 0 0 0 0 0 0 0 0 0 0 0 0 0 0 0 0 0 0 0 0 0 0 0 0 0 0 0 0
0 1 1 1 0 0 0 1 1 1 0 0 0 1 1 1 0 0 0 1 1 1 0 0 0 1 1 1 0
0 1 2 1 0 0 0 1 2 1 0 0 0 1 2 1 0 0 0 1 2 1 0 0 0 1 2 1 0
0 1 1 1 0 0 0 1 1 1 0 0 0 1 1 1 0 0 0 1 1 1 0 0 0 1 1 1 0
0 0 0 0 0 0 0 0 0 0 0 0 0 0 0 0 0 0 0 0 0 0 0 0 0 0 0 0 0
0 0 0 0 0 0 0 0 0 0 0 0 0 0 0 0 0 0 0 0 0 0 0 0 0 0 0 0 0
0 0 0 0 0 0 0 0 0 0 0 0 0 0 0 0 0 0 0 0 0 0 0 0 0 0 0 0 0
0 1 1 1 0 0 0 1 1 1 0 0 0 1 1 1 0 0 0 1 1 1 0 0 0 1 1 1 0
0 1 3 1 3 3 3 1 2 1 3 3 3 1 2 1 3 3 3 1 3 1 0 0 0 1 2 1 0
0 1 1 1 0 0 0 1 1 1 0 0 0 1 1 1 0 0 0 1 1 1 0 0 0 1 1 1 0
0 0 3 0 0 0 0 0 0 0 0 0 0 0 0 0 0 0 0 0 3 0 0 0 0 0 0 0 0
0 0 3 0 0 0 0 0 0 0 0 0 0 0 0 0 0 0 0 0 3 0 0 0 0 0 0 0 0
0 0 3 0 0 0 0 0 0 0 0 0 0 0 0 0 0 0 0 0 3 0 0 0 0 0 0 0 0
0 1 1 1 0 0 0 1 1 1 0 0 0 1 1 1 0 0 0 1 1 1 0 0 0 1 1 1 0
0 1 2 1 0 0 0 1 2 1 0 0 0 1 2 1 0 0 0 1 2 1 0 0 0 1 2 1 0
0 1 1 1 0 0 0 1 1 1 0 0 0 1 1 1 0 0 0 1 1 1 0 0 0 1 1 1 0
0 0 3 0 0 0 0 0 0 0 0 0 0 0 0 0 0 0 0 0 3 0 0 0 0 0 0 0 0
0 0 3 0 0 0 0 0 0 0 0 0 0 0 0 0 0 0 0 0 3 0 0 0 0 0 0 0 0
0 0 3 0 0 0 0 0 0 0 0 0 0 0 0 0 0 0 0 0 3 0 0 0 0 0 0 0 0
0 1 1 1 0 0 0 1 1 1 0 0 0 1 1 1 0 0 0 1 1 1 0 0 0 1 1 1 0
0 1 3 1 3 3 3 1 2 1 3 3 3 1 2 1 3 3 3 1 3 1 0 0 0 1 2 1 0
0 1 1 1 0 0 0 1 1 1 0 0 0 1 1 1 0 0 0 1 1 1 0 0 0 1 1 1 0
0 0 0 0 0 0 0 0 0 0 0 0 0 0 0 0 0 0 0 0 0 0 0 0 0 0 0 0 0
0 0 0 0 0 0 0 0 0 0 0 0 0 0 0 0 0 0 0 0 0 0 0 0 0 0 0 0 0
0 0 0 0 0 0 0 0 0 0 0 0 0 0 0 0 0 0 0 0 0 0 0 0 0 0 0 0 0
0 1 1 1 0 0 0 1 1 1 0 0 0 1 1 1 0 0 0 1 1 1 0 0 0 1 1 1 0

Test input (30x30):
0 0 0 0 0 0 0 0 0 0 0 0 0 0 0 0 0 0 0 0 0 0 0 0 0 0 0 0 0 0
0 4 4 4 4 4 0 0 4 4 4 4 4 0 0 4 4 4 4 4 0 0 4 4 4 4 4 0 0 4
0 4 3 3 3 4 0 0 4 2 2 2 4 0 0 4 2 2 2 4 0 0 4 3 3 3 4 0 0 4
0 4 3 3 3 4 0 0 4 2 2 2 4 0 0 4 2 2 2 4 0 0 4 3 3 3 4 0 0 4
0 4 3 3 3 4 0 0 4 2 2 2 4 0 0 4 2 2 2 4 0 0 4 3 3 3 4 0 0 4
0 4 4 4 4 4 0 0 4 4 4 4 4 0 0 4 4 4 4 4 0 0 4 4 4 4 4 0 0 4
0 0 0 0 0 0 0 0 0 0 0 0 0 0 0 0 0 0 0 0 0 0 0 0 0 0 0 0 0 0
0 0 0 0 0 0 0 0 0 0 0 0 0 0 0 0 0 0 0 0 0 0 0 0 0 0 0 0 0 0
0 4 4 4 4 4 0 0 4 4 4 4 4 0 0 4 4 4 4 4 0 0 4 4 4 4 4 0 0 4
0 4 2 2 2 4 0 0 4 8 8 8 4 0 0 4 8 8 8 4 0 0 4 2 2 2 4 0 0 4
0 4 2 2 2 4 0 0 4 8 8 8 4 0 0 4 8 8 8 4 0 0 4 2 2 2 4 0 0 4
0 4 2 2 2 4 0 0 4 8 8 8 4 0 0 4 8 8 8 4 0 0 4 2 2 2 4 0 0 4
0 4 4 4 4 4 0 0 4 4 4 4 4 0 0 4 4 4 4 4 0 0 4 4 4 4 4 0 0 4
0 0 0 0 0 0 0 0 0 0 0 0 0 0 0 0 0 0 0 0 0 0 0 0 0 0 0 0 0 0
0 0 0 0 0 0 0 0 0 0 0 0 0 0 0 0 0 0 0 0 0 0 0 0 0 0 0 0 0 0
0 4 4 4 4 4 0 0 4 4 4 4 4 0 0 4 4 4 4 4 0 0 4 4 4 4 4 0 0 4
0 4 3 3 3 4 0 0 4 2 2 2 4 0 0 4 2 2 2 4 0 0 4 3 3 3 4 0 0 4
0 4 3 3 3 4 0 0 4 2 2 2 4 0 0 4 2 2 2 4 0 0 4 3 3 3 4 0 0 4
0 4 3 3 3 4 0 0 4 2 2 2 4 0 0 4 2 2 2 4 0 0 4 3 3 3 4 0 0 4
0 4 4 4 4 4 0 0 4 4 4 4 4 0 0 4 4 4 4 4 0 0 4 4 4 4 4 0 0 4
0 0 0 0 0 0 0 0 0 0 0 0 0 0 0 0 0 0 0 0 0 0 0 0 0 0 0 0 0 0
0 0 0 0 0 0 0 0 0 0 0 0 0 0 0 0 0 0 0 0 0 0 0 0 0 0 0 0 0 0
0 4 4 4 4 4 0 0 4 4 4 4 4 0 0 4 4 4 4 4 0 0 4 4 4 4 4 0 0 4
0 4 2 2 2 4 0 0 4 8 8 8 4 0 0 4 8 8 8 4 0 0 4 2 2 2 4 0 0 4
0 4 2 2 2 4 0 0 4 8 8 8 4 0 0 4 8 8 8 4 0 0 4 2 2 2 4 0 0 4
0 4 2 2 2 4 0 0 4 8 8 8 4 0 0 4 8 8 8 4 0 0 4 2 2 2 4 0 0 4
0 4 4 4 4 4 0 0 4 4 4 4 4 0 0 4 4 4 4 4 0 0 4 4 4 4 4 0 0 4
0 0 0 0 0 0 0 0 0 0 0 0 0 0 0 0 0 0 0 0 0 0 0 0 0 0 0 0 0 0
0 0 0 0 0 0 0 0 0 0 0 0 0 0 0 0 0 0 0 0 0 0 0 0 0 0 0 0 0 0
0 4 4 4 4 4 0 0 4 4 4 4 4 0 0 4 4 4 4 4 0 0 4 4 4 4 4 0 0 4
