Example 1 input (15x15):
0 0 0 0 0 0 0 0 0 0 0 0 0 0 0
0 0 0 0 0 0 0 0 0 0 0 0 0 0 0
0 0 0 3 3 3 3 3 3 3 3 3 0 0 0
0 0 0 3 0 0 0 0 0 0 0 3 0 0 0
0 0 0 3 0 0 0 0 0 0 0 3 0 0 0
0 0 0 3 0 0 0 0 0 0 0 3 0 0 0
0 0 0 3 0 0 0 3 0 0 0 3 0 0 0
0 0 0 3 0 0 0 0 0 0 0 3 0 0 0
0 0 0 3 0 0 0 0 0 0 0 3 0 0 0
0 0 0 3 0 0 0 0 0 0 0 3 0 0 0
0 0 0 3 3 3 3 3 3 3 3 3 0 0 0
0 0 0 0 0 0 0 0 0 0 0 0 0 0 0
0 0 0 0 0 0 0 0 0 0 0 0 0 0 0
0 0 0 0 0 0 0 0 0 0 0 0 0 0 0
0 0 0 0 0 0 0 0 0 0 0 0 0 0 0

Example 1 output (15x15):
0 0 0 0 0 0 0 0 0 0 0 0 0 0 0
0 0 0 0 0 0 0 0 0 0 0 0 0 0 0
0 0 0 3 3 3 3 3 3 3 3 3 0 0 0
0 0 0 3 4 4 4 4 4 4 4 3 0 0 0
0 0 0 3 4 2 2 2 2 2 4 3 0 0 0
0 0 0 3 4 2 4 4 4 2 4 3 0 0 0
0 0 0 3 4 2 4 3 4 2 4 3 0 0 0
0 0 0 3 4 2 4 4 4 2 4 3 0 0 0
0 0 0 3 4 2 2 2 2 2 4 3 0 0 0
0 0 0 3 4 4 4 4 4 4 4 3 0 0 0
0 0 0 3 3 3 3 3 3 3 3 3 0 0 0
0 0 0 0 0 0 0 0 0 0 0 0 0 0 0
0 0 0 0 0 0 0 0 0 0 0 0 0 0 0
0 0 0 0 0 0 0 0 0 0 0 0 0 0 0
0 0 0 0 0 0 0 0 0 0 0 0 0 0 0

Example 2 input (15x15):
0 0 0 0 0 0 0 0 0 0 0 0 0 0 0
0 0 0 0 0 0 0 0 0 0 0 0 0 0 0
0 0 0 3 3 3 3 3 3 3 3 3 0 0 0
0 0 0 3 0 0 0 0 0 0 0 3 0 0 0
0 0 0 3 0 0 0 0 0 0 0 3 0 0 0
0 0 0 3 0 0 0 0 0 0 0 3 0 0 0
0 0 0 3 0 0 0 0 0 0 0 3 0 0 0
0 0 0 3 0 0 0 0 0 0 0 3 0 0 0
0 0 0 3 0 3 0 0 0 0 0 3 0 0 0
0 0 0 3 0 0 0 0 0 0 0 3 0 0 0
0 0 0 3 3 3 3 3 3 3 3 3 0 0 0
0 0 0 0 0 0 0 0 0 0 0 0 0 0 0
0 0 0 0 0 0 0 0 0 0 0 0 0 0 0
0 0 0 0 0 0 0 0 0 0 0 0 0 0 0
0 0 0 0 0 0 0 0 0 0 0 0 0 0 0

Example 2 output (15x15):
0 0 0 0 0 0 0 0 0 0 0 0 0 0 0
0 0 0 0 0 0 0 0 0 0 0 0 0 0 0
0 0 0 3 3 3 3 3 3 3 3 3 0 0 0
0 0 0 3 4 4 4 4 4 4 4 3 0 0 0
0 0 0 3 2 2 2 2 2 2 4 3 0 0 0
0 0 0 3 4 4 4 4 4 2 4 3 0 0 0
0 0 0 3 2 2 2 2 4 2 4 3 0 0 0
0 0 0 3 4 4 4 2 4 2 4 3 0 0 0
0 0 0 3 4 3 4 2 4 2 4 3 0 0 0
0 0 0 3 4 4 4 2 4 2 4 3 0 0 0
0 0 0 3 3 3 3 3 3 3 3 3 0 0 0
0 0 0 0 0 0 0 0 0 0 0 0 0 0 0
0 0 0 0 0 0 0 0 0 0 0 0 0 0 0
0 0 0 0 0 0 0 0 0 0 0 0 0 0 0
0 0 0 0 0 0 0 0 0 0 0 0 0 0 0

Example 3 input (15x15):
0 0 0 0 0 0 0 0 0 0 0 0 0 0 0
0 0 0 0 0 0 0 0 0 0 0 0 0 0 0
0 0 0 3 3 3 3 3 3 3 3 3 0 0 0
0 0 0 3 0 0 0 0 0 3 0 3 0 0 0
0 0 0 3 0 0 0 0 0 0 0 3 0 0 0
0 0 0 3 0 0 0 0 0 0 0 3 0 0 0
0 0 0 3 0 0 0 0 0 0 0 3 0 0 0
0 0 0 3 0 0 0 0 0 0 0 3 0 0 0
0 0 0 3 0 0 0 0 0 0 0 3 0 0 0
0 0 0 3 0 0 0 0 0 0 0 3 0 0 0
0 0 0 3 3 3 3 3 3 3 3 3 0 0 0
0 0 0 0 0 0 0 0 0 0 0 0 0 0 0
0 0 0 0 0 0 0 0 0 0 0 0 0 0 0
0 0 0 0 0 0 0 0 0 0 0 0 0 0 0
0 0 0 0 0 0 0 0 0 0 0 0 0 0 0

Example 3 output (15x15):
0 0 0 0 0 0 0 0 0 0 0 0 0 0 0
0 0 0 0 0 0 0 0 0 0 0 0 0 0 0
0 0 0 3 3 3 3 3 3 3 3 3 0 0 0
0 0 0 3 4 2 4 2 4 3 4 3 0 0 0
0 0 0 3 4 2 4 2 4 4 4 3 0 0 0
0 0 0 3 4 2 4 2 2 2 2 3 0 0 0
0 0 0 3 4 2 4 4 4 4 4 3 0 0 0
0 0 0 3 4 2 2 2 2 2 2 3 0 0 0
0 0 0 3 4 4 4 4 4 4 4 3 0 0 0
0 0 0 3 2 2 2 2 2 2 2 3 0 0 0
0 0 0 3 3 3 3 3 3 3 3 3 0 0 0
0 0 0 0 0 0 0 0 0 0 0 0 0 0 0
0 0 0 0 0 0 0 0 0 0 0 0 0 0 0
0 0 0 0 0 0 0 0 0 0 0 0 0 0 0
0 0 0 0 0 0 0 0 0 0 0 0 0 0 0

Test input (15x15):
0 0 0 0 0 0 0 0 0 0 0 0 0 0 0
0 0 0 0 0 0 0 0 0 0 0 0 0 0 0
0 0 0 3 3 3 3 3 3 3 3 3 0 0 0
0 0 0 3 0 0 0 0 0 0 0 3 0 0 0
0 0 0 3 0 0 0 0 0 0 0 3 0 0 0
0 0 0 3 3 0 0 0 0 0 0 3 0 0 0
0 0 0 3 0 0 0 0 0 0 0 3 0 0 0
0 0 0 3 0 0 0 0 0 0 0 3 0 0 0
0 0 0 3 0 0 0 0 0 0 0 3 0 0 0
0 0 0 3 0 0 0 0 0 0 0 3 0 0 0
0 0 0 3 3 3 3 3 3 3 3 3 0 0 0
0 0 0 0 0 0 0 0 0 0 0 0 0 0 0
0 0 0 0 0 0 0 0 0 0 0 0 0 0 0
0 0 0 0 0 0 0 0 0 0 0 0 0 0 0
0 0 0 0 0 0 0 0 0 0 0 0 0 0 0
