Example 1 input (10x10):
0 0 0 0 8 0 0 0 0 0
0 0 3 0 0 0 0 0 7 0
2 0 0 0 0 0 3 0 0 0
0 0 0 0 0 0 0 0 0 0
0 0 0 0 7 0 8 0 0 6
0 0 0 0 0 0 0 0 0 0
0 7 0 0 0 6 0 0 0 8
0 0 6 0 8 0 0 0 0 0
0 0 0 0 8 0 0 0 0 0
0 0 0 0 0 0 7 0 0 0

Example 1 output (10x10):
0 0 0 0 8 2 0 0 0 0
0 0 3 0 0 2 0 0 7 0
2 2 2 2 2 2 3 0 0 0
0 0 0 0 0 2 0 0 0 0
0 0 0 0 7 2 8 0 0 6
2 2 2 2 2 2 2 2 2 2
0 7 0 0 0 6 0 0 0 8
0 0 6 0 8 0 0 0 0 0
0 0 0 0 8 0 0 0 0 0
0 0 0 0 0 0 7 0 0 0

Example 2 input (12x12):
0 0 0 0 3 7 0 0 0 0 0 0
0 0 8 0 0 0 0 0 7 0 0 3
0 0 0 0 0 0 6 0 0 0 0 0
0 0 0 0 0 8 0 0 0 8 0 0
2 0 0 8 0 0 0 0 0 0 0 0
0 0 0 0 0 7 0 0 0 0 0 0
0 0 0 0 0 0 0 0 0 6 0 0
0 0 7 0 0 0 0 0 0 0 0 0
0 0 0 0 0 0 7 0 0 7 0 0
0 0 0 6 0 0 0 0 0 0 0 0
0 3 0 0 0 0 0 8 3 0 0 0
0 0 0 0 7 0 0 0 0 0 0 0

Example 2 output (12x12):
0 0 0 0 3 7 0 2 0 0 0 0
0 0 8 2 2 2 2 2 7 0 0 3
2 2 2 2 2 2 6 2 2 2 2 2
0 0 2 0 2 8 0 2 2 8 0 0
2 2 2 8 2 0 0 2 2 0 0 0
0 0 2 0 2 7 0 2 2 0 0 0
2 2 2 2 2 2 2 2 2 6 0 0
0 0 7 0 2 0 0 2 2 0 0 0
0 0 0 0 2 0 7 2 2 7 0 0
0 0 0 6 2 2 2 2 2 2 2 2
0 3 0 0 2 0 0 8 3 0 0 0
0 0 0 0 7 0 0 0 0 0 0 0

Example 3 input (6x6):
0 0 3 0 0 7
0 0 0 0 0 0
2 0 0 0 3 0
0 0 0 0 0 0
0 0 0 0 0 8
0 0 3 0 0 0

Example 3 output (6x6):
0 0 3 2 0 7
0 0 0 2 0 0
2 2 2 2 3 0
0 0 0 2 0 0
0 0 0 2 0 8
0 0 3 2 0 0

Example 4 input (8x8):
0 7 0 0 0 0 0 0
0 0 0 0 0 0 0 3
0 0 0 0 0 0 0 0
2 0 8 0 0 0 0 0
0 0 0 0 0 0 0 0
0 0 0 0 0 0 0 0
0 0 0 0 7 0 0 0
0 0 0 0 0 0 0 0

Example 4 output (8x8):
0 7 0 0 0 0 2 0
2 2 2 2 2 2 2 3
0 2 0 0 0 0 2 0
2 2 8 0 0 0 2 0
0 2 0 0 0 0 2 0
0 2 0 0 0 0 2 0
0 2 0 0 7 0 2 0
0 2 0 0 0 0 2 0

Example 5 input (4x6):
0 0 0 0 0 0
2 0 0 0 8 0
0 0 0 0 0 0
0 0 0 0 0 0

Example 5 output (4x6):
0 0 0 2 0 0
2 2 2 2 8 0
0 0 0 2 0 0
0 0 0 2 0 0

Example 6 input (8x6):
0 0 0 7 0 0
6 0 0 0 0 0
0 0 0 0 0 0
2 0 0 0 8 0
0 0 0 0 0 0
0 0 0 0 0 8
0 0 0 0 0 0
7 0 0 0 0 0

Example 6 output (8x6):
0 2 0 7 0 0
6 2 2 2 2 2
0 2 0 2 0 0
2 2 2 2 8 0
0 2 0 2 0 0
0 2 0 2 0 8
0 2 0 2 0 0
7 2 0 2 0 0

Test input (10x12):
0 0 0 8 0 0 0 0 7 0 0 3
0 0 0 0 0 0 0 0 0 0 0 0
0 0 6 0 0 0 0 6 0 0 0 0
2 0 0 0 0 0 6 0 0 0 7 0
0 0 0 0 0 0 0 0 0 0 0 6
0 0 0 3 0 0 0 8 0 0 0 0
0 0 0 0 0 0 0 0 0 6 0 0
0 0 7 0 0 0 0 0 0 0 0 3
0 0 8 0 0 0 7 0 0 6 0 0
0 0 0 0 0 3 0 0 0 0 0 0
