Example 1 input (16x15):
0 0 0 0 0 0 0 0 0 0 0 0 0 0 0
0 0 0 0 0 0 0 0 0 0 0 0 0 0 0
0 0 0 0 0 0 0 0 0 0 0 0 0 0 0
0 0 0 0 0 0 0 0 0 0 0 0 0 0 0
0 0 0 0 2 2 2 2 2 2 2 2 2 2 0
0 0 0 0 2 2 2 2 2 2 2 2 2 2 0
0 0 0 0 2 2 2 2 2 2 2 2 2 2 0
0 0 0 0 2 2 2 2 2 2 2 2 2 2 0
0 0 0 0 2 2 2 2 2 2 2 2 2 2 0
0 0 0 0 2 2 2 2 2 2 2 2 2 2 0
0 0 0 0 2 2 2 2 2 2 2 2 2 2 0
0 0 0 0 2 2 2 2 2 2 2 2 2 2 0
0 0 0 0 0 0 0 0 0 0 0 0 0 0 0
0 0 0 0 0 0 0 0 0 0 0 0 0 0 0
0 0 0 0 0 0 0 0 0 0 0 0 0 0 0
0 0 0 0 0 0 0 0 0 0 0 0 0 0 0

Example 1 output (16x15):
0 0 0 0 0 0 0 0 0 0 0 0 0 0 0
0 0 0 0 0 0 0 0 0 0 0 0 0 0 0
0 0 0 0 0 0 0 0 0 0 0 0 0 0 0
0 0 0 0 0 0 0 0 0 0 0 0 0 0 0
0 0 0 0 2 2 2 2 2 2 2 2 2 2 0
0 0 0 0 2 0 2 0 2 0 2 0 2 2 0
0 0 0 0 2 2 0 2 0 2 0 2 0 2 0
0 0 0 0 2 0 2 0 2 0 2 0 2 2 0
0 0 0 0 2 2 0 2 0 2 0 2 0 2 0
0 0 0 0 2 0 2 0 2 0 2 0 2 2 0
0 0 0 0 2 2 0 2 0 2 0 2 0 2 0
0 0 0 0 2 2 2 2 2 2 2 2 2 2 0
0 0 0 0 0 0 0 0 0 0 0 0 0 0 0
0 0 0 0 0 0 0 0 0 0 0 0 0 0 0
0 0 0 0 0 0 0 0 0 0 0 0 0 0 0
0 0 0 0 0 0 0 0 0 0 0 0 0 0 0

Example 2 input (13x15):
1 1 1 1 1 0 0 0 0 0 0 0 0 0 0
1 1 1 1 1 0 0 0 0 0 0 0 0 0 0
1 1 1 1 1 0 0 0 0 0 0 0 0 0 0
1 1 1 1 1 0 0 0 0 0 0 0 0 0 0
1 1 1 1 1 0 0 0 0 0 0 0 0 0 0
0 0 0 0 0 0 0 0 0 0 0 0 0 0 0
0 0 0 0 8 8 8 8 8 8 8 8 8 8 0
0 0 0 0 8 8 8 8 8 8 8 8 8 8 0
0 0 0 0 8 8 8 8 8 8 8 8 8 8 0
0 0 0 0 8 8 8 8 8 8 8 8 8 8 0
0 0 0 0 8 8 8 8 8 8 8 8 8 8 0
0 0 0 0 8 8 8 8 8 8 8 8 8 8 0
0 0 0 0 0 0 0 0 0 0 0 0 0 0 0

Example 2 output (13x15):
1 1 1 1 1 0 0 0 0 0 0 0 0 0 0
1 0 1 0 1 0 0 0 0 0 0 0 0 0 0
1 1 0 1 1 0 0 0 0 0 0 0 0 0 0
1 0 1 0 1 0 0 0 0 0 0 0 0 0 0
1 1 1 1 1 0 0 0 0 0 0 0 0 0 0
0 0 0 0 0 0 0 0 0 0 0 0 0 0 0
0 0 0 0 8 8 8 8 8 8 8 8 8 8 0
0 0 0 0 8 0 8 0 8 0 8 0 8 8 0
0 0 0 0 8 8 0 8 0 8 0 8 0 8 0
0 0 0 0 8 0 8 0 8 0 8 0 8 8 0
0 0 0 0 8 8 0 8 0 8 0 8 0 8 0
0 0 0 0 8 8 8 8 8 8 8 8 8 8 0
0 0 0 0 0 0 0 0 0 0 0 0 0 0 0

Example 3 input (17x16):
0 0 0 0 0 0 0 0 0 0 0 0 0 0 0 0
0 0 3 3 3 3 3 3 3 3 0 0 0 0 0 0
0 0 3 3 3 3 3 3 3 3 0 0 0 0 0 0
0 0 3 3 3 3 3 3 3 3 0 0 0 0 0 0
0 0 3 3 3 3 3 3 3 3 0 0 0 0 0 0
0 0 3 3 3 3 3 3 3 3 0 0 0 0 0 0
0 0 3 3 3 3 3 3 3 3 0 0 0 0 0 0
0 0 3 3 3 3 3 3 3 3 0 0 0 0 0 0
0 0 0 0 0 0 0 0 0 0 0 0 0 0 0 0
4 4 4 4 4 4 4 4 0 0 8 8 8 8 8 8
4 4 4 4 4 4 4 4 0 0 8 8 8 8 8 8
4 4 4 4 4 4 4 4 0 0 8 8 8 8 8 8
4 4 4 4 4 4 4 4 0 0 8 8 8 8 8 8
4 4 4 4 4 4 4 4 0 0 8 8 8 8 8 8
4 4 4 4 4 4 4 4 0 0 0 0 0 0 0 0
4 4 4 4 4 4 4 4 0 0 0 0 0 0 0 0
0 0 0 0 0 0 0 0 0 0 0 0 0 0 0 0

Example 3 output (17x16):
0 0 0 0 0 0 0 0 0 0 0 0 0 0 0 0
0 0 3 3 3 3 3 3 3 3 0 0 0 0 0 0
0 0 3 0 3 0 3 0 3 3 0 0 0 0 0 0
0 0 3 3 0 3 0 3 0 3 0 0 0 0 0 0
0 0 3 0 3 0 3 0 3 3 0 0 0 0 0 0
0 0 3 3 0 3 0 3 0 3 0 0 0 0 0 0
0 0 3 0 3 0 3 0 3 3 0 0 0 0 0 0
0 0 3 3 3 3 3 3 3 3 0 0 0 0 0 0
0 0 0 0 0 0 0 0 0 0 0 0 0 0 0 0
4 4 4 4 4 4 4 4 0 0 8 8 8 8 8 8
4 0 4 0 4 0 4 4 0 0 8 0 8 0 8 8
4 4 0 4 0 4 0 4 0 0 8 8 0 8 0 8
4 0 4 0 4 0 4 4 0 0 8 0 8 0 8 8
4 4 0 4 0 4 0 4 0 0 8 8 8 8 8 8
4 0 4 0 4 0 4 4 0 0 0 0 0 0 0 0
4 4 4 4 4 4 4 4 0 0 0 0 0 0 0 0
0 0 0 0 0 0 0 0 0 0 0 0 0 0 0 0

Test input (19x19):
0 0 0 0 0 0 0 0 0 0 0 0 0 0 0 0 0 0 0
0 8 8 8 8 8 8 8 8 0 0 0 0 0 0 0 0 0 0
0 8 8 8 8 8 8 8 8 0 7 7 7 7 7 7 7 7 0
0 8 8 8 8 8 8 8 8 0 7 7 7 7 7 7 7 7 0
0 8 8 8 8 8 8 8 8 0 7 7 7 7 7 7 7 7 0
0 8 8 8 8 8 8 8 8 0 7 7 7 7 7 7 7 7 0
0 8 8 8 8 8 8 8 8 0 7 7 7 7 7 7 7 7 0
0 8 8 8 8 8 8 8 8 0 7 7 7 7 7 7 7 7 0
0 8 8 8 8 8 8 8 8 0 7 7 7 7 7 7 7 7 0
0 8 8 8 8 8 8 8 8 0 0 0 0 0 0 0 0 0 0
0 0 0 0 0 0 0 0 0 0 0 0 0 0 0 0 0 0 0
0 6 6 6 6 6 6 6 6 6 6 6 0 4 4 4 4 4 0
0 6 6 6 6 6 6 6 6 6 6 6 0 4 4 4 4 4 0
0 6 6 6 6 6 6 6 6 6 6 6 0 4 4 4 4 4 0
0 6 6 6 6 6 6 6 6 6 6 6 0 4 4 4 4 4 0
0 6 6 6 6 6 6 6 6 6 6 6 0 4 4 4 4 4 0
0 6 6 6 6 6 6 6 6 6 6 6 0 4 4 4 4 4 0
0 6 6 6 6 6 6 6 6 6 6 6 0 0 0 0 0 0 0
0 6 6 6 6 6 6 6 6 6 6 6 0 0 0 0 0 0 0
