Example 1 input (8x17):
0 0 0 0 0 0 0 0 0 0 0 0 0 0 0 0 0
0 3 3 3 3 3 3 0 0 0 0 0 0 0 0 0 0
0 3 0 3 0 0 3 0 0 0 0 6 0 0 0 0 0
0 3 0 3 0 0 3 0 0 0 0 0 0 0 0 0 0
0 3 3 3 3 3 3 0 0 0 0 0 0 0 0 0 0
0 0 0 0 0 0 0 0 0 0 0 0 0 0 0 0 0
0 0 0 0 6 0 0 0 0 0 0 0 0 0 0 0 0
0 0 0 0 0 0 0 0 0 0 0 0 0 0 0 0 0

Example 1 output (8x17):
0 0 0 0 0 0 0 0 0 0 0 0 0 0 0 0 0
0 3 3 3 3 3 3 3 3 3 3 0 0 0 0 0 0
0 3 0 3 0 0 0 0 0 0 3 6 0 0 0 0 0
0 3 0 3 0 0 0 0 0 0 3 0 0 0 0 0 0
0 3 0 3 0 0 0 0 0 0 3 0 0 0 0 0 0
0 3 3 3 3 3 3 3 3 3 3 0 0 0 0 0 0
0 0 0 0 6 0 0 0 0 0 0 0 0 0 0 0 0
0 0 0 0 0 0 0 0 0 0 0 0 0 0 0 0 0

Example 2 input (11x15):
0 0 0 0 0 0 0 0 0 0 0 0 0 0 0
0 0 0 0 0 0 0 0 0 0 0 0 0 0 0
0 0 0 0 3 3 3 0 0 0 0 0 0 0 0
0 6 0 0 3 0 3 0 0 0 0 0 0 0 0
0 0 0 0 3 3 3 0 0 0 0 0 0 0 0
0 0 0 0 0 0 0 0 0 0 0 0 0 0 0
0 0 0 0 0 0 0 0 0 0 0 0 0 0 0
0 0 0 0 0 0 0 0 0 0 0 0 0 0 0
0 0 0 0 0 0 0 0 0 0 0 0 0 0 0
0 0 0 0 0 6 0 0 0 0 0 0 0 0 0
0 0 0 0 0 0 0 0 0 0 0 0 0 0 0

Example 2 output (11x15):
0 0 0 0 0 0 0 0 0 0 0 0 0 0 0
0 0 0 0 0 0 0 0 0 0 0 0 0 0 0
0 0 3 3 3 3 3 0 0 0 0 0 0 0 0
0 6 3 0 0 0 3 0 0 0 0 0 0 0 0
0 0 3 0 0 0 3 0 0 0 0 0 0 0 0
0 0 3 0 0 0 3 0 0 0 0 0 0 0 0
0 0 3 0 0 0 3 0 0 0 0 0 0 0 0
0 0 3 0 0 0 3 0 0 0 0 0 0 0 0
0 0 3 3 3 3 3 0 0 0 0 0 0 0 0
0 0 0 0 0 6 0 0 0 0 0 0 0 0 0
0 0 0 0 0 0 0 0 0 0 0 0 0 0 0

Example 3 input (15x15):
0 0 0 0 0 0 0 0 0 0 0 0 0 0 0
0 0 0 0 0 0 0 0 0 0 0 0 0 0 0
0 0 0 0 0 0 0 0 0 0 0 0 0 0 0
0 0 0 0 3 3 3 3 3 3 0 0 0 0 0
0 0 0 0 3 0 0 3 0 3 0 0 6 0 0
0 0 0 0 3 3 3 3 3 3 0 0 0 0 0
0 6 0 0 3 0 0 3 0 3 0 0 0 0 0
0 0 0 0 3 3 3 3 3 3 0 0 0 0 0
0 0 0 0 0 0 0 0 0 0 0 0 0 0 0
0 0 0 0 0 0 0 0 0 0 0 0 0 0 0
0 0 0 0 0 0 0 0 0 0 0 0 0 0 0
0 0 0 0 0 0 0 0 0 0 0 0 0 0 0
0 0 0 0 0 0 0 0 0 0 0 0 0 0 0
0 0 0 0 0 0 0 0 0 0 0 0 0 0 0
0 0 0 0 0 0 0 6 0 0 0 0 0 0 0

Example 3 output (15x15):
0 0 0 0 0 0 0 0 0 0 0 0 0 0 0
0 0 0 0 0 0 0 0 0 0 0 0 0 0 0
0 0 0 0 0 0 0 0 0 0 0 0 0 0 0
0 0 3 3 3 3 3 3 3 3 3 3 0 0 0
0 0 3 0 0 0 0 3 0 0 0 3 6 0 0
0 0 3 3 3 3 3 3 3 3 3 3 0 0 0
0 6 3 0 0 0 0 3 0 0 0 3 0 0 0
0 0 3 0 0 0 0 3 0 0 0 3 0 0 0
0 0 3 0 0 0 0 3 0 0 0 3 0 0 0
0 0 3 0 0 0 0 3 0 0 0 3 0 0 0
0 0 3 0 0 0 0 3 0 0 0 3 0 0 0
0 0 3 0 0 0 0 3 0 0 0 3 0 0 0
0 0 3 0 0 0 0 3 0 0 0 3 0 0 0
0 0 3 3 3 3 3 3 3 3 3 3 0 0 0
0 0 0 0 0 0 0 6 0 0 0 0 0 0 0

Test input (16x17):
0 0 0 0 0 0 0 0 0 0 0 0 0 0 0 0 0
0 0 0 0 0 0 0 0 0 0 0 0 0 0 0 0 0
0 0 0 0 0 3 3 3 0 0 0 0 0 0 0 0 0
0 0 0 0 0 3 0 3 0 0 0 0 0 0 0 0 0
0 6 0 0 0 3 0 3 0 0 0 0 0 0 0 0 0
0 0 0 0 0 3 3 3 0 0 0 0 0 0 0 0 0
0 0 0 0 0 3 0 3 0 0 0 0 0 0 0 0 0
0 0 0 0 0 3 3 3 0 0 0 0 0 0 0 0 0
0 0 0 0 0 0 0 0 0 0 0 0 0 0 0 0 0
0 0 0 0 0 0 0 0 0 0 0 0 0 0 0 0 0
0 0 0 0 0 0 0 0 0 0 0 0 0 0 0 0 0
0 0 0 0 0 0 0 0 0 0 0 0 0 6 0 0 0
0 0 0 0 0 0 6 0 0 0 0 0 0 0 0 0 0
0 0 0 0 0 0 0 0 0 0 0 0 0 0 0 0 0
0 0 0 0 0 0 0 0 0 0 0 0 0 0 0 0 0
0 0 0 0 0 0 0 0 0 0 0 0 0 0 0 0 0
