Example 1 input (22x22):
0 0 0 0 0 0 0 0 0 0 0 0 8 0 0 8 0 0 0 0 0 0
0 0 0 0 0 0 0 0 0 0 0 0 0 0 0 8 8 0 0 0 0 0
0 0 0 0 0 0 0 0 0 0 0 0 0 8 0 0 0 0 1 0 0 0
0 0 0 0 0 0 0 0 0 1 0 0 0 0 0 0 0 0 0 0 0 0
1 0 0 0 0 0 0 0 0 0 0 0 0 0 0 0 0 0 0 0 1 0
0 0 0 0 0 0 0 0 0 1 0 0 0 0 8 0 0 0 8 8 0 0
0 0 0 0 1 4 1 0 0 0 0 0 0 0 0 0 0 0 0 0 0 8
0 1 0 0 4 8 4 0 0 0 0 0 0 1 0 0 0 0 0 0 0 0
0 0 0 0 4 4 1 0 0 0 0 0 0 0 0 0 0 0 0 0 0 0
0 0 0 0 0 0 0 0 0 0 0 0 0 8 0 0 0 0 0 0 0 0
0 0 0 0 1 0 0 0 8 0 0 0 0 0 1 0 0 0 0 0 0 0
0 0 0 0 0 0 0 0 0 0 0 0 0 0 0 0 0 0 0 0 0 0
0 0 1 0 0 0 0 0 0 1 0 0 1 0 0 0 0 0 8 1 0 1
0 1 1 0 0 0 0 1 0 0 0 0 0 0 0 0 0 0 0 0 8 0
1 8 0 0 0 0 1 0 0 0 0 0 0 0 0 0 0 0 8 0 0 1
0 0 0 0 0 0 0 0 0 0 0 0 0 0 0 0 0 0 0 0 0 0
0 0 0 0 0 0 0 0 0 0 0 0 0 0 0 0 0 0 0 0 0 0
0 0 0 0 0 0 0 8 0 0 1 0 0 8 8 0 0 0 0 0 0 0
8 0 0 0 0 0 0 0 0 0 0 0 0 0 8 0 0 0 0 1 0 1
0 0 0 0 0 0 0 0 0 0 0 0 0 8 0 0 0 0 0 0 8 0
0 0 0 0 1 0 0 0 0 1 0 0 0 1 0 0 0 0 0 1 0 0
0 0 0 1 0 0 0 0 8 0 0 0 0 0 0 1 0 0 0 0 0 0

Example 1 output (22x22):
0 0 0 0 0 0 0 0 0 0 0 0 8 0 0 8 0 0 0 0 0 0
0 0 0 0 0 0 0 0 0 0 0 0 0 0 0 8 8 0 0 0 0 0
0 0 0 0 0 0 0 0 0 0 0 0 0 8 0 0 0 0 1 0 0 0
0 0 0 0 0 0 0 0 0 1 0 0 0 0 0 0 0 0 0 0 0 0
1 0 0 0 0 0 0 0 0 0 0 0 0 0 0 0 0 0 0 0 1 0
0 0 0 0 0 0 0 0 0 1 0 0 0 0 8 0 0 0 8 8 0 0
0 0 0 0 1 4 1 0 0 0 0 0 0 0 0 0 0 0 0 0 0 8
0 1 0 0 4 8 4 0 0 0 0 0 0 1 0 0 0 0 0 0 0 0
0 0 0 0 4 4 1 0 0 0 0 0 0 0 0 0 0 0 0 0 0 0
0 0 0 0 0 0 0 0 0 0 0 0 0 8 0 0 0 0 0 0 0 0
0 0 0 0 1 0 0 0 8 0 0 0 0 0 1 0 0 0 0 0 0 0
0 0 0 0 0 0 0 0 0 0 0 0 0 0 0 0 0 0 0 0 0 0
0 0 1 0 0 0 0 0 0 1 0 0 1 0 0 0 0 0 8 1 4 1
0 1 1 0 0 0 0 1 0 0 0 0 0 0 0 0 0 0 0 4 8 4
1 8 0 0 0 0 1 0 0 0 0 0 0 0 0 0 0 0 8 4 4 1
0 0 0 0 0 0 0 0 0 0 0 0 0 0 0 0 0 0 0 0 0 0
0 0 0 0 0 0 0 0 0 0 0 0 0 0 0 0 0 0 0 0 0 0
0 0 0 0 0 0 0 8 0 0 1 0 0 8 8 0 0 0 0 0 0 0
8 0 0 0 0 0 0 0 0 0 0 0 0 0 8 0 0 0 0 1 0 1
0 0 0 0 0 0 0 0 0 0 0 0 0 8 0 0 0 0 0 0 8 0
0 0 0 0 1 0 0 0 0 1 0 0 0 1 0 0 0 0 0 1 0 0
0 0 0 1 0 0 0 0 8 0 0 0 0 0 0 1 0 0 0 0 0 0

Example 2 input (22x22):
0 0 0 0 0 0 1 0 0 0 0 0 0 0 0 0 0 0 0 0 0 0
0 0 0 0 0 0 0 0 0 8 0 0 0 0 0 0 0 0 0 0 1 8
0 0 8 0 0 0 0 0 8 1 1 0 1 0 0 0 1 0 0 0 0 0
0 0 0 0 0 0 0 0 0 1 0 0 0 0 0 8 1 1 0 0 0 0
0 0 0 0 0 0 1 0 0 0 1 0 0 0 0 0 8 0 0 0 0 0
0 0 1 0 0 0 0 0 8 0 0 0 0 0 0 0 0 0 0 0 1 0
0 0 0 0 8 0 0 8 0 0 0 0 0 1 0 0 0 1 0 0 0 0
0 0 0 0 0 1 0 0 0 8 0 0 0 0 0 0 0 0 0 0 0 0
0 1 0 8 0 0 0 1 0 0 1 0 0 0 0 0 0 0 0 0 0 0
0 8 0 0 0 0 0 0 0 0 0 0 0 0 0 0 0 0 0 0 0 0
0 0 0 0 0 0 0 0 0 0 0 0 0 0 0 0 0 0 0 0 0 0
0 0 0 4 8 4 0 0 0 0 0 0 0 0 0 0 0 0 8 0 0 0
0 0 0 8 1 1 8 8 1 0 0 0 0 0 0 0 0 8 1 1 0 0
0 0 0 4 1 4 0 0 8 0 0 0 0 0 0 0 0 0 1 0 1 0
0 1 0 0 0 1 0 0 0 0 0 0 0 0 0 8 0 0 0 0 0 0
0 0 0 0 0 0 1 0 0 0 0 0 0 0 1 8 0 0 8 0 0 0
1 0 0 0 8 0 0 0 0 0 0 0 0 0 0 0 0 0 0 0 1 0
0 8 0 0 0 0 0 8 0 0 0 0 1 0 0 0 0 0 0 0 0 0
0 0 0 0 0 0 0 0 1 0 0 0 0 0 0 0 0 0 0 0 0 0
1 0 0 0 0 0 0 0 0 0 0 0 8 8 1 0 0 0 0 0 0 0
0 0 0 0 0 0 0 0 8 0 0 0 0 0 0 1 0 0 0 0 0 0
0 0 0 0 0 8 0 0 0 0 0 0 0 0 0 0 0 0 0 0 0 0

Example 2 output (22x22):
0 0 0 0 0 0 1 0 0 0 0 0 0 0 0 0 0 0 0 0 0 0
0 0 0 0 0 0 0 0 4 8 4 0 0 0 0 0 0 0 0 0 1 8
0 0 8 0 0 0 0 0 8 1 1 0 1 0 0 0 1 0 0 0 0 0
0 0 0 0 0 0 0 0 4 1 4 0 0 0 0 8 1 1 0 0 0 0
0 0 0 0 0 0 1 0 0 0 1 0 0 0 0 0 8 0 0 0 0 0
0 0 1 0 0 0 0 0 8 0 0 0 0 0 0 0 0 0 0 0 1 0
0 0 0 0 8 0 0 8 0 0 0 0 0 1 0 0 0 1 0 0 0 0
0 0 0 0 0 1 0 0 0 8 0 0 0 0 0 0 0 0 0 0 0 0
0 1 0 8 0 0 0 1 0 0 1 0 0 0 0 0 0 0 0 0 0 0
0 8 0 0 0 0 0 0 0 0 0 0 0 0 0 0 0 0 0 0 0 0
0 0 0 0 0 0 0 0 0 0 0 0 0 0 0 0 0 0 0 0 0 0
0 0 0 4 8 4 0 0 0 0 0 0 0 0 0 0 0 4 8 4 0 0
0 0 0 8 1 1 8 8 1 0 0 0 0 0 0 0 0 8 1 1 0 0
0 0 0 4 1 4 0 0 8 0 0 0 0 0 0 0 0 4 1 4 1 0
0 1 0 0 0 1 0 0 0 0 0 0 0 0 0 8 0 0 0 0 0 0
0 0 0 0 0 0 1 0 0 0 0 0 0 0 1 8 0 0 8 0 0 0
1 0 0 0 8 0 0 0 0 0 0 0 0 0 0 0 0 0 0 0 1 0
0 8 0 0 0 0 0 8 0 0 0 0 1 0 0 0 0 0 0 0 0 0
0 0 0 0 0 0 0 0 1 0 0 0 0 0 0 0 0 0 0 0 0 0
1 0 0 0 0 0 0 0 0 0 0 0 8 8 1 0 0 0 0 0 0 0
0 0 0 0 0 0 0 0 8 0 0 0 0 0 0 1 0 0 0 0 0 0
0 0 0 0 0 8 0 0 0 0 0 0 0 0 0 0 0 0 0 0 0 0

Example 3 input (22x22):
0 0 0 0 0 1 0 0 0 0 0 0 8 0 0 8 0 0 0 0 0 0
0 0 0 0 0 0 0 0 0 0 0 0 0 0 0 0 0 0 0 0 0 1
0 0 0 8 0 0 0 0 0 0 0 0 0 0 0 0 0 0 0 0 0 0
0 0 0 0 0 0 0 0 0 0 0 0 0 8 0 0 0 0 0 1 8 0
0 8 0 0 0 0 0 0 0 0 8 0 0 0 0 0 0 1 0 0 0 0
8 0 1 8 0 0 0 0 0 0 0 0 0 0 0 0 0 0 0 0 0 0
0 0 0 0 1 0 0 0 0 0 0 0 0 0 0 0 0 4 8 4 0 0
0 0 0 0 0 0 8 0 0 0 0 0 0 0 0 0 0 8 4 1 0 8
0 1 0 0 0 0 0 0 0 1 0 0 0 0 1 0 1 4 4 4 0 0
0 0 8 0 0 0 0 0 0 0 0 0 0 0 0 0 0 0 1 0 0 0
0 0 0 0 0 0 0 0 0 1 0 0 0 0 0 0 0 0 0 0 0 0
0 0 0 0 0 0 0 0 0 0 0 0 0 0 0 0 0 0 1 0 8 1
0 0 0 0 0 0 8 0 0 0 0 0 8 0 0 0 0 0 0 0 0 0
0 1 0 0 0 1 0 8 0 0 0 0 0 0 0 0 0 0 0 0 0 0
0 0 0 0 8 0 0 0 0 8 0 0 0 0 0 8 0 0 0 0 0 0
0 1 0 0 0 0 0 0 0 8 0 1 0 0 0 0 0 0 0 0 0 0
0 0 0 0 0 0 1 0 0 0 0 0 0 0 0 0 0 0 0 1 0 0
0 0 1 0 0 0 0 0 0 0 0 0 0 0 0 8 0 0 0 0 0 0
0 0 0 0 0 0 8 0 0 0 0 0 0 0 8 0 1 0 0 0 0 0
0 0 0 0 0 0 0 0 0 0 0 0 0 0 0 0 0 0 0 0 8 8
0 0 0 0 0 0 0 0 0 0 0 0 0 0 0 0 0 1 0 0 0 0
0 0 0 0 0 0 1 0 0 0 0 1 1 1 0 0 0 8 0 0 0 0

Example 3 output (22x22):
0 0 0 0 0 1 0 0 0 0 0 0 8 0 0 8 0 0 0 0 0 0
0 0 0 0 0 0 0 0 0 0 0 0 0 0 0 0 0 0 0 0 0 1
0 0 0 8 0 0 0 0 0 0 0 0 0 0 0 0 0 0 0 0 0 0
0 0 0 0 0 0 0 0 0 0 0 0 0 8 0 0 0 0 0 1 8 0
4 8 4 0 0 0 0 0 0 0 8 0 0 0 0 0 0 1 0 0 0 0
8 4 1 8 0 0 0 0 0 0 0 0 0 0 0 0 0 0 0 0 0 0
4 4 4 0 1 0 0 0 0 0 0 0 0 0 0 0 0 4 8 4 0 0
0 0 0 0 0 0 8 0 0 0 0 0 0 0 0 0 0 8 4 1 0 8
0 1 0 0 0 0 0 0 0 1 0 0 0 0 1 0 1 4 4 4 0 0
0 0 8 0 0 0 0 0 0 0 0 0 0 0 0 0 0 0 1 0 0 0
0 0 0 0 0 0 0 0 0 1 0 0 0 0 0 0 0 0 0 0 0 0
0 0 0 0 0 0 0 0 0 0 0 0 0 0 0 0 0 0 1 0 8 1
0 0 0 0 0 0 8 0 0 0 0 0 8 0 0 0 0 0 0 0 0 0
0 1 0 0 0 1 0 8 0 0 0 0 0 0 0 0 0 0 0 0 0 0
0 0 0 0 8 0 0 0 0 8 0 0 0 0 0 8 0 0 0 0 0 0
0 1 0 0 0 0 0 0 0 8 0 1 0 0 0 0 0 0 0 0 0 0
0 0 0 0 0 0 1 0 0 0 0 0 0 0 0 0 0 0 0 1 0 0
0 0 1 0 0 0 0 0 0 0 0 0 0 0 4 8 4 0 0 0 0 0
0 0 0 0 0 0 8 0 0 0 0 0 0 0 8 4 1 0 0 0 0 0
0 0 0 0 0 0 0 0 0 0 0 0 0 0 4 4 4 0 0 0 8 8
0 0 0 0 0 0 0 0 0 0 0 0 0 0 0 0 0 1 0 0 0 0
0 0 0 0 0 0 1 0 0 0 0 1 1 1 0 0 0 8 0 0 0 0

Test input (22x22):
0 0 8 0 0 0 8 0 0 0 0 0 1 0 0 1 0 0 0 0 8 0
0 0 0 1 0 0 1 8 8 1 0 0 0 0 8 8 0 0 0 1 0 0
0 0 8 0 0 8 8 0 0 0 1 8 1 0 0 8 0 0 0 1 0 0
0 8 8 0 8 0 0 0 0 0 0 0 0 0 0 0 0 0 0 0 0 0
0 0 1 0 0 0 1 0 0 0 1 0 0 0 0 0 0 0 0 0 0 0
0 0 0 8 0 0 0 0 0 0 0 1 8 0 1 1 0 0 0 0 0 0
0 0 0 0 0 0 0 0 0 0 0 0 0 0 1 0 1 0 0 0 0 0
0 0 0 0 1 0 0 0 0 0 0 0 0 0 1 0 0 0 0 8 0 0
0 1 0 0 4 8 4 0 0 0 0 0 0 0 8 0 0 0 0 0 0 8
8 0 0 0 4 8 8 0 8 0 0 0 0 0 8 0 0 1 0 8 1 0
0 0 0 0 4 1 4 0 0 0 0 0 0 0 0 0 0 8 0 0 0 0
0 8 0 0 0 1 1 0 0 1 0 1 0 0 0 0 0 0 0 1 0 8
0 0 0 0 0 0 1 0 0 0 0 0 0 0 0 0 0 0 0 1 0 0
0 1 0 0 0 0 0 0 0 0 0 0 0 0 0 0 0 0 0 8 0 0
0 0 8 8 8 0 0 0 8 1 0 0 0 0 0 0 0 0 0 0 0 0
0 0 0 0 0 0 0 0 0 0 0 0 0 8 0 0 0 1 0 0 0 0
1 8 8 0 0 0 0 0 0 0 0 0 0 8 8 0 0 0 0 0 8 0
0 8 0 0 8 1 0 0 0 0 0 0 0 1 0 0 0 0 0 0 8 8
0 0 0 0 0 0 0 0 0 0 0 0 8 0 0 0 0 0 0 0 1 0
0 0 8 8 0 0 0 0 0 0 0 0 0 1 0 0 1 0 8 1 0 0
0 0 0 0 0 0 0 0 0 0 1 0 0 0 0 1 0 0 0 0 0 0
0 0 0 0 0 0 0 0 0 8 0 1 0 8 0 8 1 0 1 0 0 0
