Example 1 input (4x9):
0 0 0 1 5 2 2 2 0
1 0 0 0 5 0 2 2 2
1 1 0 0 5 0 0 2 2
1 1 1 0 5 0 0 0 2

Example 1 output (4x4):
2 2 2 1
1 2 2 2
1 1 2 2
1 1 1 2

Example 2 input (4x9):
0 0 0 1 5 2 2 0 0
1 0 0 0 5 2 2 0 0
1 1 0 0 5 0 2 2 0
1 1 1 0 5 0 2 2 0

Example 2 output (4x4):
0 0 0 1
1 0 0 0
1 1 0 0
1 1 1 0

Example 3 input (4x9):
1 1 0 0 5 0 0 3 3
1 0 0 1 5 0 3 3 0
1 0 0 1 5 0 3 3 0
1 1 0 0 5 0 0 3 3

Example 3 output (4x4):
1 1 3 3
1 3 3 1
1 3 3 1
1 1 3 3

Example 4 input (4x9):
1 1 1 1 5 0 0 0 0
1 0 0 1 5 0 6 6 0
1 0 0 1 5 0 6 6 0
1 1 1 1 5 0 0 0 0

Example 4 output (4x4):
1 1 1 1
1 6 6 1
1 6 6 1
1 1 1 1

Example 5 input (4x9):
1 1 1 1 5 2 2 0 0
1 0 0 1 5 2 2 0 0
1 0 0 1 5 0 0 0 0
1 1 1 1 5 0 0 0 0

Example 5 output (4x4):
1 1 1 1
1 0 0 1
1 0 0 1
1 1 1 1

Example 6 input (4x9):
1 1 1 1 5 3 3 0 0
1 0 0 1 5 3 3 0 0
1 0 0 1 5 3 0 0 0
1 0 0 1 5 0 0 0 0

Example 6 output (4x4):
1 1 1 1
1 0 0 1
1 0 0 1
1 0 0 1

Example 7 input (4x9):
1 1 1 1 5 0 0 0 0
1 0 0 0 5 0 7 7 7
1 0 1 1 5 0 7 0 0
1 0 1 0 5 0 7 0 7

Example 7 output (4x4):
1 1 1 1
1 7 7 7
1 7 1 1
1 7 1 7

Test 1 input (4x9):
1 1 0 0 5 0 0 3 3
1 0 0 1 5 0 3 3 0
0 0 0 1 5 3 3 3 0
0 1 1 1 5 3 0 0 0

Test 2 input (4x9):
1 1 1 1 5 2 0 0 0
0 1 1 0 5 2 2 2 2
0 1 1 0 5 2 0 0 0
0 0 0 0 5 0 0 0 0
