Example 1 input (4x4):
2 2 2 2
8 2 2 2
2 2 8 2
8 2 8 8

Example 1 output (4x20):
2 2 2 2 2 2 2 2 2 2 2 2 2 2 2 2 2 2 2 2
8 2 2 2 2 2 2 8 8 2 2 2 2 2 2 8 8 2 2 2
2 2 8 2 2 8 2 2 2 2 8 2 2 8 2 2 2 2 8 2
8 2 8 8 8 8 2 8 8 2 8 8 8 8 2 8 8 2 8 8

Example 2 input (4x4):
9 5 1 5
1 5 9 1
9 1 5 5
5 5 5 1

Example 2 output (4x20):
9 5 1 5 5 1 5 9 9 5 1 5 5 1 5 9 9 5 1 5
1 5 9 1 1 9 5 1 1 5 9 1 1 9 5 1 1 5 9 1
9 1 5 5 5 5 1 9 9 1 5 5 5 5 1 9 9 1 5 5
5 5 5 1 1 5 5 5 5 5 5 1 1 5 5 5 5 5 5 1

Example 3 input (4x4):
5 5 2 5
2 3 3 2
5 2 5 3
3 5 3 2

Example 3 output (4x20):
5 5 2 5 5 2 5 5 5 5 2 5 5 2 5 5 5 5 2 5
2 3 3 2 2 3 3 2 2 3 3 2 2 3 3 2 2 3 3 2
5 2 5 3 3 5 2 5 5 2 5 3 3 5 2 5 5 2 5 3
3 5 3 2 2 3 5 3 3 5 3 2 2 3 5 3 3 5 3 2

Example 4 input (4x4):
4 1 1 4
7 7 4 7
1 4 1 1
4 1 1 1

Example 4 output (4x20):
4 1 1 4 4 1 1 4 4 1 1 4 4 1 1 4 4 1 1 4
7 7 4 7 7 4 7 7 7 7 4 7 7 4 7 7 7 7 4 7
1 4 1 1 1 1 4 1 1 4 1 1 1 1 4 1 1 4 1 1
4 1 1 1 1 1 1 4 4 1 1 1 1 1 1 4 4 1 1 1

Test input (4x4):
5 5 4 4
5 5 5 2
2 5 5 5
5 5 2 4
