Example 1 input (16x16):
2 0 0 0 0 0 0 0 0 0 0 0 1 1 1 0
0 0 0 0 0 0 0 1 1 1 1 1 0 0 1 0
0 1 0 0 0 0 0 0 1 0 0 1 0 0 1 1
0 0 0 0 0 0 0 0 0 0 1 1 1 0 1 1
0 1 1 0 1 1 0 0 1 1 1 1 0 1 0 0
0 0 0 1 1 1 1 1 0 1 1 0 1 1 1 1
0 1 0 0 0 0 0 0 0 0 1 0 1 0 0 0
0 0 0 1 1 0 0 0 1 0 0 0 0 1 1 0
1 0 0 0 1 0 0 1 0 1 0 1 0 0 1 1
1 1 1 1 1 1 0 0 1 0 1 1 0 1 0 0
0 1 1 1 0 1 0 1 0 0 0 1 0 0 0 1
0 0 0 1 0 0 0 0 0 1 0 0 0 0 0 1
0 0 0 0 0 0 0 0 0 0 1 1 0 0 1 0
1 0 0 1 0 1 0 1 0 0 0 0 1 1 0 1
0 0 0 0 0 1 0 1 1 0 0 0 0 1 0 1
0 1 0 0 1 0 1 0 0 0 0 0 1 0 0 2

Example 1 output (16x16):
2 0 0 0 0 0 0 0 0 0 0 0 1 1 1 0
0 2 0 0 0 0 0 1 1 1 1 1 0 0 1 0
0 1 2 0 0 0 0 0 1 0 0 1 0 0 1 1
0 0 0 2 0 0 0 0 0 0 1 1 1 0 1 1
0 1 1 0 3 1 0 0 1 1 1 1 0 1 0 0
0 0 0 1 1 3 1 1 0 1 1 0 1 1 1 1
0 1 0 0 0 0 2 0 0 0 1 0 1 0 0 0
0 0 0 1 1 0 0 2 1 0 0 0 0 1 1 0
1 0 0 0 1 0 0 1 2 1 0 1 0 0 1 1
1 1 1 1 1 1 0 0 1 2 1 1 0 1 0 0
0 1 1 1 0 1 0 1 0 0 2 1 0 0 0 1
0 0 0 1 0 0 0 0 0 1 0 2 0 0 0 1
0 0 0 0 0 0 0 0 0 0 1 1 2 0 1 0
1 0 0 1 0 1 0 1 0 0 0 0 1 3 0 1
0 0 0 0 0 1 0 1 1 0 0 0 0 1 2 1
0 1 0 0 1 0 1 0 0 0 0 0 1 0 0 2

Example 2 input (12x12):
0 1 1 0 1 0 1 0 0 0 0 0
0 0 1 0 0 1 0 0 1 1 0 0
0 0 1 0 0 0 1 1 1 1 1 0
0 0 0 0 0 0 0 1 0 1 1 0
1 0 1 0 0 1 1 0 0 0 1 1
1 1 0 1 0 0 0 1 1 0 0 0
1 0 0 1 0 0 0 0 0 0 0 0
0 0 0 0 1 0 0 0 0 0 0 0
2 0 1 1 1 0 0 1 0 0 1 2
0 1 0 0 0 0 0 1 0 1 0 0
1 0 0 0 1 0 0 1 0 1 1 1
0 0 1 0 0 1 0 1 1 0 1 0

Example 2 output (12x12):
0 1 1 0 1 0 1 0 0 0 0 0
0 0 1 0 0 1 0 0 1 1 0 0
0 0 1 0 0 0 1 1 1 1 1 0
0 0 0 0 0 0 0 1 0 1 1 0
1 0 1 0 0 1 1 0 0 0 1 1
1 1 0 1 0 0 0 1 1 0 0 0
1 0 0 1 0 0 0 0 0 0 0 0
0 0 0 0 1 0 0 0 0 0 0 0
2 2 3 3 3 2 2 3 2 2 3 2
0 1 0 0 0 0 0 1 0 1 0 0
1 0 0 0 1 0 0 1 0 1 1 1
0 0 1 0 0 1 0 1 1 0 1 0

Example 3 input (10x10):
0 1 1 1 0 0 2 0 0 1
1 0 1 0 1 1 1 0 1 1
0 0 0 0 0 0 0 0 1 0
0 1 0 0 0 0 1 1 1 0
1 1 1 0 0 0 1 0 0 1
1 1 1 1 1 1 0 0 1 0
0 1 1 0 1 0 1 0 1 0
1 0 0 0 1 0 1 1 0 1
0 1 1 1 1 0 0 1 1 1
0 1 0 1 0 0 2 1 1 0

Example 3 output (10x10):
0 1 1 1 0 0 2 0 0 1
1 0 1 0 1 1 3 0 1 1
0 0 0 0 0 0 2 0 1 0
0 1 0 0 0 0 3 1 1 0
1 1 1 0 0 0 3 0 0 1
1 1 1 1 1 1 2 0 1 0
0 1 1 0 1 0 3 0 1 0
1 0 0 0 1 0 3 1 0 1
0 1 1 1 1 0 2 1 1 1
0 1 0 1 0 0 2 1 1 0

Test input (18x18):
1 1 0 1 0 1 0 1 1 1 0 1 1 1 1 1 1 2
1 1 0 0 1 0 1 0 0 0 1 0 0 0 1 0 1 1
0 1 1 0 0 0 0 1 0 0 1 1 0 1 0 0 0 0
1 1 1 0 0 0 0 1 1 0 0 0 1 0 1 0 0 1
0 1 0 1 0 0 1 0 1 0 0 0 0 0 0 1 0 0
1 1 0 1 1 0 1 1 0 0 1 1 1 0 1 0 1 1
1 0 0 0 0 0 0 0 0 1 0 0 1 1 0 1 0 1
1 1 0 0 1 1 1 1 0 0 1 0 0 1 1 1 1 1
0 0 1 1 1 1 1 0 0 0 1 0 1 1 1 1 0 0
1 1 1 0 1 0 0 0 0 1 0 1 0 0 1 1 1 0
0 0 0 0 0 1 1 0 0 0 0 0 0 1 0 1 0 0
0 0 1 1 1 0 1 1 0 0 0 1 1 0 1 1 1 1
1 1 1 1 0 1 1 0 1 1 1 1 1 0 1 0 0 1
1 1 0 0 1 0 1 0 1 1 1 1 1 1 0 0 0 0
1 0 0 1 0 0 0 1 1 0 0 1 1 0 1 0 1 0
1 1 1 1 1 1 1 0 1 0 0 1 1 1 0 1 0 0
1 1 0 0 0 1 0 1 0 0 1 0 0 1 0 1 1 1
2 0 1 1 0 0 0 0 0 1 1 1 1 0 1 0 0 0
