Example 1 input (15x15):
2 2 2 0 0 0 0 0 0 0 0 0 0 0 0
2 0 0 0 0 0 0 0 1 1 1 0 1 0 1
2 2 2 0 0 0 0 0 1 0 1 0 1 1 1
0 0 0 0 0 0 0 0 1 0 1 0 1 0 1
0 0 0 0 0 0 0 0 1 0 1 0 1 0 1
0 1 0 1 0 0 0 0 0 0 0 0 0 0 0
0 1 0 1 0 1 0 1 0 0 0 0 0 0 0
0 1 1 1 0 1 0 1 0 0 0 0 0 0 0
0 0 0 0 0 1 1 1 0 0 1 1 1 1 0
0 0 0 0 0 1 0 1 0 0 0 0 0 1 0
0 0 0 0 0 0 0 0 0 0 0 0 0 1 0
0 0 0 0 0 0 0 0 0 0 1 1 1 1 0
0 1 1 1 1 0 0 0 0 0 0 0 0 0 0
0 0 1 0 1 0 0 0 0 0 0 0 0 0 0
0 1 1 1 1 0 0 0 0 0 0 0 0 0 0

Example 1 output (15x15):
2 2 2 0 0 0 0 0 0 0 0 0 0 0 0
2 0 0 0 0 0 0 0 2 2 2 0 1 0 1
2 2 2 0 0 0 0 0 2 0 2 0 1 1 1
0 0 0 0 0 0 0 0 2 0 2 0 1 0 1
0 0 0 0 0 0 0 0 2 0 2 0 1 0 1
0 2 0 2 0 0 0 0 0 0 0 0 0 0 0
0 2 0 2 0 1 0 1 0 0 0 0 0 0 0
0 2 2 2 0 1 0 1 0 0 0 0 0 0 0
0 0 0 0 0 1 1 1 0 0 2 2 2 2 0
0 0 0 0 0 1 0 1 0 0 0 0 0 2 0
0 0 0 0 0 0 0 0 0 0 0 0 0 2 0
0 0 0 0 0 0 0 0 0 0 2 2 2 2 0
0 1 1 1 1 0 0 0 0 0 0 0 0 0 0
0 0 1 0 1 0 0 0 0 0 0 0 0 0 0
0 1 1 1 1 0 0 0 0 0 0 0 0 0 0

Example 2 input (18x18):
2 0 2 0 0 0 0 0 0 0 0 0 0 1 0 1 0 0
2 2 2 0 0 0 0 0 0 0 0 0 0 1 1 1 0 0
2 0 2 0 0 0 0 0 0 0 0 0 0 1 0 1 0 0
0 0 0 0 0 1 1 1 1 1 0 0 0 0 0 0 0 0
0 0 0 0 0 0 0 1 0 0 0 0 0 0 0 0 0 0
0 0 0 0 0 1 1 1 1 1 0 0 0 0 0 0 0 0
0 0 0 0 0 0 0 0 0 0 0 0 1 1 1 0 0 0
0 0 0 0 0 0 0 0 0 0 0 1 1 0 0 0 0 0
1 1 1 1 1 1 1 0 0 0 0 0 1 1 1 0 0 0
0 0 0 1 0 0 0 0 0 0 0 0 0 0 0 0 0 0
0 0 0 1 0 0 0 0 0 0 0 0 0 0 0 0 0 0
1 1 1 1 1 1 1 0 0 0 0 0 0 0 0 0 0 0
0 0 0 0 0 0 0 0 0 1 0 0 1 0 0 0 0 0
0 0 0 0 0 0 0 0 0 1 1 1 1 0 1 0 0 0
0 0 1 1 1 0 0 0 0 1 0 0 1 0 1 1 1 1
0 0 1 0 1 0 0 0 0 0 0 0 0 0 1 0 0 0
0 0 1 0 1 0 0 0 0 0 0 0 0 0 1 1 1 1
0 0 0 0 0 0 0 0 0 0 0 0 0 0 1 0 0 0

Example 2 output (18x18):
2 0 2 0 0 0 0 0 0 0 0 0 0 2 0 2 0 0
2 2 2 0 0 0 0 0 0 0 0 0 0 2 2 2 0 0
2 0 2 0 0 0 0 0 0 0 0 0 0 2 0 2 0 0
0 0 0 0 0 2 2 2 2 2 0 0 0 0 0 0 0 0
0 0 0 0 0 0 0 2 0 0 0 0 0 0 0 0 0 0
0 0 0 0 0 2 2 2 2 2 0 0 0 0 0 0 0 0
0 0 0 0 0 0 0 0 0 0 0 0 1 1 1 0 0 0
0 0 0 0 0 0 0 0 0 0 0 1 1 0 0 0 0 0
2 2 2 2 2 2 2 0 0 0 0 0 1 1 1 0 0 0
0 0 0 2 0 0 0 0 0 0 0 0 0 0 0 0 0 0
0 0 0 2 0 0 0 0 0 0 0 0 0 0 0 0 0 0
2 2 2 2 2 2 2 0 0 0 0 0 0 0 0 0 0 0
0 0 0 0 0 0 0 0 0 2 0 0 2 0 0 0 0 0
0 0 0 0 0 0 0 0 0 2 2 2 2 0 1 0 0 0
0 0 1 1 1 0 0 0 0 2 0 0 2 0 1 1 1 1
0 0 1 0 1 0 0 0 0 0 0 0 0 0 1 0 0 0
0 0 1 0 1 0 0 0 0 0 0 0 0 0 1 1 1 1
0 0 0 0 0 0 0 0 0 0 0 0 0 0 1 0 0 0

Example 3 input (18x18):
2 2 2 0 0 0 0 0 0 0 0 0 0 1 0 1 0 0
2 0 2 0 0 0 0 0 0 0 0 0 0 1 1 1 0 0
2 2 2 0 0 0 0 0 0 0 0 0 0 1 0 1 0 0
0 0 0 0 0 0 0 0 1 1 1 0 0 0 0 0 0 0
0 0 1 1 1 0 0 0 1 0 1 0 0 0 0 0 0 0
0 0 0 0 1 0 0 0 1 0 1 0 0 0 0 0 0 0
0 0 1 1 1 0 0 0 1 1 1 0 0 0 0 0 0 0
0 0 0 0 0 0 0 0 0 0 0 0 0 0 0 0 0 0
0 1 1 1 1 0 0 0 0 0 0 0 0 0 0 0 0 0
0 1 0 0 1 0 0 0 1 1 1 0 0 0 1 1 1 0
0 1 1 1 1 0 0 0 1 0 1 0 0 0 1 0 1 0
0 0 0 0 0 0 0 0 0 0 0 0 0 0 1 1 1 0
0 0 0 0 0 0 0 0 0 0 0 0 0 0 0 0 0 0
0 0 0 0 1 1 1 1 0 0 0 0 0 0 0 0 0 0
0 0 0 0 1 0 0 1 0 0 1 0 0 1 0 0 0 0
0 0 0 0 1 0 0 1 0 0 1 1 1 1 0 0 0 0
0 0 0 0 1 1 1 1 0 0 1 0 0 1 0 0 0 0
0 0 0 0 0 0 0 0 0 0 1 0 0 1 0 0 0 0

Example 3 output (18x18):
2 2 2 0 0 0 0 0 0 0 0 0 0 1 0 1 0 0
2 0 2 0 0 0 0 0 0 0 0 0 0 1 1 1 0 0
2 2 2 0 0 0 0 0 0 0 0 0 0 1 0 1 0 0
0 0 0 0 0 0 0 0 2 2 2 0 0 0 0 0 0 0
0 0 1 1 1 0 0 0 2 0 2 0 0 0 0 0 0 0
0 0 0 0 1 0 0 0 2 0 2 0 0 0 0 0 0 0
0 0 1 1 1 0 0 0 2 2 2 0 0 0 0 0 0 0
0 0 0 0 0 0 0 0 0 0 0 0 0 0 0 0 0 0
0 2 2 2 2 0 0 0 0 0 0 0 0 0 0 0 0 0
0 2 0 0 2 0 0 0 1 1 1 0 0 0 2 2 2 0
0 2 2 2 2 0 0 0 1 0 1 0 0 0 2 0 2 0
0 0 0 0 0 0 0 0 0 0 0 0 0 0 2 2 2 0
0 0 0 0 0 0 0 0 0 0 0 0 0 0 0 0 0 0
0 0 0 0 2 2 2 2 0 0 0 0 0 0 0 0 0 0
0 0 0 0 2 0 0 2 0 0 1 0 0 1 0 0 0 0
0 0 0 0 2 0 0 2 0 0 1 1 1 1 0 0 0 0
0 0 0 0 2 2 2 2 0 0 1 0 0 1 0 0 0 0
0 0 0 0 0 0 0 0 0 0 1 0 0 1 0 0 0 0

Test input (19x19):
2 2 2 2 2 0 0 0 0 0 0 0 0 0 0 0 0 0 0
2 0 2 0 2 0 0 0 1 1 1 0 0 0 0 1 0 1 0
2 2 2 2 2 0 0 0 1 0 1 0 0 0 0 1 0 1 0
0 0 0 0 0 0 0 0 1 1 1 0 0 0 0 1 1 1 0
0 0 0 0 0 0 0 0 0 0 0 0 0 0 0 1 0 1 0
0 1 1 1 1 0 0 0 0 0 0 0 0 0 0 0 0 0 0
0 0 0 0 1 0 0 0 0 0 0 0 0 0 0 0 0 0 0
0 0 0 0 1 0 0 1 1 1 0 0 1 1 1 1 0 0 0
0 1 1 1 1 0 0 1 0 1 0 0 0 0 0 1 0 0 0
0 0 0 0 0 0 0 1 1 1 0 0 1 1 1 1 0 0 0
0 0 0 0 0 0 0 1 0 1 0 0 0 0 0 0 0 0 0
0 0 0 0 0 0 0 1 1 1 0 0 0 0 0 0 0 0 0
0 0 0 0 0 0 0 0 0 0 0 0 0 0 0 0 0 0 0
0 0 0 0 0 0 0 0 1 1 1 0 1 1 1 1 1 0 0
0 1 1 1 1 1 0 0 1 0 1 0 1 0 0 0 1 0 0
0 1 0 1 0 1 0 0 1 0 1 0 1 1 1 1 1 0 0
0 1 0 1 0 1 0 0 1 1 1 0 1 0 0 0 1 0 0
0 1 1 1 1 1 0 0 0 0 0 0 1 1 1 1 1 0 0
0 0 0 0 0 0 0 0 0 0 0 0 0 0 0 0 0 0 0
