Example 1 input (10x10):
0 0 0 0 0 0 0 0 0 0
0 0 0 0 0 0 0 0 0 0
0 0 0 0 0 0 0 0 0 0
0 0 0 0 7 0 0 0 0 0
0 0 0 7 0 0 0 0 0 0
0 0 7 0 0 0 0 0 0 0
0 0 7 0 0 0 0 0 0 0
0 0 0 7 0 0 0 0 0 0
0 0 0 0 7 0 0 0 0 0
0 0 0 0 0 0 0 0 0 0

Example 1 output (10x10):
0 0 0 0 0 0 0 0 0 0
0 0 0 0 0 0 0 0 0 0
0 0 0 0 0 0 0 0 0 0
0 0 0 0 0 0 0 0 0 0
0 0 0 0 7 7 0 0 0 0
0 0 0 7 7 7 7 0 0 0
0 0 0 7 7 7 7 0 0 0
0 0 0 0 7 7 0 0 0 0
0 0 0 0 0 0 0 0 0 0
0 0 0 0 0 0 0 0 0 0

Example 2 input (6x6):
8 8 8 0 0 0
8 0 0 0 0 0
8 0 0 0 0 0
8 0 0 0 0 0
8 8 8 0 0 0
0 0 0 0 0 0

Example 2 output (6x6):
0 0 0 0 0 0
0 8 8 8 8 0
0 8 8 8 8 0
0 8 8 8 8 0
0 0 0 0 0 0
0 0 0 0 0 0

Example 3 input (6x6):
0 0 0 0 0 0
0 0 6 0 0 0
0 6 0 0 0 0
6 0 0 0 0 0
0 6 0 0 0 0
0 0 6 0 0 0

Example 3 output (6x6):
0 0 0 0 0 0
0 0 0 0 0 0
0 0 6 6 0 0
0 6 6 6 6 0
0 0 6 6 0 0
0 0 0 0 0 0

Test input (8x8):
0 0 0 0 0 0 0 0
0 0 0 1 0 0 0 0
0 1 1 0 0 0 0 0
1 0 0 0 0 0 0 0
1 0 0 0 0 0 0 0
0 1 1 0 0 0 0 0
0 0 0 1 0 0 0 0
0 0 0 0 0 0 0 0
