Example 1 input (17x16):
5 5 5 5 5 5 5 5 5 5 5 5 5 5 5 5
5 8 8 8 5 5 5 5 5 5 5 5 5 5 5 5
5 8 5 8 5 5 5 5 5 5 5 2 2 2 5 5
5 8 8 8 5 5 5 5 5 5 5 2 5 2 5 5
5 5 5 5 5 5 5 5 5 5 5 2 2 2 5 5
5 5 5 5 5 5 5 5 5 5 5 5 5 5 5 5
5 5 5 5 3 3 3 5 5 5 5 5 5 5 5 5
5 5 5 5 3 5 3 5 5 5 5 5 5 5 5 5
5 5 5 5 3 3 3 5 7 7 7 7 5 5 7 7
5 5 5 5 5 5 5 5 7 5 5 5 5 5 5 5
5 5 5 5 5 5 5 5 5 5 1 1 1 5 5 5
5 5 5 5 5 5 5 5 7 5 1 5 1 5 5 5
5 5 5 5 5 5 5 5 7 5 1 1 1 5 5 5
5 6 6 6 5 5 5 5 7 5 5 5 5 5 5 5
5 6 5 6 5 5 5 5 7 5 5 5 5 5 5 5
5 6 6 6 5 5 5 5 5 5 5 5 5 5 5 5
5 5 5 5 5 5 5 5 7 5 5 5 5 5 5 5

Example 1 output (3x3):
1 1 1
1 5 1
1 1 1

Example 2 input (17x18):
5 5 5 5 5 5 5 5 5 5 5 5 5 5 5 5 5 5
5 5 1 1 1 5 5 5 5 5 5 5 5 5 5 5 5 5
5 5 1 5 1 5 5 5 5 5 5 5 5 5 5 5 5 5
5 5 1 1 1 5 5 5 5 5 5 5 5 5 5 5 5 5
5 5 5 5 5 5 5 3 3 3 5 5 5 5 5 5 5 5
5 5 5 5 5 5 5 3 5 3 5 5 5 5 5 5 5 5
5 5 5 5 5 5 5 3 3 3 5 5 5 5 2 2 2 5
5 7 7 7 5 7 7 7 5 5 5 5 5 5 2 5 2 5
5 7 5 5 5 5 5 7 5 5 5 5 5 5 2 2 2 5
5 7 5 4 4 4 5 7 5 5 5 5 5 5 5 5 5 5
5 5 5 4 5 4 5 5 5 5 5 5 5 5 5 5 5 5
5 7 5 4 4 4 5 7 5 5 5 5 5 5 5 5 5 5
5 7 5 5 5 5 5 5 5 5 5 5 5 5 5 5 5 5
5 7 5 5 5 5 5 5 5 5 5 5 5 5 5 5 5 5
5 7 5 5 5 5 5 7 5 5 5 8 8 8 5 5 5 5
5 5 5 5 5 5 5 7 5 5 5 8 5 8 5 5 5 5
5 7 5 5 5 5 5 7 5 5 5 8 8 8 5 5 5 5

Example 2 output (3x3):
4 4 4
4 5 4
4 4 4

Test input (13x14):
5 5 5 5 5 5 5 5 7 5 2 2 2 5
5 5 6 6 6 5 5 5 7 5 2 5 2 5
5 5 6 5 6 5 5 5 7 5 2 2 2 5
5 5 6 6 6 5 5 5 5 5 5 5 5 5
5 5 5 5 5 5 5 5 7 7 5 5 7 7
5 5 5 5 5 5 5 5 5 5 5 5 5 5
5 5 5 5 5 5 5 5 5 8 8 8 5 5
5 5 5 5 5 5 5 5 5 8 5 8 5 5
5 5 5 5 5 5 5 5 5 8 8 8 5 5
5 5 5 5 5 5 5 5 5 5 5 5 5 5
5 5 5 1 1 1 5 5 5 5 5 5 5 5
5 5 5 1 5 1 5 5 5 5 5 5 5 5
5 5 5 1 1 1 5 5 5 5 5 5 5 5
