Example 1 input (5x7):
0 0 0 0 0 0 0
0 0 0 0 0 0 0
0 2 2 5 0 0 0
0 0 0 0 0 0 0
0 0 0 0 0 0 0

Example 1 output (5x7):
0 0 0 2 0 0 0
0 0 0 2 0 0 0
0 3 3 5 0 0 0
0 0 0 0 0 0 0
0 0 0 0 0 0 0

Example 2 input (6x7):
0 0 0 0 0 0 0
0 0 0 0 0 0 0
0 0 0 0 0 0 0
0 2 2 2 5 0 0
0 0 0 0 0 0 0
0 0 0 0 0 0 0

Example 2 output (6x7):
0 0 0 0 2 0 0
0 0 0 0 2 0 0
0 0 0 0 2 0 0
0 3 3 3 5 0 0
0 0 0 0 0 0 0
0 0 0 0 0 0 0

Example 3 input (7x7):
0 0 0 0 0 0 0
0 0 0 0 0 0 0
0 0 0 2 0 0 0
0 0 0 5 0 0 0
0 0 0 0 0 0 0
0 0 0 0 0 0 0
0 0 0 0 0 0 0

Example 3 output (7x7):
0 0 0 0 0 0 0
0 0 0 0 0 0 0
0 0 0 3 0 0 0
0 0 0 5 2 0 0
0 0 0 0 0 0 0
0 0 0 0 0 0 0
0 0 0 0 0 0 0

Example 4 input (3x3):
0 0 0
0 5 2
0 0 0

Example 4 output (3x3):
0 0 0
0 5 3
0 2 0

Example 5 input (7x7):
0 0 0 0 0 0 0
0 0 0 0 0 0 0
0 0 0 0 0 0 0
0 0 0 0 0 0 0
0 0 0 0 5 0 0
0 0 0 0 2 0 0
0 0 0 0 2 0 0

Example 5 output (7x7):
0 0 0 0 0 0 0
0 0 0 0 0 0 0
0 0 0 0 0 0 0
0 0 0 0 0 0 0
0 0 2 2 5 0 0
0 0 0 0 3 0 0
0 0 0 0 3 0 0

Test 1 input (9x9):
0 0 0 0 0 0 0 0 0
0 0 0 0 0 0 0 0 0
0 0 0 0 0 0 0 0 0
0 0 0 0 0 0 0 0 0
0 0 0 0 0 0 0 0 0
0 0 0 5 0 0 0 0 0
0 0 0 2 0 0 0 0 0
0 0 0 2 0 0 0 0 0
0 0 0 2 0 0 0 0 0

Test 2 input (9x11):
0 0 0 0 0 2 0 0 0 0 0
0 0 0 0 0 2 0 0 0 0 0
0 0 0 0 0 2 0 0 0 0 0
0 0 0 0 0 2 0 0 0 0 0
0 0 0 0 0 5 0 0 0 0 0
0 0 0 0 0 0 0 0 0 0 0
0 0 0 0 0 0 0 0 0 0 0
0 0 0 0 0 0 0 0 0 0 0
0 0 0 0 0 0 0 0 0 0 0
