Example 1 input (1x13):
0 0 0 0 0 0 2 0 0 0 0 0 0

Example 1 output (13x13):
0 0 0 0 0 0 2 0 0 0 0 0 0
0 0 0 0 0 2 0 2 0 0 0 0 0
0 0 0 0 2 0 0 0 2 0 0 0 0
0 0 0 2 0 1 0 0 0 2 0 0 0
0 0 2 0 0 0 1 0 0 0 2 0 0
0 2 0 1 0 0 0 1 0 0 0 2 0
2 0 0 0 1 0 0 0 1 0 0 0 2
0 1 0 0 0 1 0 0 0 1 0 0 0
0 0 1 0 0 0 1 0 0 0 1 0 0
0 0 0 1 0 0 0 1 0 0 0 1 0
1 0 0 0 1 0 0 0 1 0 0 0 1
0 1 0 0 0 1 0 0 0 1 0 0 0
0 0 1 0 0 0 1 0 0 0 1 0 0

Example 2 input (1x5):
0 0 2 0 0

Example 2 output (5x5):
0 0 2 0 0
0 2 0 2 0
2 0 0 0 2
0 1 0 0 0
0 0 1 0 0

Example 3 input (1x7):
0 0 0 2 0 0 0

Example 3 output (7x7):
0 0 0 2 0 0 0
0 0 2 0 2 0 0
0 2 0 0 0 2 0
2 0 1 0 0 0 2
0 0 0 1 0 0 0
1 0 0 0 1 0 0
0 1 0 0 0 1 0

Test input (1x17):
0 0 0 0 0 0 0 0 2 0 0 0 0 0 0 0 0
