Example 1 input (3x3):
7 6 7
2 7 6
1 2 7

Example 1 output (9x9):
7 2 1 1 2 7 7 2 1
6 7 2 2 7 6 6 7 2
7 6 7 7 6 7 7 6 7
7 6 7 7 6 7 7 6 7
6 7 2 2 7 6 6 7 2
7 2 1 1 2 7 7 2 1
7 2 1 1 2 7 7 2 1
6 7 2 2 7 6 6 7 2
7 6 7 7 6 7 7 6 7

Example 2 input (3x3):
6 1 7
1 6 7
4 7 4

Example 2 output (9x9):
4 7 4 4 7 4 4 7 4
7 6 1 1 6 7 7 6 1
7 1 6 6 1 7 7 1 6
7 1 6 6 1 7 7 1 6
7 6 1 1 6 7 7 6 1
4 7 4 4 7 4 4 7 4
4 7 4 4 7 4 4 7 4
7 6 1 1 6 7 7 6 1
7 1 6 6 1 7 7 1 6

Example 3 input (3x3):
1 9 4
9 1 6
6 9 4

Example 3 output (9x9):
4 9 6 6 9 4 4 9 6
6 1 9 9 1 6 6 1 9
4 9 1 1 9 4 4 9 1
4 9 1 1 9 4 4 9 1
6 1 9 9 1 6 6 1 9
4 9 6 6 9 4 4 9 6
4 9 6 6 9 4 4 9 6
6 1 9 9 1 6 6 1 9
4 9 1 1 9 4 4 9 1

Test input (3x3):
8 8 6
6 3 6
6 8 8
