Example 1 input (18x17):
0 0 0 0 0 0 0 0 0 0 0 0 0 0 0 0 0
0 0 0 0 0 0 0 0 0 0 0 0 0 0 0 0 0
0 0 2 2 2 2 0 0 0 0 0 0 0 0 0 0 1
0 0 2 0 0 2 0 0 0 0 0 0 0 0 0 0 1
0 0 2 0 0 2 0 0 0 0 0 0 0 0 0 0 1
0 0 2 2 2 2 0 0 0 0 0 0 0 0 0 0 1
0 0 0 0 0 0 0 0 0 0 0 0 0 0 0 0 0
0 0 0 0 0 0 0 0 0 0 0 0 0 0 0 0 0
0 0 0 0 0 0 0 0 0 0 0 0 0 0 0 0 0
0 0 0 0 0 0 0 0 0 0 0 0 0 0 0 0 0
0 0 0 0 0 0 0 0 0 0 0 0 0 0 0 0 0
0 0 0 0 0 0 0 0 0 0 0 0 0 0 0 0 0
0 0 0 0 0 0 0 0 0 0 0 0 0 0 0 0 0
0 0 0 0 0 0 0 0 0 0 0 0 0 0 0 0 0
0 0 0 0 0 0 0 0 0 0 0 0 0 0 0 0 0
0 0 0 0 0 0 0 0 0 0 0 0 0 0 0 0 0
0 0 0 0 0 0 0 0 0 0 0 0 0 0 0 0 0
0 0 1 1 1 1 0 0 0 0 0 0 0 0 0 0 0

Example 1 output (18x17):
0 0 0 0 0 0 0 0 0 0 0 0 0 0 0 0 0
0 0 0 0 0 0 0 0 0 0 0 0 0 0 0 0 0
0 0 2 2 2 2 2 2 2 2 2 2 2 2 2 2 2
0 0 2 0 0 2 2 0 0 2 2 0 0 2 2 0 0
0 0 2 0 0 2 2 0 0 2 2 0 0 2 2 0 0
0 0 2 2 2 2 2 2 2 2 2 2 2 2 2 2 2
0 0 2 2 2 2 0 0 0 0 0 0 0 0 0 0 0
0 0 2 0 0 2 0 0 0 0 0 0 0 0 0 0 0
0 0 2 0 0 2 0 0 0 0 0 0 0 0 0 0 0
0 0 2 2 2 2 0 0 0 0 0 0 0 0 0 0 0
0 0 2 2 2 2 0 0 0 0 0 0 0 0 0 0 0
0 0 2 0 0 2 0 0 0 0 0 0 0 0 0 0 0
0 0 2 0 0 2 0 0 0 0 0 0 0 0 0 0 0
0 0 2 2 2 2 0 0 0 0 0 0 0 0 0 0 0
0 0 2 2 2 2 0 0 0 0 0 0 0 0 0 0 0
0 0 2 0 0 2 0 0 0 0 0 0 0 0 0 0 0
0 0 2 0 0 2 0 0 0 0 0 0 0 0 0 0 0
0 0 2 2 2 2 0 0 0 0 0 0 0 0 0 0 0

Example 2 input (22x19):
0 0 0 0 0 0 0 0 1 1 1 1 0 0 0 0 0 0 0
0 0 0 0 0 0 0 0 0 0 0 0 0 0 0 0 0 0 0
0 0 0 0 0 0 0 0 0 0 0 0 0 0 0 0 0 0 0
0 0 0 0 0 0 0 0 0 0 0 0 0 0 0 0 0 0 0
0 0 0 0 0 0 0 0 0 0 0 0 0 0 0 0 0 0 0
0 0 0 0 0 0 0 0 0 0 0 0 0 0 0 0 0 0 0
0 0 0 0 0 0 0 0 0 0 0 0 0 0 0 0 0 0 0
0 0 0 0 0 0 0 0 0 0 0 0 0 0 0 0 0 0 0
1 0 0 0 0 0 0 0 8 8 8 8 0 0 0 0 0 0 1
1 0 0 0 0 0 0 0 8 0 0 8 0 0 0 0 0 0 1
1 0 0 0 0 0 0 0 8 0 0 8 0 0 0 0 0 0 1
1 0 0 0 0 0 0 0 8 8 8 8 0 0 0 0 0 0 1
0 0 0 0 0 0 0 0 0 0 0 0 0 0 0 0 0 0 0
0 0 0 0 0 0 0 0 0 0 0 0 0 0 0 0 0 0 0
0 0 8 8 8 8 0 0 0 0 0 0 0 0 0 0 0 0 0
0 0 8 0 0 8 0 0 0 0 0 0 0 0 0 0 0 0 0
0 0 8 0 0 8 0 0 0 0 0 0 0 0 0 0 0 0 0
0 0 8 8 8 8 0 0 0 0 0 0 0 0 0 0 0 0 0
0 0 0 0 0 0 0 0 0 0 0 0 0 0 0 0 0 0 0
0 0 0 0 0 0 0 0 0 0 0 0 0 0 0 0 0 0 0
0 0 0 0 0 0 0 0 0 0 0 0 0 0 0 0 0 0 0
0 0 1 1 1 1 0 0 0 0 0 0 0 0 0 0 0 0 0

Example 2 output (22x19):
0 0 0 0 0 0 0 0 8 8 8 8 0 0 0 0 0 0 0
0 0 0 0 0 0 0 0 8 0 0 8 0 0 0 0 0 0 0
0 0 0 0 0 0 0 0 8 0 0 8 0 0 0 0 0 0 0
0 0 0 0 0 0 0 0 8 8 8 8 0 0 0 0 0 0 0
0 0 0 0 0 0 0 0 8 8 8 8 0 0 0 0 0 0 0
0 0 0 0 0 0 0 0 8 0 0 8 0 0 0 0 0 0 0
0 0 0 0 0 0 0 0 8 0 0 8 0 0 0 0 0 0 0
0 0 0 0 0 0 0 0 8 8 8 8 0 0 0 0 0 0 0
8 8 8 8 8 8 8 8 8 8 8 8 8 8 8 8 8 8 8
8 0 0 8 8 0 0 8 8 0 0 8 8 0 0 8 8 0 0
8 0 0 8 8 0 0 8 8 0 0 8 8 0 0 8 8 0 0
8 8 8 8 8 8 8 8 8 8 8 8 8 8 8 8 8 8 8
0 0 0 0 0 0 0 0 0 0 0 0 0 0 0 0 0 0 0
0 0 0 0 0 0 0 0 0 0 0 0 0 0 0 0 0 0 0
0 0 8 8 8 8 0 0 0 0 0 0 0 0 0 0 0 0 0
0 0 8 0 0 8 0 0 0 0 0 0 0 0 0 0 0 0 0
0 0 8 0 0 8 0 0 0 0 0 0 0 0 0 0 0 0 0
0 0 8 8 8 8 0 0 0 0 0 0 0 0 0 0 0 0 0
0 0 8 8 8 8 0 0 0 0 0 0 0 0 0 0 0 0 0
0 0 8 0 0 8 0 0 0 0 0 0 0 0 0 0 0 0 0
0 0 8 0 0 8 0 0 0 0 0 0 0 0 0 0 0 0 0
0 0 8 8 8 8 0 0 0 0 0 0 0 0 0 0 0 0 0

Example 3 input (22x22):
0 0 0 0 0 0 1 1 1 1 0 0 0 0 0 0 0 0 0 0 0 0
0 0 0 0 0 0 0 0 0 0 0 0 0 0 0 0 0 0 0 0 0 0
0 0 0 0 0 0 0 0 0 0 0 0 0 0 0 0 0 0 0 0 0 0
0 0 0 0 0 0 0 0 0 0 0 0 0 0 0 0 0 0 0 0 0 0
0 0 0 0 0 0 0 0 0 0 0 0 0 0 0 0 0 0 0 0 0 0
1 0 0 0 0 0 3 3 3 3 0 0 0 0 0 0 0 0 0 0 0 0
1 0 0 0 0 0 3 0 0 3 0 0 0 0 0 0 0 0 0 0 0 0
1 0 0 0 0 0 3 0 0 3 0 0 0 0 0 0 0 0 0 0 0 0
1 0 0 0 0 0 3 3 3 3 0 0 0 0 0 0 0 0 0 0 0 0
0 0 0 0 0 0 0 0 0 0 0 0 0 0 0 0 0 0 0 0 0 0
0 0 0 0 0 0 0 0 0 0 0 0 0 0 0 0 0 0 0 0 0 0
0 0 0 0 0 0 0 0 0 0 0 0 3 3 3 3 0 0 0 0 0 1
0 0 0 0 0 0 0 0 0 0 0 0 3 0 0 3 0 0 0 0 0 1
0 0 0 0 0 0 0 0 0 0 0 0 3 0 0 3 0 0 0 0 0 1
0 0 0 0 0 0 0 0 0 0 0 0 3 3 3 3 0 0 0 0 0 1
0 0 0 0 0 0 0 0 0 0 0 0 0 0 0 0 0 0 0 0 0 0
0 0 0 0 0 0 0 0 0 0 0 0 0 0 0 0 0 0 0 0 0 0
0 0 0 0 0 0 0 0 0 0 0 0 0 0 0 0 0 0 0 0 0 0
0 0 0 0 0 0 0 0 0 0 0 0 0 0 0 0 0 0 0 0 0 0
0 0 0 0 0 0 0 0 0 0 0 0 0 0 0 0 0 0 0 0 0 0
0 0 0 0 0 0 0 0 0 0 0 0 0 0 0 0 0 0 0 0 0 0
0 0 0 0 0 0 0 0 0 0 0 0 1 1 1 1 0 0 0 0 0 0

Example 3 output (22x22):
0 0 0 0 0 0 3 3 3 3 0 0 0 0 0 0 0 0 0 0 0 0
0 0 0 0 0 0 3 3 3 3 0 0 0 0 0 0 0 0 0 0 0 0
0 0 0 0 0 0 3 0 0 3 0 0 0 0 0 0 0 0 0 0 0 0
0 0 0 0 0 0 3 0 0 3 0 0 0 0 0 0 0 0 0 0 0 0
0 0 0 0 0 0 3 3 3 3 0 0 0 0 0 0 0 0 0 0 0 0
3 3 3 3 3 3 3 3 3 3 0 0 0 0 0 0 0 0 0 0 0 0
0 3 3 0 0 3 3 0 0 3 0 0 0 0 0 0 0 0 0 0 0 0
0 3 3 0 0 3 3 0 0 3 0 0 0 0 0 0 0 0 0 0 0 0
3 3 3 3 3 3 3 3 3 3 0 0 0 0 0 0 0 0 0 0 0 0
0 0 0 0 0 0 0 0 0 0 0 0 0 0 0 0 0 0 0 0 0 0
0 0 0 0 0 0 0 0 0 0 0 0 0 0 0 0 0 0 0 0 0 0
0 0 0 0 0 0 0 0 0 0 0 0 3 3 3 3 3 3 3 3 3 3
0 0 0 0 0 0 0 0 0 0 0 0 3 0 0 3 3 0 0 3 3 0
0 0 0 0 0 0 0 0 0 0 0 0 3 0 0 3 3 0 0 3 3 0
0 0 0 0 0 0 0 0 0 0 0 0 3 3 3 3 3 3 3 3 3 3
0 0 0 0 0 0 0 0 0 0 0 0 3 3 3 3 0 0 0 0 0 0
0 0 0 0 0 0 0 0 0 0 0 0 3 0 0 3 0 0 0 0 0 0
0 0 0 0 0 0 0 0 0 0 0 0 3 0 0 3 0 0 0 0 0 0
0 0 0 0 0 0 0 0 0 0 0 0 3 3 3 3 0 0 0 0 0 0
0 0 0 0 0 0 0 0 0 0 0 0 3 3 3 3 0 0 0 0 0 0
0 0 0 0 0 0 0 0 0 0 0 0 3 0 0 3 0 0 0 0 0 0
0 0 0 0 0 0 0 0 0 0 0 0 3 0 0 3 0 0 0 0 0 0

Test input (24x24):
0 0 0 0 0 0 1 1 1 1 0 0 0 1 1 1 1 0 0 0 0 0 0 0
0 0 0 0 0 0 0 0 0 0 0 0 0 0 0 0 0 0 0 0 0 0 0 0
0 0 0 0 0 0 0 0 0 0 0 0 0 0 0 0 0 0 0 0 0 0 0 0
0 0 0 0 0 0 0 0 0 0 0 0 0 0 0 0 0 0 0 0 0 0 0 0
0 0 0 0 0 0 0 0 0 0 0 0 0 0 0 0 0 0 0 0 0 0 0 0
0 0 0 0 0 0 0 0 0 0 0 0 0 0 0 0 0 0 0 0 0 0 0 0
1 0 0 0 0 0 4 4 4 4 0 0 0 0 0 0 0 0 0 0 0 0 0 0
1 0 0 0 0 0 4 0 0 4 0 0 0 0 0 0 0 0 0 0 0 0 0 0
1 0 0 0 0 0 4 0 0 4 0 0 0 0 0 0 0 0 0 0 0 0 0 0
1 0 0 0 0 0 4 4 4 4 0 0 0 0 0 0 0 0 0 0 0 0 0 0
0 0 0 0 0 0 0 0 0 0 0 0 0 0 0 0 0 0 0 0 0 0 0 0
0 0 0 0 0 0 0 0 0 0 0 0 0 0 0 0 0 0 0 0 0 0 0 0
0 0 0 0 0 0 0 0 0 0 0 0 0 4 4 4 4 0 0 0 0 0 0 0
0 0 0 0 0 0 0 0 0 0 0 0 0 4 0 0 4 0 0 0 0 0 0 0
0 0 0 0 0 0 0 0 0 0 0 0 0 4 0 0 4 0 0 0 0 0 0 0
0 0 0 0 0 0 0 0 0 0 0 0 0 4 4 4 4 0 0 0 0 0 0 0
0 0 0 0 0 0 0 0 0 0 0 0 0 0 0 0 0 0 0 0 0 0 0 0
0 0 0 0 0 0 0 0 0 0 0 0 0 0 0 0 0 0 0 0 0 0 0 0
0 0 0 0 0 0 0 0 0 0 0 0 0 0 0 0 0 0 0 0 0 0 0 0
0 0 0 0 0 0 0 0 0 0 0 0 0 0 0 0 0 0 0 0 0 0 0 0
0 0 0 0 0 0 0 0 0 0 0 0 0 0 0 0 0 0 0 0 0 0 0 0
0 0 0 0 0 0 0 0 0 0 0 0 0 0 0 0 0 0 0 0 0 0 0 0
0 0 0 0 0 0 0 0 0 0 0 0 0 0 0 0 0 0 0 0 0 0 0 0
0 0 0 0 0 0 1 1 1 1 0 0 0 1 1 1 1 0 0 0 0 0 0 0
