Example 1 input (18x20):
2 0 0 0 0 3 0 0 0 0 4 0 0 0 0 8 0 0 0 0
0 1 1 0 0 0 1 1 0 0 0 1 1 0 0 0 1 0 0 0
0 1 0 0 0 0 0 1 0 0 0 1 1 0 0 0 1 1 0 0
0 0 0 0 0 0 0 0 0 0 0 0 0 0 0 0 0 0 0 0
0 0 0 0 0 0 0 0 0 0 0 0 0 0 0 0 0 0 0 0
0 0 0 0 0 0 0 0 0 0 0 0 0 0 0 0 0 0 0 0
0 0 0 0 0 0 0 0 0 0 0 0 0 0 0 0 0 0 0 0
0 0 0 0 5 5 0 5 5 0 5 5 0 5 5 0 0 0 0 0
0 0 0 0 5 2 0 5 5 0 5 5 0 5 4 0 0 0 0 0
0 0 0 0 0 0 0 0 0 0 0 0 0 0 0 0 0 0 0 0
0 0 0 0 5 5 0 5 5 0 5 5 0 5 5 0 0 0 0 0
0 0 0 0 5 3 0 5 2 0 5 3 0 5 5 0 0 0 0 0
0 0 0 0 0 0 0 0 0 0 0 0 0 0 0 0 0 0 0 0
0 0 0 0 5 5 0 5 5 0 5 5 0 5 5 0 0 0 0 0
0 0 0 0 5 3 0 5 5 0 5 5 0 5 8 0 0 0 0 0
0 0 0 0 0 0 0 0 0 0 0 0 0 0 0 0 0 0 0 0
0 0 0 0 0 0 0 0 0 0 0 0 0 0 0 0 0 0 0 0
0 0 0 0 0 0 0 0 0 0 0 0 0 0 0 0 0 0 0 0

Example 1 output (8x11):
2 2 0 0 0 0 0 0 0 4 4
2 0 0 0 0 0 0 0 0 4 4
0 0 0 0 0 0 0 0 0 0 0
3 3 0 2 2 0 3 3 0 0 0
0 3 0 2 0 0 0 3 0 0 0
0 0 0 0 0 0 0 0 0 0 0
3 3 0 0 0 0 0 0 0 8 0
0 3 0 0 0 0 0 0 0 8 8

Example 2 input (17x18):
0 0 0 0 0 0 0 0 0 0 0 0 0 0 0 0 0 0
0 0 2 0 0 0 3 0 0 0 7 0 0 0 0 0 0 0
0 0 0 1 1 0 0 1 1 0 0 1 1 0 0 0 0 0
0 0 0 1 1 0 0 0 1 0 0 1 0 0 0 0 0 0
0 0 0 0 0 0 0 0 0 0 0 0 0 0 0 0 0 0
0 0 0 0 0 0 0 0 0 0 0 0 0 0 0 0 0 0
0 0 0 0 0 0 0 0 0 0 0 0 0 0 0 0 0 0
0 0 5 5 0 5 5 0 5 5 0 5 5 0 5 5 0 0
0 0 5 3 0 5 3 0 5 7 0 5 5 0 5 2 0 0
0 0 0 0 0 0 0 0 0 0 0 0 0 0 0 0 0 0
0 0 5 5 0 5 5 0 5 5 0 5 5 0 5 5 0 0
0 0 5 2 0 5 5 0 5 5 0 5 5 0 5 5 0 0
0 0 0 0 0 0 0 0 0 0 0 0 0 0 0 0 0 0
0 0 5 5 0 5 5 0 5 5 0 5 5 0 5 5 0 0
0 0 5 2 0 5 2 0 5 3 0 5 3 0 5 7 0 0
0 0 0 0 0 0 0 0 0 0 0 0 0 0 0 0 0 0
0 0 0 0 0 0 0 0 0 0 0 0 0 0 0 0 0 0

Example 2 output (8x14):
3 3 0 3 3 0 7 7 0 0 0 0 2 2
0 3 0 0 3 0 7 0 0 0 0 0 2 2
0 0 0 0 0 0 0 0 0 0 0 0 0 0
2 2 0 0 0 0 0 0 0 0 0 0 0 0
2 2 0 0 0 0 0 0 0 0 0 0 0 0
0 0 0 0 0 0 0 0 0 0 0 0 0 0
2 2 0 2 2 0 3 3 0 3 3 0 7 7
2 2 0 2 2 0 0 3 0 0 3 0 7 0

Test input (20x18):
0 0 0 0 0 0 0 0 0 0 0 0 0 0 0 0 0 0
0 3 0 0 0 2 0 0 0 8 0 0 0 4 0 0 0 0
0 0 1 1 0 0 1 1 0 0 1 1 0 0 0 1 0 0
0 0 0 1 0 0 1 0 0 0 1 1 0 0 1 1 0 0
0 0 0 0 0 0 0 0 0 0 0 0 0 0 0 0 0 0
0 0 0 0 0 0 0 0 0 0 0 0 0 0 0 0 0 0
0 0 0 0 0 0 0 0 0 0 0 0 0 0 0 0 0 0
0 5 5 0 5 5 0 5 5 0 5 5 0 0 0 0 0 0
0 5 2 0 5 2 0 5 2 0 5 8 0 0 0 0 0 0
0 0 0 0 0 0 0 0 0 0 0 0 0 0 0 0 0 0
0 5 5 0 5 5 0 5 5 0 5 5 0 0 0 0 0 0
0 5 5 0 5 3 0 5 3 0 5 5 0 0 0 0 0 0
0 0 0 0 0 0 0 0 0 0 0 0 0 0 0 0 0 0
0 5 5 0 5 5 0 5 5 0 5 5 0 0 0 0 0 0
0 5 4 0 5 3 0 5 5 0 5 5 0 0 0 0 0 0
0 0 0 0 0 0 0 0 0 0 0 0 0 0 0 0 0 0
0 5 5 0 5 5 0 5 5 0 5 5 0 0 0 0 0 0
0 5 4 0 5 5 0 5 5 0 5 8 0 0 0 0 0 0
0 0 0 0 0 0 0 0 0 0 0 0 0 0 0 0 0 0
0 0 0 0 0 0 0 0 0 0 0 0 0 0 0 0 0 0
