Example 1 input (13x13):
0 0 0 0 0 0 0 0 0 0 0 0 0
8 8 8 8 8 8 0 0 3 3 3 3 0
8 0 0 0 0 8 0 0 3 0 0 3 0
8 0 0 0 0 8 0 0 3 0 0 3 0
8 0 0 2 2 2 2 2 3 3 3 3 0
8 0 0 2 0 8 0 0 0 0 2 0 0
8 8 8 2 8 8 0 0 0 0 2 0 0
0 0 0 2 0 0 0 0 0 0 2 0 0
0 0 0 2 0 0 0 0 0 0 2 0 0
4 4 0 2 0 0 0 0 0 0 2 0 0
4 4 0 2 0 0 0 0 0 0 2 0 0
0 0 0 2 2 2 2 2 2 2 2 0 0
0 0 0 0 0 0 0 0 0 0 0 0 0

Example 1 output (8x8):
2 2 2 2 2 2 2 2
2 8 8 8 8 8 8 2
2 8 3 3 3 3 8 2
2 8 3 4 4 3 8 2
2 8 3 4 4 3 8 2
2 8 3 3 3 3 8 2
2 8 8 8 8 8 8 2
2 2 2 2 2 2 2 2

Example 2 input (16x16):
0 0 0 0 0 0 0 0 0 0 0 0 0 0 0 0
0 0 0 4 4 4 4 4 0 0 0 0 0 0 0 0
2 0 0 4 0 0 0 4 0 0 1 1 1 0 0 0
0 0 0 4 0 0 0 4 0 0 1 0 1 0 0 0
0 0 0 4 0 0 0 4 0 0 1 1 1 0 0 0
0 0 0 4 4 4 4 4 0 0 0 0 0 0 0 0
0 0 0 0 0 0 0 0 0 0 0 0 0 0 0 0
0 8 8 8 8 8 8 8 0 0 0 0 0 0 0 0
0 8 0 0 0 0 0 8 0 0 0 0 0 0 0 0
0 8 0 0 0 3 3 3 3 3 3 3 3 3 0 0
0 8 0 0 0 3 0 8 0 0 0 0 0 3 0 0
0 8 0 0 0 3 0 8 0 0 0 0 0 3 0 0
0 8 0 0 0 3 0 8 0 0 0 0 0 3 0 0
0 8 8 8 8 3 8 8 0 0 0 0 0 3 0 0
0 0 0 0 0 3 0 0 0 0 0 0 0 3 0 0
0 0 0 0 0 3 0 0 0 0 0 0 0 3 0 0

Example 2 output (9x9):
3 3 3 3 3 3 3 3 3
3 8 8 8 8 8 8 8 3
3 8 4 4 4 4 4 8 3
3 8 4 1 1 1 4 8 3
3 8 4 1 2 1 4 8 3
3 8 4 1 1 1 4 8 3
3 8 4 4 4 4 4 8 3
3 8 8 8 8 8 8 8 3
3 3 3 3 3 3 3 3 3

Test input (19x19):
0 0 0 0 0 0 0 0 0 0 0 0 0 0 0 0 0 0 0
0 0 6 6 6 6 6 6 6 6 6 6 0 0 0 0 0 0 0
0 0 6 0 0 0 0 0 0 0 0 6 0 0 0 2 2 0 0
0 0 6 0 8 8 8 8 8 8 0 6 0 0 0 2 2 0 0
0 0 6 0 8 0 0 0 0 8 0 6 0 0 0 0 0 0 0
0 0 6 0 8 3 3 3 3 8 3 3 3 0 0 0 0 0 0
0 0 6 0 8 3 0 0 0 8 0 6 3 0 0 0 0 0 0
0 0 6 0 8 3 0 0 0 8 0 6 3 0 0 0 0 0 0
0 0 6 0 8 8 8 8 8 8 0 6 3 0 0 0 0 0 0
0 0 6 0 0 3 0 0 0 0 0 6 3 0 0 0 0 0 0
0 0 6 6 6 3 6 6 6 6 6 6 3 0 0 0 0 0 0
0 0 0 0 0 3 0 0 0 0 0 0 3 0 0 0 0 0 0
0 0 0 0 0 3 3 3 3 3 3 3 3 0 0 0 0 0 0
0 0 0 0 0 0 0 0 0 0 0 0 0 0 0 0 0 0 0
0 0 0 0 0 0 0 0 0 0 0 4 4 4 4 0 0 0 0
0 0 0 0 0 0 0 0 0 0 0 4 0 0 4 0 0 0 0
0 0 0 0 0 0 0 0 0 0 0 4 0 0 4 0 0 0 0
0 0 0 0 0 0 0 0 0 0 0 4 4 4 4 0 0 0 0
0 0 0 0 0 0 0 0 0 0 0 0 0 0 0 0 0 0 0
