Example 1 input (9x10):
0 8 0 0 0 8 0 0 0 8
0 8 0 0 0 8 0 0 0 8
0 8 0 0 0 8 0 0 0 8
0 0 0 0 0 0 0 0 0 0
0 0 0 0 2 2 2 0 0 0
0 0 0 0 0 0 0 0 0 0
0 0 0 0 0 0 0 0 0 0
0 0 0 0 0 0 0 0 0 0
0 0 0 0 0 0 0 0 0 0

Example 1 output (9x10):
0 8 0 0 0 8 0 0 0 8
0 8 0 0 0 8 0 0 0 8
0 8 0 0 0 8 0 0 0 8
0 8 0 0 0 8 8 8 0 8
0 8 0 0 2 2 2 8 0 8
0 8 0 0 0 0 0 8 0 8
0 8 0 0 0 0 0 8 0 8
0 8 0 0 0 0 0 8 0 8
0 8 0 0 0 0 0 8 0 8

Example 2 input (10x12):
0 8 0 8 0 8 0 8 0 8 0 8
0 8 0 8 0 8 0 8 0 8 0 8
0 8 0 8 0 8 0 8 0 8 0 8
0 8 0 8 0 8 0 8 0 8 0 8
0 0 0 0 0 0 0 0 0 0 0 0
0 0 0 0 0 2 2 2 0 0 0 0
0 0 0 0 0 0 0 0 0 0 0 0
0 0 0 0 0 0 0 0 0 0 0 0
0 0 0 0 0 0 0 0 0 0 0 0
0 0 0 0 0 0 0 0 0 0 0 0

Example 2 output (10x12):
0 8 0 8 0 8 0 8 0 8 0 8
0 8 0 8 0 8 0 8 0 8 0 8
0 8 0 8 0 8 0 8 0 8 0 8
0 8 0 8 0 8 0 8 0 8 0 8
0 8 0 8 8 8 0 8 8 8 0 8
0 8 0 8 8 2 2 2 8 8 0 8
0 8 0 8 8 0 0 0 8 8 0 8
0 8 0 8 8 0 0 0 8 8 0 8
0 8 0 8 8 0 0 0 8 8 0 8
0 8 0 8 8 0 0 0 8 8 0 8

Example 3 input (10x12):
0 8 0 0 0 8 0 8 0 0 8 0
0 8 0 0 0 8 0 8 0 0 8 0
0 8 0 0 0 8 0 8 0 0 8 0
0 8 0 0 0 8 0 8 0 0 8 0
0 0 0 0 0 0 0 0 0 0 0 0
0 2 2 0 0 2 2 2 0 0 0 0
0 0 0 0 0 0 0 0 0 0 0 0
0 0 0 0 0 0 0 0 0 0 0 0
0 0 0 0 0 0 0 0 0 0 0 0
0 0 0 0 0 0 0 0 0 0 0 0

Example 3 output (10x12):
0 8 0 0 0 8 0 8 0 0 8 0
0 8 0 0 0 8 0 8 0 0 8 0
0 8 0 0 0 8 0 8 0 0 8 0
0 8 0 0 0 8 0 8 0 0 8 0
8 8 0 0 8 8 0 8 8 0 8 0
8 2 2 0 8 2 2 2 8 0 8 0
8 0 0 0 8 0 0 0 8 0 8 0
8 0 0 0 8 0 0 0 8 0 8 0
8 0 0 0 8 0 0 0 8 0 8 0
8 0 0 0 8 0 0 0 8 0 8 0

Example 4 input (10x12):
8 0 8 0 0 0 8 0 0 8 0 8
8 0 8 0 0 0 8 0 0 8 0 8
8 0 8 0 0 0 8 0 0 8 0 8
8 0 8 0 0 0 8 0 0 8 0 8
0 0 0 0 0 0 0 0 0 0 0 0
0 0 2 2 0 2 2 2 0 0 0 0
0 0 0 0 0 0 0 0 0 0 0 0
0 0 0 0 0 0 0 0 0 0 0 0
0 0 0 0 0 0 0 0 0 0 0 0
0 0 0 0 0 0 0 0 0 0 0 0

Example 4 output (10x12):
8 0 8 0 0 0 8 0 0 8 0 8
8 0 8 0 0 0 8 0 0 8 0 8
8 0 8 0 0 0 8 0 0 8 0 8
8 0 8 0 0 0 8 0 0 8 0 8
8 8 8 0 0 0 8 8 8 8 0 8
8 8 2 2 0 2 2 2 8 8 0 8
8 8 0 0 0 0 0 0 8 8 0 8
8 8 0 0 0 0 0 0 8 8 0 8
8 8 0 0 0 0 0 0 8 8 0 8
8 8 0 0 0 0 0 0 8 8 0 8

Test input (10x15):
0 8 0 0 8 0 0 8 0 0 8 0 0 8 0
0 8 0 0 8 0 0 8 0 0 8 0 0 8 0
0 8 0 0 8 0 0 8 0 0 8 0 0 8 0
0 8 0 0 8 0 0 8 0 0 8 0 0 8 0
0 0 0 0 2 2 0 0 0 0 2 2 2 2 0
0 0 0 0 0 0 0 0 0 0 0 0 0 0 0
0 0 0 0 0 0 0 0 0 0 0 0 0 0 0
0 0 0 0 0 0 0 0 0 0 0 0 0 0 0
0 0 0 0 0 0 0 0 0 0 0 0 0 0 0
0 0 0 0 0 0 0 0 0 0 0 0 0 0 0
