Example 1 input (7x7):
0 0 0 0 0 0 0
0 4 0 0 0 4 0
0 0 4 0 0 0 0
1 1 1 1 1 1 4
1 0 0 0 4 1 0
1 4 0 4 0 1 0
1 1 1 1 1 1 0

Example 1 output (3x3):
4 4 4
0 0 0
0 0 0

Example 2 input (9x9):
0 0 0 0 0 0 0 0 0
0 0 6 1 1 1 1 1 1
0 0 0 1 6 0 6 0 1
0 0 0 1 0 6 0 0 1
0 0 0 1 0 0 0 6 1
0 6 0 1 6 0 0 0 1
0 0 0 1 1 1 1 1 1
0 0 0 6 0 0 0 0 0
0 0 0 0 0 0 0 0 0

Example 2 output (3x3):
6 6 6
6 6 0
0 0 0

Example 3 input (9x9):
0 0 0 0 0 3 0 0 0
3 0 1 1 1 1 1 0 0
0 0 1 0 0 3 1 0 0
0 0 1 0 0 0 1 3 0
0 0 1 0 0 3 1 0 0
0 0 1 3 0 0 1 0 0
0 3 1 0 0 0 1 0 0
0 0 1 0 3 0 1 3 0
0 0 1 1 1 1 1 0 0

Example 3 output (3x3):
3 3 3
3 0 0
0 0 0

Test input (9x9):
2 0 0 0 0 0 2 0 0
1 1 1 1 1 1 1 0 0
1 0 2 0 0 0 1 0 0
1 0 0 0 2 0 1 2 0
1 0 0 0 0 2 1 0 0
1 2 0 0 0 0 1 0 2
1 1 1 1 1 1 1 0 0
0 0 0 2 0 0 0 0 0
0 0 0 0 0 0 0 2 0
