Example 1 input (3x3):
0 0 0
0 6 0
0 0 0

Example 1 output (9x9):
3 0 0 3 0 0 3 0 0
1 6 1 1 6 1 1 6 1
0 0 3 0 0 3 0 0 3
3 0 0 3 0 0 3 0 0
1 6 1 1 6 1 1 6 1
0 0 3 0 0 3 0 0 3
3 0 0 3 0 0 3 0 0
1 6 1 1 6 1 1 6 1
0 0 3 0 0 3 0 0 3

Example 2 input (2x4):
0 0 5 0
0 0 0 0

Example 2 output (6x12):
1 1 5 1 1 1 5 1 1 1 5 1
0 3 0 3 0 3 0 3 0 3 0 3
1 1 5 1 1 1 5 1 1 1 5 1
0 3 0 3 0 3 0 3 0 3 0 3
1 1 5 1 1 1 5 1 1 1 5 1
0 0 0 3 0 0 0 3 0 0 0 3

Example 3 input (4x6):
0 0 0 0 0 0
0 0 4 0 0 0
0 0 0 0 0 0
4 0 0 0 4 0

Example 3 output (12x18):
0 3 0 0 0 0 0 3 0 0 0 0 0 3 0 0 0 0
1 1 4 1 1 1 1 1 4 1 1 1 1 1 4 1 1 1
0 0 0 3 0 3 0 0 0 3 0 3 0 0 0 3 0 0
4 1 1 1 4 1 4 1 1 1 4 1 4 1 1 1 4 1
0 3 0 0 0 3 0 3 0 0 0 3 0 3 0 0 0 3
1 1 4 1 1 1 1 1 4 1 1 1 1 1 4 1 1 1
0 0 0 3 0 3 0 0 0 3 0 3 0 0 0 3 0 0
4 1 1 1 4 1 4 1 1 1 4 1 4 1 1 1 4 1
0 3 0 0 0 3 0 3 0 0 0 3 0 3 0 0 0 3
1 1 4 1 1 1 1 1 4 1 1 1 1 1 4 1 1 1
0 0 0 3 0 3 0 0 0 3 0 3 0 0 0 3 0 0
4 1 1 1 4 1 4 1 1 1 4 1 4 1 1 1 4 1

Example 4 input (5x5):
0 0 0 0 0
0 0 0 0 0
0 0 2 0 0
0 0 0 0 0
0 0 0 0 0

Example 4 output (15x15):
0 0 0 0 0 0 0 0 0 0 0 0 0 0 0
0 3 0 0 0 0 3 0 0 0 0 3 0 0 0
1 1 2 1 1 1 1 2 1 1 1 1 2 1 1
0 0 0 3 0 0 0 0 3 0 0 0 0 3 0
0 0 0 0 0 0 0 0 0 0 0 0 0 0 0
0 0 0 0 0 0 0 0 0 0 0 0 0 0 0
0 3 0 0 0 0 3 0 0 0 0 3 0 0 0
1 1 2 1 1 1 1 2 1 1 1 1 2 1 1
0 0 0 3 0 0 0 0 3 0 0 0 0 3 0
0 0 0 0 0 0 0 0 0 0 0 0 0 0 0
0 0 0 0 0 0 0 0 0 0 0 0 0 0 0
0 3 0 0 0 0 3 0 0 0 0 3 0 0 0
1 1 2 1 1 1 1 2 1 1 1 1 2 1 1
0 0 0 3 0 0 0 0 3 0 0 0 0 3 0
0 0 0 0 0 0 0 0 0 0 0 0 0 0 0

Test input (3x3):
2 0 0
0 0 0
0 0 0
