Example 1 input (30x30):
1 1 1 1 1 1 1 1 1 1 1 1 1 1 1 1 1 1 1 1 1 1 1 1 1 1 1 1 1 1
1 4 2 5 3 1 4 2 5 3 1 4 2 5 3 1 4 2 5 3 1 4 2 5 3 1 4 2 5 3
1 1 1 1 1 1 1 1 1 1 1 1 1 1 1 1 1 1 1 1 1 1 1 1 1 1 1 1 1 1
1 4 2 5 3 1 4 2 5 3 1 4 2 5 3 1 4 2 5 3 1 4 2 5 3 1 4 2 5 3
1 1 1 1 1 1 1 1 1 1 1 1 1 1 1 1 1 1 1 1 1 1 1 1 1 1 1 1 1 1
1 4 2 5 3 1 4 2 5 3 1 4 2 5 3 1 4 2 5 3 1 4 2 5 3 1 4 2 5 3
1 1 1 1 1 1 1 1 1 1 1 1 1 1 1 1 1 1 1 1 1 1 1 1 1 1 1 1 1 1
1 4 2 5 3 1 4 2 5 3 1 4 2 5 3 1 4 2 5 3 1 4 2 5 3 1 4 2 5 3
1 1 1 1 1 0 0 0 0 1 1 1 1 1 1 1 1 1 1 1 1 1 1 1 1 1 1 1 1 1
1 4 2 5 3 0 0 0 0 3 1 4 2 5 3 1 4 2 0 0 0 4 2 5 3 1 4 2 5 3
1 1 1 1 1 0 0 0 0 1 1 1 1 1 1 1 1 1 0 0 0 1 1 1 1 1 1 1 1 1
1 4 2 5 3 0 0 0 0 3 1 4 2 5 3 1 4 2 0 0 0 4 2 5 3 1 4 2 5 3
1 1 1 1 1 0 0 0 0 1 1 1 1 1 1 1 1 1 0 0 0 1 1 1 1 1 1 1 1 1
1 4 2 5 3 1 4 2 5 3 1 4 2 5 3 1 4 2 0 0 0 4 2 5 3 1 4 2 5 3
1 1 1 1 1 1 1 1 1 1 1 1 1 1 1 1 1 1 0 0 0 1 1 1 1 1 1 1 1 1
1 4 2 5 3 1 4 2 5 3 1 4 2 5 3 1 4 2 0 0 0 4 2 5 3 1 4 2 5 3
1 1 1 1 1 1 1 1 1 1 1 1 1 1 1 1 1 1 1 1 1 1 1 1 1 1 1 1 1 1
1 4 2 5 3 1 4 2 5 3 1 4 2 5 3 1 4 2 5 3 1 4 2 5 3 1 4 2 5 3
1 1 1 1 1 1 1 1 1 1 1 1 1 1 1 1 1 1 1 1 1 1 1 1 1 1 1 1 1 1
1 4 2 5 3 1 4 2 5 3 1 4 2 5 3 1 4 2 5 3 1 4 2 5 3 1 4 2 5 3
1 1 1 1 1 1 1 1 1 1 1 1 1 1 1 1 1 1 1 1 1 1 1 1 1 1 1 1 1 1
1 4 2 5 3 1 4 2 5 3 1 4 2 5 3 1 4 2 5 3 1 4 2 5 3 1 4 2 5 3
1 1 1 1 1 1 1 1 1 1 1 1 1 1 1 1 1 1 1 1 1 1 1 1 1 1 1 1 1 1
1 4 2 5 3 1 4 2 5 3 1 4 0 0 0 1 4 2 5 3 1 4 2 5 3 1 4 2 5 3
0 0 0 0 0 0 1 1 1 1 1 1 0 0 0 1 1 1 1 1 1 1 1 1 1 1 1 1 1 1
0 0 0 0 0 0 4 2 5 3 1 4 2 5 3 1 4 2 5 3 1 4 2 5 3 1 4 2 5 3
1 1 1 1 1 1 1 1 1 1 1 1 1 1 1 1 1 1 1 0 0 0 1 1 1 1 1 1 1 1
1 4 2 5 3 1 4 2 5 3 1 4 2 5 3 1 4 2 5 0 0 0 2 5 3 1 4 2 5 3
1 1 1 1 1 1 1 1 1 1 1 1 1 1 1 1 1 1 1 0 0 0 1 1 1 1 1 1 1 1
1 4 2 5 3 1 4 2 5 3 1 4 2 5 3 1 4 2 5 3 1 4 2 5 3 1 4 2 5 3

Example 1 output (30x30):
1 1 1 1 1 1 1 1 1 1 1 1 1 1 1 1 1 1 1 1 1 1 1 1 1 1 1 1 1 1
1 4 2 5 3 1 4 2 5 3 1 4 2 5 3 1 4 2 5 3 1 4 2 5 3 1 4 2 5 3
1 1 1 1 1 1 1 1 1 1 1 1 1 1 1 1 1 1 1 1 1 1 1 1 1 1 1 1 1 1
1 4 2 5 3 1 4 2 5 3 1 4 2 5 3 1 4 2 5 3 1 4 2 5 3 1 4 2 5 3
1 1 1 1 1 1 1 1 1 1 1 1 1 1 1 1 1 1 1 1 1 1 1 1 1 1 1 1 1 1
1 4 2 5 3 1 4 2 5 3 1 4 2 5 3 1 4 2 5 3 1 4 2 5 3 1 4 2 5 3
1 1 1 1 1 1 1 1 1 1 1 1 1 1 1 1 1 1 1 1 1 1 1 1 1 1 1 1 1 1
1 4 2 5 3 1 4 2 5 3 1 4 2 5 3 1 4 2 5 3 1 4 2 5 3 1 4 2 5 3
1 1 1 1 1 1 1 1 1 1 1 1 1 1 1 1 1 1 1 1 1 1 1 1 1 1 1 1 1 1
1 4 2 5 3 1 4 2 5 3 1 4 2 5 3 1 4 2 5 3 1 4 2 5 3 1 4 2 5 3
1 1 1 1 1 1 1 1 1 1 1 1 1 1 1 1 1 1 1 1 1 1 1 1 1 1 1 1 1 1
1 4 2 5 3 1 4 2 5 3 1 4 2 5 3 1 4 2 5 3 1 4 2 5 3 1 4 2 5 3
1 1 1 1 1 1 1 1 1 1 1 1 1 1 1 1 1 1 1 1 1 1 1 1 1 1 1 1 1 1
1 4 2 5 3 1 4 2 5 3 1 4 2 5 3 1 4 2 5 3 1 4 2 5 3 1 4 2 5 3
1 1 1 1 1 1 1 1 1 1 1 1 1 1 1 1 1 1 1 1 1 1 1 1 1 1 1 1 1 1
1 4 2 5 3 1 4 2 5 3 1 4 2 5 3 1 4 2 5 3 1 4 2 5 3 1 4 2 5 3
1 1 1 1 1 1 1 1 1 1 1 1 1 1 1 1 1 1 1 1 1 1 1 1 1 1 1 1 1 1
1 4 2 5 3 1 4 2 5 3 1 4 2 5 3 1 4 2 5 3 1 4 2 5 3 1 4 2 5 3
1 1 1 1 1 1 1 1 1 1 1 1 1 1 1 1 1 1 1 1 1 1 1 1 1 1 1 1 1 1
1 4 2 5 3 1 4 2 5 3 1 4 2 5 3 1 4 2 5 3 1 4 2 5 3 1 4 2 5 3
1 1 1 1 1 1 1 1 1 1 1 1 1 1 1 1 1 1 1 1 1 1 1 1 1 1 1 1 1 1
1 4 2 5 3 1 4 2 5 3 1 4 2 5 3 1 4 2 5 3 1 4 2 5 3 1 4 2 5 3
1 1 1 1 1 1 1 1 1 1 1 1 1 1 1 1 1 1 1 1 1 1 1 1 1 1 1 1 1 1
1 4 2 5 3 1 4 2 5 3 1 4 2 5 3 1 4 2 5 3 1 4 2 5 3 1 4 2 5 3
1 1 1 1 1 1 1 1 1 1 1 1 1 1 1 1 1 1 1 1 1 1 1 1 1 1 1 1 1 1
1 4 2 5 3 1 4 2 5 3 1 4 2 5 3 1 4 2 5 3 1 4 2 5 3 1 4 2 5 3
1 1 1 1 1 1 1 1 1 1 1 1 1 1 1 1 1 1 1 1 1 1 1 1 1 1 1 1 1 1
1 4 2 5 3 1 4 2 5 3 1 4 2 5 3 1 4 2 5 3 1 4 2 5 3 1 4 2 5 3
1 1 1 1 1 1 1 1 1 1 1 1 1 1 1 1 1 1 1 1 1 1 1 1 1 1 1 1 1 1
1 4 2 5 3 1 4 2 5 3 1 4 2 5 3 1 4 2 5 3 1 4 2 5 3 1 4 2 5 3

Example 2 input (30x30):
1 1 1 1 1 1 1 1 1 1 1 1 1 1 1 1 1 1 1 1 1 1 1 1 1 1 1 1 1 1
1 4 1 4 1 4 1 4 1 4 1 4 1 4 1 4 1 4 1 4 1 4 1 4 1 4 1 4 1 4
1 1 1 1 1 1 1 1 1 1 1 1 1 1 1 1 1 1 1 1 1 1 1 1 1 1 1 1 1 1
1 4 1 4 1 4 1 4 1 0 0 0 0 0 1 4 1 4 1 4 1 4 1 4 1 4 1 4 1 4
1 1 1 1 1 1 1 1 1 0 0 0 0 0 1 1 1 1 1 1 1 1 1 1 1 1 1 1 1 1
1 4 1 4 1 4 1 4 1 0 0 0 0 0 1 4 1 4 1 4 1 4 1 4 1 4 1 4 1 4
1 1 1 1 1 1 1 1 1 0 0 0 0 0 1 1 1 1 1 1 1 1 1 1 1 1 1 1 1 1
1 4 1 4 1 4 1 4 1 4 1 4 1 4 1 4 1 4 1 4 1 4 1 4 1 4 1 4 1 4
1 1 1 1 1 1 1 1 1 1 1 1 1 1 1 1 1 1 1 1 1 1 1 1 1 1 1 1 1 1
1 4 1 4 1 4 1 4 1 4 1 4 1 4 1 4 1 4 1 4 1 4 1 4 1 4 1 4 1 4
1 1 1 1 1 1 1 1 1 1 1 1 1 1 1 1 1 1 1 1 1 1 1 1 1 1 1 1 1 1
1 4 1 4 1 4 1 4 1 4 1 4 1 4 1 4 1 4 1 4 1 4 1 4 1 4 1 4 1 4
1 1 1 1 1 1 1 1 1 1 1 1 1 1 1 1 1 1 1 1 1 1 1 0 0 0 0 0 0 1
1 4 1 4 1 4 1 4 1 4 1 4 1 4 1 4 1 4 1 4 1 4 1 0 0 0 0 0 0 4
1 1 1 1 1 1 1 1 1 1 1 1 1 1 1 1 1 1 1 1 1 1 1 0 0 0 0 0 0 1
1 4 1 4 1 4 1 4 1 4 1 4 1 4 1 4 1 4 1 4 1 4 1 0 0 0 0 0 0 4
1 1 0 0 1 1 1 1 1 1 1 1 1 1 1 1 1 1 1 1 1 1 1 1 1 1 1 1 1 1
1 4 0 0 1 4 1 4 1 4 1 4 1 4 1 4 1 4 1 4 1 4 1 4 1 4 1 4 1 4
1 1 0 0 1 1 1 1 1 1 1 1 1 1 1 1 1 1 1 1 0 0 0 0 0 0 0 1 1 1
1 4 0 0 1 4 1 4 1 4 1 4 1 4 1 4 1 4 1 4 0 0 0 0 0 0 0 4 1 4
1 1 0 0 1 1 1 1 1 1 1 1 1 1 1 1 1 1 1 1 1 1 1 1 1 1 1 1 1 1
1 4 0 0 0 0 0 0 1 4 1 4 1 4 1 4 1 4 1 4 1 4 1 4 1 4 1 4 1 4
1 1 0 0 0 0 0 0 1 1 1 1 1 1 1 1 1 1 1 1 1 1 1 1 1 1 1 1 1 1
1 4 1 4 0 0 0 0 1 4 1 4 1 4 1 4 1 4 1 4 1 4 1 4 1 4 1 4 1 4
1 1 1 1 0 0 0 0 1 1 1 1 1 1 1 1 1 1 1 1 1 1 1 1 1 1 1 1 1 1
1 4 1 4 0 0 0 0 1 4 1 4 1 4 1 4 1 4 1 4 1 4 1 4 1 4 1 4 1 4
1 1 1 1 1 1 1 1 1 1 1 1 1 1 1 1 1 1 1 1 1 1 1 1 1 1 1 1 1 1
1 4 1 4 1 4 1 4 1 4 1 4 1 4 1 4 1 4 1 4 1 4 1 4 1 4 1 4 1 4
1 1 1 1 1 1 1 1 1 1 1 1 1 1 1 1 1 1 1 1 1 1 1 1 1 1 1 1 1 1
1 4 1 4 1 4 1 4 1 4 1 4 1 4 1 4 1 4 1 4 1 4 1 4 1 4 1 4 1 4

Example 2 output (30x30):
1 1 1 1 1 1 1 1 1 1 1 1 1 1 1 1 1 1 1 1 1 1 1 1 1 1 1 1 1 1
1 4 1 4 1 4 1 4 1 4 1 4 1 4 1 4 1 4 1 4 1 4 1 4 1 4 1 4 1 4
1 1 1 1 1 1 1 1 1 1 1 1 1 1 1 1 1 1 1 1 1 1 1 1 1 1 1 1 1 1
1 4 1 4 1 4 1 4 1 4 1 4 1 4 1 4 1 4 1 4 1 4 1 4 1 4 1 4 1 4
1 1 1 1 1 1 1 1 1 1 1 1 1 1 1 1 1 1 1 1 1 1 1 1 1 1 1 1 1 1
1 4 1 4 1 4 1 4 1 4 1 4 1 4 1 4 1 4 1 4 1 4 1 4 1 4 1 4 1 4
1 1 1 1 1 1 1 1 1 1 1 1 1 1 1 1 1 1 1 1 1 1 1 1 1 1 1 1 1 1
1 4 1 4 1 4 1 4 1 4 1 4 1 4 1 4 1 4 1 4 1 4 1 4 1 4 1 4 1 4
1 1 1 1 1 1 1 1 1 1 1 1 1 1 1 1 1 1 1 1 1 1 1 1 1 1 1 1 1 1
1 4 1 4 1 4 1 4 1 4 1 4 1 4 1 4 1 4 1 4 1 4 1 4 1 4 1 4 1 4
1 1 1 1 1 1 1 1 1 1 1 1 1 1 1 1 1 1 1 1 1 1 1 1 1 1 1 1 1 1
1 4 1 4 1 4 1 4 1 4 1 4 1 4 1 4 1 4 1 4 1 4 1 4 1 4 1 4 1 4
1 1 1 1 1 1 1 1 1 1 1 1 1 1 1 1 1 1 1 1 1 1 1 1 1 1 1 1 1 1
1 4 1 4 1 4 1 4 1 4 1 4 1 4 1 4 1 4 1 4 1 4 1 4 1 4 1 4 1 4
1 1 1 1 1 1 1 1 1 1 1 1 1 1 1 1 1 1 1 1 1 1 1 1 1 1 1 1 1 1
1 4 1 4 1 4 1 4 1 4 1 4 1 4 1 4 1 4 1 4 1 4 1 4 1 4 1 4 1 4
1 1 1 1 1 1 1 1 1 1 1 1 1 1 1 1 1 1 1 1 1 1 1 1 1 1 1 1 1 1
1 4 1 4 1 4 1 4 1 4 1 4 1 4 1 4 1 4 1 4 1 4 1 4 1 4 1 4 1 4
1 1 1 1 1 1 1 1 1 1 1 1 1 1 1 1 1 1 1 1 1 1 1 1 1 1 1 1 1 1
1 4 1 4 1 4 1 4 1 4 1 4 1 4 1 4 1 4 1 4 1 4 1 4 1 4 1 4 1 4
1 1 1 1 1 1 1 1 1 1 1 1 1 1 1 1 1 1 1 1 1 1 1 1 1 1 1 1 1 1
1 4 1 4 1 4 1 4 1 4 1 4 1 4 1 4 1 4 1 4 1 4 1 4 1 4 1 4 1 4
1 1 1 1 1 1 1 1 1 1 1 1 1 1 1 1 1 1 1 1 1 1 1 1 1 1 1 1 1 1
1 4 1 4 1 4 1 4 1 4 1 4 1 4 1 4 1 4 1 4 1 4 1 4 1 4 1 4 1 4
1 1 1 1 1 1 1 1 1 1 1 1 1 1 1 1 1 1 1 1 1 1 1 1 1 1 1 1 1 1
1 4 1 4 1 4 1 4 1 4 1 4 1 4 1 4 1 4 1 4 1 4 1 4 1 4 1 4 1 4
1 1 1 1 1 1 1 1 1 1 1 1 1 1 1 1 1 1 1 1 1 1 1 1 1 1 1 1 1 1
1 4 1 4 1 4 1 4 1 4 1 4 1 4 1 4 1 4 1 4 1 4 1 4 1 4 1 4 1 4
1 1 1 1 1 1 1 1 1 1 1 1 1 1 1 1 1 1 1 1 1 1 1 1 1 1 1 1 1 1
1 4 1 4 1 4 1 4 1 4 1 4 1 4 1 4 1 4 1 4 1 4 1 4 1 4 1 4 1 4

Example 3 input (30x30):
1 1 1 1 1 1 1 1 1 1 1 1 1 0 0 1 1 1 1 1 1 1 1 1 1 1 1 1 1 1
1 4 7 3 6 2 5 1 4 7 3 6 2 0 0 4 7 3 6 2 5 1 4 7 3 6 2 5 1 4
1 1 1 1 1 1 1 1 1 1 1 1 1 1 1 1 1 1 1 1 1 1 1 1 1 1 1 1 1 1
1 4 7 3 6 2 5 1 4 7 3 6 2 5 1 4 7 3 6 2 5 1 4 7 3 6 2 5 1 4
1 1 1 1 1 1 1 0 0 1 1 1 1 1 1 1 1 1 1 1 1 1 1 1 1 1 1 1 1 1
1 4 7 3 6 2 5 0 0 7 3 6 2 5 1 4 7 3 6 2 5 1 4 7 3 6 2 5 1 4
1 1 1 1 1 1 1 0 0 1 1 1 1 1 1 1 1 1 1 1 1 1 1 1 1 1 1 1 1 1
1 4 7 3 6 2 5 0 0 7 3 6 2 0 0 0 0 0 0 2 5 1 4 7 3 6 2 5 1 4
1 1 1 1 1 1 1 0 0 1 1 1 1 0 0 0 0 0 0 1 1 1 1 1 1 1 1 1 1 1
1 4 7 3 6 2 5 1 4 7 3 6 2 0 0 0 0 0 0 2 5 1 4 7 3 6 2 5 1 4
1 1 1 1 1 1 1 1 1 1 1 1 1 1 1 1 1 1 1 1 1 1 1 1 1 1 1 1 1 1
1 4 7 3 6 2 5 1 4 7 3 6 2 5 1 4 7 3 6 2 5 1 4 7 3 6 2 5 1 4
1 1 1 1 1 1 1 1 1 1 1 1 1 1 1 1 1 1 1 1 1 1 1 1 1 1 1 1 1 1
1 4 7 3 6 2 5 1 4 7 3 6 2 5 1 4 7 3 6 2 5 1 4 7 3 6 2 5 1 4
1 1 1 1 1 1 1 1 1 1 1 1 1 1 1 1 1 1 1 1 1 0 0 0 0 1 1 1 1 1
1 4 7 3 6 2 5 1 4 7 3 6 2 5 1 4 7 3 6 2 5 0 0 0 0 6 2 5 1 4
1 1 1 1 1 1 1 1 1 1 1 1 1 1 1 1 1 1 1 1 1 1 1 1 1 1 1 1 1 1
1 4 7 3 6 2 5 1 4 7 3 6 2 5 1 4 7 3 6 2 5 1 4 7 3 6 2 5 1 4
1 1 1 1 1 1 1 1 1 1 1 1 1 1 1 1 1 1 1 1 1 1 1 1 1 1 1 1 1 1
1 4 7 3 6 2 5 1 4 7 3 6 2 5 1 4 7 3 6 2 5 1 4 7 3 6 2 5 1 4
1 1 1 1 1 1 1 1 1 1 1 1 1 1 1 1 1 1 1 1 1 1 0 0 1 1 1 1 1 1
1 4 7 3 6 2 5 1 4 7 3 6 2 5 1 4 7 3 6 2 5 1 0 0 3 6 2 5 1 4
1 1 1 1 1 1 1 1 1 1 1 1 1 1 1 1 1 1 1 1 1 1 0 0 1 1 1 1 1 1
1 4 7 3 6 2 5 1 4 7 3 6 2 5 1 4 7 3 6 2 5 1 4 7 3 6 2 5 1 4
1 1 1 1 1 1 1 1 1 1 1 1 1 1 1 1 1 1 1 1 1 1 1 1 1 1 1 1 1 1
1 4 7 3 6 2 5 1 4 7 3 6 2 5 1 4 7 3 6 2 5 1 4 7 3 6 2 5 1 4
1 1 1 1 1 1 1 1 1 1 1 1 1 1 1 1 1 1 1 1 1 1 1 1 1 1 1 1 1 1
1 4 7 3 6 2 5 1 4 7 3 6 2 5 1 4 7 3 6 2 5 1 4 7 3 6 2 5 1 4
1 1 1 1 1 1 1 1 1 1 1 1 1 1 1 1 1 1 1 1 1 1 1 1 1 1 1 1 1 1
1 4 7 3 6 2 5 1 4 7 3 6 2 5 1 4 7 3 6 2 5 1 4 7 3 6 2 5 1 4

Example 3 output (30x30):
1 1 1 1 1 1 1 1 1 1 1 1 1 1 1 1 1 1 1 1 1 1 1 1 1 1 1 1 1 1
1 4 7 3 6 2 5 1 4 7 3 6 2 5 1 4 7 3 6 2 5 1 4 7 3 6 2 5 1 4
1 1 1 1 1 1 1 1 1 1 1 1 1 1 1 1 1 1 1 1 1 1 1 1 1 1 1 1 1 1
1 4 7 3 6 2 5 1 4 7 3 6 2 5 1 4 7 3 6 2 5 1 4 7 3 6 2 5 1 4
1 1 1 1 1 1 1 1 1 1 1 1 1 1 1 1 1 1 1 1 1 1 1 1 1 1 1 1 1 1
1 4 7 3 6 2 5 1 4 7 3 6 2 5 1 4 7 3 6 2 5 1 4 7 3 6 2 5 1 4
1 1 1 1 1 1 1 1 1 1 1 1 1 1 1 1 1 1 1 1 1 1 1 1 1 1 1 1 1 1
1 4 7 3 6 2 5 1 4 7 3 6 2 5 1 4 7 3 6 2 5 1 4 7 3 6 2 5 1 4
1 1 1 1 1 1 1 1 1 1 1 1 1 1 1 1 1 1 1 1 1 1 1 1 1 1 1 1 1 1
1 4 7 3 6 2 5 1 4 7 3 6 2 5 1 4 7 3 6 2 5 1 4 7 3 6 2 5 1 4
1 1 1 1 1 1 1 1 1 1 1 1 1 1 1 1 1 1 1 1 1 1 1 1 1 1 1 1 1 1
1 4 7 3 6 2 5 1 4 7 3 6 2 5 1 4 7 3 6 2 5 1 4 7 3 6 2 5 1 4
1 1 1 1 1 1 1 1 1 1 1 1 1 1 1 1 1 1 1 1 1 1 1 1 1 1 1 1 1 1
1 4 7 3 6 2 5 1 4 7 3 6 2 5 1 4 7 3 6 2 5 1 4 7 3 6 2 5 1 4
1 1 1 1 1 1 1 1 1 1 1 1 1 1 1 1 1 1 1 1 1 1 1 1 1 1 1 1 1 1
1 4 7 3 6 2 5 1 4 7 3 6 2 5 1 4 7 3 6 2 5 1 4 7 3 6 2 5 1 4
1 1 1 1 1 1 1 1 1 1 1 1 1 1 1 1 1 1 1 1 1 1 1 1 1 1 1 1 1 1
1 4 7 3 6 2 5 1 4 7 3 6 2 5 1 4 7 3 6 2 5 1 4 7 3 6 2 5 1 4
1 1 1 1 1 1 1 1 1 1 1 1 1 1 1 1 1 1 1 1 1 1 1 1 1 1 1 1 1 1
1 4 7 3 6 2 5 1 4 7 3 6 2 5 1 4 7 3 6 2 5 1 4 7 3 6 2 5 1 4
1 1 1 1 1 1 1 1 1 1 1 1 1 1 1 1 1 1 1 1 1 1 1 1 1 1 1 1 1 1
1 4 7 3 6 2 5 1 4 7 3 6 2 5 1 4 7 3 6 2 5 1 4 7 3 6 2 5 1 4
1 1 1 1 1 1 1 1 1 1 1 1 1 1 1 1 1 1 1 1 1 1 1 1 1 1 1 1 1 1
1 4 7 3 6 2 5 1 4 7 3 6 2 5 1 4 7 3 6 2 5 1 4 7 3 6 2 5 1 4
1 1 1 1 1 1 1 1 1 1 1 1 1 1 1 1 1 1 1 1 1 1 1 1 1 1 1 1 1 1
1 4 7 3 6 2 5 1 4 7 3 6 2 5 1 4 7 3 6 2 5 1 4 7 3 6 2 5 1 4
1 1 1 1 1 1 1 1 1 1 1 1 1 1 1 1 1 1 1 1 1 1 1 1 1 1 1 1 1 1
1 4 7 3 6 2 5 1 4 7 3 6 2 5 1 4 7 3 6 2 5 1 4 7 3 6 2 5 1 4
1 1 1 1 1 1 1 1 1 1 1 1 1 1 1 1 1 1 1 1 1 1 1 1 1 1 1 1 1 1
1 4 7 3 6 2 5 1 4 7 3 6 2 5 1 4 7 3 6 2 5 1 4 7 3 6 2 5 1 4

Test input (30x30):
1 1 1 1 1 1 1 1 1 1 1 1 1 1 1 1 1 1 1 1 1 1 1 1 1 1 1 1 1 1
1 4 7 2 5 8 3 6 1 4 0 0 0 0 0 6 1 4 7 2 5 8 3 6 1 4 7 2 5 8
1 1 1 1 1 1 1 1 1 1 0 0 0 0 0 1 1 1 1 1 1 1 1 1 1 1 1 1 1 1
1 4 7 2 5 8 3 6 1 4 0 0 0 0 0 6 1 4 7 2 5 8 3 6 1 4 7 2 5 8
1 1 1 1 1 1 1 1 1 1 1 1 1 1 1 1 1 1 1 1 1 1 1 1 1 1 1 1 1 1
1 4 7 2 5 8 3 6 1 4 7 2 5 8 3 6 1 4 7 2 5 8 3 6 1 4 7 2 5 8
1 1 1 1 1 1 1 1 1 1 1 1 1 1 1 1 1 1 1 1 1 1 1 1 1 1 1 1 1 1
1 4 7 2 5 8 3 6 1 4 7 2 5 8 3 6 1 4 7 2 5 8 3 6 1 4 7 2 5 8
1 1 1 1 1 1 1 1 1 1 1 1 1 1 1 1 1 1 1 1 1 1 1 1 1 1 1 1 1 1
1 4 7 2 5 8 3 6 1 4 7 2 5 8 3 6 1 4 7 2 5 8 3 6 1 4 7 2 5 8
1 1 1 1 1 1 1 1 1 1 1 1 1 1 1 1 1 1 1 1 1 1 1 1 1 1 1 1 1 1
1 4 7 2 5 8 3 6 1 4 7 2 5 8 3 6 1 4 7 2 5 8 3 6 1 4 7 2 5 8
1 1 1 1 1 1 1 1 1 1 1 1 1 1 1 1 1 1 1 1 1 1 1 1 1 1 1 1 1 1
1 4 7 2 5 8 3 6 1 4 7 2 5 8 3 6 1 4 7 2 5 8 3 6 1 4 7 2 5 8
1 1 1 1 1 1 1 1 1 1 1 1 1 1 1 1 1 1 1 1 1 1 1 1 1 1 1 1 1 1
1 4 7 2 5 8 3 6 1 4 7 2 5 8 3 6 1 4 7 2 5 8 3 6 1 4 7 2 5 8
1 1 1 0 0 0 0 0 1 1 1 1 1 1 1 1 1 1 1 1 1 1 1 1 1 1 1 1 1 1
1 4 0 0 0 0 0 0 1 4 7 2 5 8 3 6 1 4 7 2 5 8 3 6 1 4 7 2 5 8
1 1 0 0 0 0 0 0 1 1 1 1 1 1 1 1 1 1 1 1 1 1 1 1 1 1 1 1 1 1
1 4 0 0 0 0 0 0 1 4 7 2 5 8 3 6 1 4 7 2 5 8 3 6 1 4 7 2 5 8
1 1 1 0 0 0 0 0 1 1 1 1 1 1 1 1 1 1 1 1 1 1 1 1 1 1 1 1 1 1
1 4 7 2 5 8 3 6 1 4 7 2 5 8 3 6 1 4 7 2 5 8 3 6 1 4 7 2 5 8
0 0 0 0 0 0 0 1 1 1 1 1 1 1 1 1 1 1 1 1 1 1 1 1 1 1 1 1 1 1
0 0 0 0 0 0 0 6 1 4 7 2 5 8 3 6 1 4 7 2 5 8 0 0 0 0 7 2 5 8
1 1 1 1 1 1 1 1 1 1 1 1 1 1 1 1 1 1 1 1 1 1 0 0 0 0 1 1 1 1
1 4 7 2 5 8 3 6 1 4 7 2 5 8 3 6 1 4 7 2 5 8 0 0 0 0 7 2 5 8
1 1 1 1 1 1 1 1 1 1 1 1 1 1 1 1 1 1 1 1 1 1 0 0 0 0 1 1 1 1
1 4 7 2 5 8 3 6 1 4 7 2 5 8 3 6 1 4 7 2 5 8 3 6 1 4 7 2 5 8
1 1 1 1 1 1 1 1 1 1 1 1 1 1 1 1 1 1 1 1 1 1 1 1 1 1 1 1 1 1
1 4 7 2 5 8 3 6 1 4 7 2 5 8 3 6 1 4 7 2 5 8 3 6 1 4 7 2 5 8
