Example 1 input (6x6):
4 1 0 0 0 0
1 3 2 0 0 0
0 2 3 1 0 0
0 0 1 4 1 0
0 0 0 1 3 2
0 0 0 0 2 3

Example 1 output (12x12):
4 1 0 0 0 0 0 0 0 0 0 0
1 3 2 0 0 0 0 0 0 0 0 0
0 2 3 1 0 0 0 0 0 0 0 0
0 0 1 4 1 0 0 0 0 0 0 0
0 0 0 1 3 2 0 0 0 0 0 0
0 0 0 0 2 3 1 0 0 0 0 0
0 0 0 0 0 1 4 1 0 0 0 0
0 0 0 0 0 0 1 3 2 0 0 0
0 0 0 0 0 0 0 2 3 1 0 0
0 0 0 0 0 0 0 0 1 4 1 0
0 0 0 0 0 0 0 0 0 1 3 2
0 0 0 0 0 0 0 0 0 0 2 3

Example 2 input (5x5):
2 5 0 0 0
5 2 0 0 0
0 0 2 5 0
0 0 5 2 0
0 0 0 0 2

Example 2 output (10x10):
2 5 0 0 0 0 0 0 0 0
5 2 0 0 0 0 0 0 0 0
0 0 2 5 0 0 0 0 0 0
0 0 5 2 0 0 0 0 0 0
0 0 0 0 2 5 0 0 0 0
0 0 0 0 5 2 0 0 0 0
0 0 0 0 0 0 2 5 0 0
0 0 0 0 0 0 5 2 0 0
0 0 0 0 0 0 0 0 2 5
0 0 0 0 0 0 0 0 5 2

Example 3 input (8x8):
0 0 0 0 0 0 0 1
0 0 0 0 0 0 6 0
0 0 0 0 0 1 0 0
0 0 0 0 6 0 0 0
0 0 0 1 0 0 0 0
0 0 6 0 0 0 0 0
0 1 0 0 0 0 0 0
6 0 0 0 0 0 0 0

Example 3 output (16x16):
0 0 0 0 0 0 0 0 0 0 0 0 0 0 0 1
0 0 0 0 0 0 0 0 0 0 0 0 0 0 6 0
0 0 0 0 0 0 0 0 0 0 0 0 0 1 0 0
0 0 0 0 0 0 0 0 0 0 0 0 6 0 0 0
0 0 0 0 0 0 0 0 0 0 0 1 0 0 0 0
0 0 0 0 0 0 0 0 0 0 6 0 0 0 0 0
0 0 0 0 0 0 0 0 0 1 0 0 0 0 0 0
0 0 0 0 0 0 0 0 6 0 0 0 0 0 0 0
0 0 0 0 0 0 0 1 0 0 0 0 0 0 0 0
0 0 0 0 0 0 6 0 0 0 0 0 0 0 0 0
0 0 0 0 0 1 0 0 0 0 0 0 0 0 0 0
0 0 0 0 6 0 0 0 0 0 0 0 0 0 0 0
0 0 0 1 0 0 0 0 0 0 0 0 0 0 0 0
0 0 6 0 0 0 0 0 0 0 0 0 0 0 0 0
0 1 0 0 0 0 0 0 0 0 0 0 0 0 0 0
6 0 0 0 0 0 0 0 0 0 0 0 0 0 0 0

Test input (10x10):
0 0 0 0 0 0 0 0 6 6
0 0 0 0 0 0 0 4 8 6
0 0 0 0 0 0 6 6 4 0
0 0 0 0 0 4 8 6 0 0
0 0 0 0 6 6 4 0 0 0
0 0 0 4 8 6 0 0 0 0
0 0 6 6 4 0 0 0 0 0
0 4 8 6 0 0 0 0 0 0
6 6 4 0 0 0 0 0 0 0
8 6 0 0 0 0 0 0 0 0
