Example 1 input (3x3):
2 0 2
0 2 0
2 2 2

Example 1 output (9x9):
2 0 2 2 0 2 2 0 2
0 2 0 0 2 0 0 2 0
2 2 2 2 2 2 2 2 2
2 0 2 2 0 2 2 0 2
0 2 0 0 2 0 0 2 0
2 2 2 2 2 2 2 2 2
2 0 2 2 0 2 2 0 2
0 2 0 0 2 0 0 2 0
2 2 2 2 2 2 2 2 2

Example 2 input (2x2):
1 0
1 1

Example 2 output (4x4):
1 0 1 0
1 1 1 1
1 0 1 0
1 1 1 1

Example 3 input (2x2):
0 3
3 0

Example 3 output (4x4):
0 3 0 3
3 0 3 0
0 3 0 3
3 0 3 0

Example 4 input (3x3):
0 0 8
8 8 8
8 0 0

Example 4 output (9x9):
0 0 8 0 0 8 0 0 8
8 8 8 8 8 8 8 8 8
8 0 0 8 0 0 8 0 0
0 0 8 0 0 8 0 0 8
8 8 8 8 8 8 8 8 8
8 0 0 8 0 0 8 0 0
0 0 8 0 0 8 0 0 8
8 8 8 8 8 8 8 8 8
8 0 0 8 0 0 8 0 0

Example 5 input (4x4):
0 0 2 0
2 0 2 0
0 2 0 2
2 2 2 0

Example 5 output (16x16):
0 0 2 0 0 0 2 0 0 0 2 0 0 0 2 0
2 0 2 0 2 0 2 0 2 0 2 0 2 0 2 0
0 2 0 2 0 2 0 2 0 2 0 2 0 2 0 2
2 2 2 0 2 2 2 0 2 2 2 0 2 2 2 0
0 0 2 0 0 0 2 0 0 0 2 0 0 0 2 0
2 0 2 0 2 0 2 0 2 0 2 0 2 0 2 0
0 2 0 2 0 2 0 2 0 2 0 2 0 2 0 2
2 2 2 0 2 2 2 0 2 2 2 0 2 2 2 0
0 0 2 0 0 0 2 0 0 0 2 0 0 0 2 0
2 0 2 0 2 0 2 0 2 0 2 0 2 0 2 0
0 2 0 2 0 2 0 2 0 2 0 2 0 2 0 2
2 2 2 0 2 2 2 0 2 2 2 0 2 2 2 0
0 0 2 0 0 0 2 0 0 0 2 0 0 0 2 0
2 0 2 0 2 0 2 0 2 0 2 0 2 0 2 0
0 2 0 2 0 2 0 2 0 2 0 2 0 2 0 2
2 2 2 0 2 2 2 0 2 2 2 0 2 2 2 0

Example 6 input (4x4):
0 7 0 0
7 7 7 7
0 7 0 0
0 7 0 7

Example 6 output (16x16):
0 7 0 0 0 7 0 0 0 7 0 0 0 7 0 0
7 7 7 7 7 7 7 7 7 7 7 7 7 7 7 7
0 7 0 0 0 7 0 0 0 7 0 0 0 7 0 0
0 7 0 7 0 7 0 7 0 7 0 7 0 7 0 7
0 7 0 0 0 7 0 0 0 7 0 0 0 7 0 0
7 7 7 7 7 7 7 7 7 7 7 7 7 7 7 7
0 7 0 0 0 7 0 0 0 7 0 0 0 7 0 0
0 7 0 7 0 7 0 7 0 7 0 7 0 7 0 7
0 7 0 0 0 7 0 0 0 7 0 0 0 7 0 0
7 7 7 7 7 7 7 7 7 7 7 7 7 7 7 7
0 7 0 0 0 7 0 0 0 7 0 0 0 7 0 0
0 7 0 7 0 7 0 7 0 7 0 7 0 7 0 7
0 7 0 0 0 7 0 0 0 7 0 0 0 7 0 0
7 7 7 7 7 7 7 7 7 7 7 7 7 7 7 7
0 7 0 0 0 7 0 0 0 7 0 0 0 7 0 0
0 7 0 7 0 7 0 7 0 7 0 7 0 7 0 7

Test input (5x5):
0 8 8 0 0
8 8 8 8 8
0 8 8 0 0
8 8 8 8 8
0 8 8 0 8
