Example 1 input (11x11):
0 0 0 0 0 0 0 0 0 0 0
0 0 5 0 0 0 0 0 0 0 0
0 0 5 0 0 0 0 4 0 0 0
0 0 5 0 0 0 0 4 0 2 0
0 0 5 0 0 0 0 4 0 2 0
0 0 5 0 0 0 0 0 0 2 0
0 0 0 0 5 0 0 0 0 2 0
0 0 0 0 5 0 0 0 0 0 0
4 0 0 0 5 0 0 0 0 0 0
4 0 0 0 5 0 0 0 0 0 0
4 0 0 0 5 0 0 0 0 0 0

Example 1 output (4x1):
2
2
2
2

Example 2 input (12x12):
0 0 0 0 0 0 0 0 0 0 0 0
0 0 8 2 0 0 0 0 6 6 6 0
0 0 2 8 0 0 0 0 0 0 0 0
0 0 0 0 0 0 0 0 0 0 0 0
0 0 0 0 0 0 0 0 0 0 0 0
0 0 0 0 0 0 0 0 8 2 0 0
6 6 6 0 0 0 0 0 2 8 0 0
0 0 0 0 0 0 0 0 0 0 0 0
0 0 0 0 7 7 0 0 0 0 0 0
0 0 0 0 7 7 0 0 0 0 0 0
0 0 0 0 0 0 0 0 0 0 0 0
0 0 0 0 0 0 0 0 0 0 0 0

Example 2 output (2x2):
7 7
7 7

Example 3 input (13x13):
0 0 0 0 0 0 0 0 0 0 0 0 0
0 0 6 6 6 0 0 0 0 0 0 0 0
0 0 0 6 0 0 0 0 2 2 2 0 0
0 0 0 0 0 0 0 0 2 3 2 0 0
0 0 0 0 0 0 0 0 0 0 0 0 0
0 0 0 0 0 0 0 0 0 2 1 2 0
0 0 0 0 0 0 0 0 0 1 1 1 0
0 2 2 2 0 0 0 0 0 0 0 0 0
0 2 3 2 0 0 0 0 0 0 0 0 0
0 0 0 0 0 0 6 6 6 0 0 0 0
0 0 0 0 0 0 0 6 0 0 0 0 0
0 0 0 0 0 0 0 0 0 0 0 0 0
0 0 0 0 0 0 0 0 0 0 0 0 0

Example 3 output (2x3):
2 1 2
1 1 1

Test input (13x13):
0 0 0 0 0 0 0 0 0 0 0 0 0
0 5 5 5 0 0 0 0 0 0 0 0 0
0 0 0 0 0 0 0 4 8 0 0 0 0
0 0 0 0 0 0 0 8 8 0 0 0 0
0 4 4 0 0 0 0 8 4 0 0 0 0
0 4 4 0 0 0 0 0 0 0 0 0 0
0 0 0 0 0 0 0 0 0 0 0 0 0
0 0 0 0 0 0 0 0 0 0 0 0 0
0 0 4 4 0 0 0 0 0 0 0 0 0
0 0 4 4 0 0 0 0 0 0 0 0 0
0 0 0 0 0 0 0 0 0 5 5 5 0
0 0 0 0 0 0 0 0 0 0 0 0 0
0 0 0 0 0 0 0 0 0 0 0 0 0
