Example 1 input (10x10):
0 0 5 0 0 0 5 0 0 0
0 0 0 0 0 0 5 0 0 0
0 0 0 0 5 0 0 0 0 0
0 0 5 5 5 5 5 5 0 0
0 0 0 5 0 0 0 5 0 0
0 0 0 0 5 5 0 0 0 0
0 0 0 0 0 0 0 0 0 0
0 0 0 0 0 0 0 0 0 0
0 0 0 0 0 0 0 0 0 0
0 0 0 0 0 0 0 0 0 0

Example 1 output (10x10):
0 0 5 0 0 0 5 0 0 0
0 0 0 0 0 0 5 0 0 0
0 0 0 0 5 0 0 0 0 0
0 0 1 1 1 1 1 1 0 0
0 0 0 5 0 0 0 5 0 0
0 0 0 0 1 1 0 0 0 0
0 0 0 0 0 0 0 0 0 0
0 0 0 0 0 0 0 0 0 0
0 0 0 0 0 0 0 0 0 0
0 0 0 0 0 0 0 0 0 0

Example 2 input (10x10):
0 0 0 0 0 0 0 0 0 0
0 0 0 0 5 5 0 0 0 0
0 0 0 0 5 5 0 0 0 0
0 0 0 5 5 5 5 0 0 0
0 0 0 0 5 0 0 5 0 0
5 0 0 0 0 0 0 0 0 5
0 0 0 0 5 5 5 0 0 0
0 5 0 5 5 5 5 0 0 0
0 0 0 5 5 0 0 0 0 0
0 0 0 0 0 0 0 0 0 0

Example 2 output (10x10):
0 0 0 0 0 0 0 0 0 0
0 0 0 0 1 1 0 0 0 0
0 0 0 0 1 1 0 0 0 0
0 0 0 1 1 1 1 0 0 0
0 0 0 0 5 0 0 5 0 0
1 0 0 0 0 0 0 0 0 1
0 0 0 0 1 1 5 0 0 0
0 5 0 1 1 1 1 0 0 0
0 0 0 5 5 0 0 0 0 0
0 0 0 0 0 0 0 0 0 0

Example 3 input (10x10):
0 0 0 0 0 5 0 0 0 0
0 5 0 0 0 0 0 0 5 5
0 0 0 5 5 5 5 0 0 0
0 0 0 0 5 5 0 0 0 0
0 0 0 0 5 0 0 0 0 0
0 0 5 0 0 0 0 5 0 0
0 0 0 0 0 5 0 0 0 0
0 0 5 0 5 5 5 0 0 0
0 5 0 0 5 5 0 0 5 0
5 0 0 0 5 5 0 0 0 5

Example 3 output (10x10):
0 0 0 0 0 5 0 0 0 0
0 1 0 0 0 0 0 0 1 5
0 0 0 1 1 1 1 0 0 0
0 0 0 0 1 1 0 0 0 0
0 0 0 0 5 0 0 0 0 0
0 0 1 0 0 0 0 1 0 0
0 0 0 0 0 5 0 0 0 0
0 0 5 0 1 1 5 0 0 0
0 1 0 0 1 1 0 0 1 0
1 0 0 0 1 1 0 0 0 1

Example 4 input (10x10):
0 0 0 0 0 0 0 0 0 0
0 5 0 0 5 5 0 0 5 0
0 0 0 5 0 0 5 0 0 0
0 0 5 0 0 0 0 5 0 0
0 0 0 5 0 5 0 0 0 0
0 0 0 0 0 5 0 0 0 0
0 0 0 0 5 5 0 0 0 0
5 0 0 0 5 5 0 0 0 5
0 0 0 0 0 0 0 0 0 0
0 0 0 5 0 0 0 0 0 5

Example 4 output (10x10):
0 0 0 0 0 0 0 0 0 0
0 1 0 0 1 1 0 0 1 0
0 0 0 1 0 0 1 0 0 0
0 0 1 0 0 0 0 1 0 0
0 0 0 5 0 5 0 0 0 0
0 0 0 0 0 5 0 0 0 0
0 0 0 0 1 1 0 0 0 0
1 0 0 0 1 1 0 0 0 1
0 0 0 0 0 0 0 0 0 0
0 0 0 5 0 0 0 0 0 5

Test input (10x10):
0 5 0 0 0 0 0 0 5 0
0 0 0 0 5 0 0 0 0 0
0 0 0 0 5 0 0 0 0 0
0 5 0 0 0 0 0 5 0 0
0 0 0 0 5 5 0 0 0 0
0 0 0 0 0 5 0 0 0 0
0 5 0 5 5 5 5 0 5 0
0 0 0 0 5 5 0 0 0 0
0 0 0 5 5 5 5 5 0 0
0 0 5 5 5 5 5 0 0 0
