Example 1 input (3x9):
0 2 0 0 0 0 0 0 0
2 2 0 1 1 0 2 2 2
0 0 0 0 1 0 0 0 0

Example 1 output (3x7):
0 2 1 1 0 0 0
2 2 0 1 2 2 2
0 0 0 0 0 0 0

Example 2 input (3x11):
0 0 0 3 3 0 0 1 0 2 2
2 2 0 0 0 0 1 1 0 0 2
0 2 0 0 0 0 0 0 0 0 0

Example 2 output (3x8):
0 0 0 0 0 0 0 0
2 2 0 0 0 1 2 2
0 2 3 3 1 1 0 2

Example 3 input (3x11):
0 0 0 0 0 0 8 0 0 0 0
2 2 2 0 8 8 8 0 0 0 0
0 0 2 0 0 0 0 0 6 6 6

Example 3 output (3x9):
0 0 0 0 0 0 0 0 0
2 2 2 0 0 8 6 6 6
0 0 2 8 8 8 0 0 0

Example 4 input (3x11):
0 1 1 0 0 0 0 0 2 2 0
1 1 0 0 2 2 0 2 2 0 0
0 0 0 0 0 2 0 0 0 0 0

Example 4 output (3x8):
0 1 1 2 2 0 2 2
1 1 0 0 2 2 2 0
0 0 0 0 0 0 0 0

Test input (3x11):
0 2 0 1 1 0 0 3 0 5 5
2 2 0 0 1 0 3 3 0 0 5
0 0 0 0 1 0 0 0 0 0 0
