Example 1 input (12x4):
0 3 3 3
0 3 0 3
0 0 0 0
3 0 3 3
3 0 0 0
0 3 0 3
0 5 0 5
0 0 0 0
0 0 0 0
5 0 5 0
5 0 0 0
5 5 0 5

Example 1 output (6x4):
0 4 4 4
0 4 0 4
0 0 0 0
4 0 4 4
4 0 0 0
4 4 0 4

Example 2 input (12x4):
3 3 0 3
3 0 3 3
0 3 0 0
0 0 3 0
3 0 3 0
0 0 0 3
5 0 0 0
0 5 5 5
5 0 0 5
0 5 5 5
5 5 5 0
5 0 0 0

Example 2 output (6x4):
4 4 0 4
4 4 4 4
4 4 0 4
0 4 4 4
4 4 4 0
4 0 0 4

Example 3 input (12x4):
3 3 0 0
3 0 0 0
0 0 0 3
0 0 3 3
3 0 0 0
3 3 3 3
0 5 0 0
5 5 0 0
5 0 5 0
5 5 5 5
5 5 5 0
5 0 5 0

Example 3 output (6x4):
4 4 0 0
4 4 0 0
4 0 4 4
4 4 4 4
4 4 4 0
4 4 4 4

Example 4 input (12x4):
3 3 0 0
0 3 3 3
3 3 0 3
0 3 3 0
3 0 3 0
3 0 0 0
0 5 5 5
5 5 5 5
5 5 5 0
5 5 5 5
5 0 0 0
0 5 5 0

Example 4 output (6x4):
4 4 4 4
4 4 4 4
4 4 4 4
4 4 4 4
4 0 4 0
4 4 4 0

Test input (12x4):
3 3 0 3
0 3 0 3
0 0 0 3
3 3 0 3
3 0 3 3
0 3 3 3
0 0 0 0
5 0 0 5
0 0 5 0
5 0 0 5
5 5 5 5
5 5 0 0
