Example 1 input (7x9):
0 6 0 0 0 6 6 0 0
6 6 6 6 6 6 6 6 6
0 6 6 6 6 0 0 0 0
6 6 0 0 0 6 6 0 0
0 6 6 6 0 0 6 0 6
4 0 0 6 6 6 6 0 4
0 6 6 6 0 6 6 0 0

Example 1 output (7x9):
0 6 0 0 0 6 6 0 0
6 6 6 6 6 6 6 6 6
0 6 6 6 6 0 0 0 0
6 6 0 0 0 6 6 0 0
0 6 6 6 0 0 6 0 6
4 8 8 7 7 7 7 8 4
0 6 6 6 0 6 6 0 0

Example 2 input (9x9):
0 6 0 6 6 0 6 0 6
4 7 8 7 8 8 8 8 4
0 6 6 6 6 6 6 6 0
0 0 6 0 6 6 0 0 6
4 8 7 7 7 7 8 8 4
0 0 0 0 6 0 0 0 6
6 0 6 0 6 0 0 6 0
4 7 8 8 7 8 7 7 4
6 6 0 6 0 6 6 0 0

Example 2 output (9x9):
0 6 0 6 6 0 6 0 6
4 6 0 6 0 0 0 0 4
0 6 6 6 6 6 6 6 0
0 0 6 0 6 6 0 0 6
4 0 6 6 6 6 0 0 4
0 0 0 0 6 0 0 0 6
6 0 6 0 6 0 0 6 0
4 6 0 0 6 0 6 6 4
6 6 0 6 0 6 6 0 0

Example 3 input (6x9):
6 0 6 4 6 0 0 4 6
6 0 6 0 0 6 0 0 6
0 6 6 0 0 0 0 6 0
6 6 6 0 0 0 0 6 6
6 0 0 6 6 0 0 0 6
6 6 6 4 0 6 6 4 0

Example 3 output (6x9):
6 0 6 4 6 0 0 4 6
6 0 6 8 0 6 0 8 6
0 6 6 8 0 0 0 7 0
6 6 6 8 0 0 0 7 6
6 0 0 7 6 0 0 8 6
6 6 6 4 0 6 6 4 0

Test input (10x9):
0 4 6 6 0 4 6 4 0
0 6 0 0 0 6 6 6 0
0 0 0 6 0 0 6 6 6
6 6 6 0 0 0 6 0 0
0 6 0 6 0 0 6 0 0
0 6 6 0 6 6 0 6 6
6 6 6 6 0 6 0 6 6
0 6 0 6 6 6 6 6 6
6 0 0 0 6 0 0 6 0
0 4 0 0 6 4 6 4 0
