Example 1 input (8x11):
0 0 0 0 0 0 0 0 0 0 0
0 2 2 2 2 2 2 2 2 0 0
0 2 0 0 0 0 0 0 2 0 0
0 2 0 5 0 0 5 0 2 0 0
0 2 0 0 0 5 0 0 2 0 0
0 2 0 0 0 0 0 0 2 0 0
0 2 2 2 2 2 2 2 2 0 0
0 0 0 0 0 0 0 0 0 0 0

Example 1 output (8x11):
0 0 0 0 0 0 0 0 0 0 0
0 2 2 2 2 2 2 2 2 0 0
0 2 2 2 2 2 2 2 2 0 0
0 2 2 5 0 0 5 2 2 0 0
0 2 2 0 0 5 0 2 2 0 0
0 2 2 2 2 2 2 2 2 0 0
0 2 2 2 2 2 2 2 2 0 0
0 0 0 0 0 0 0 0 0 0 0

Example 2 input (12x11):
0 0 0 0 0 0 0 0 0 0 0
0 2 2 2 2 2 2 2 2 0 0
0 2 0 0 0 0 0 0 2 0 0
0 2 0 0 0 0 0 0 2 0 0
0 2 0 5 0 0 0 0 2 0 0
0 2 0 0 5 0 0 0 2 0 0
0 2 0 0 0 0 0 0 2 0 0
0 2 0 0 0 0 0 0 2 0 0
0 2 2 2 2 2 2 2 2 0 0
0 0 0 0 0 0 0 0 0 0 0
0 0 0 0 0 0 0 0 0 0 0
0 0 0 0 0 0 0 0 0 0 0

Example 2 output (12x11):
0 0 0 0 0 0 0 0 0 0 0
0 2 2 2 2 2 2 2 2 0 0
0 2 2 2 2 2 2 2 2 0 0
0 2 2 2 2 2 2 2 2 0 0
0 2 2 5 0 2 2 2 2 0 0
0 2 2 0 5 2 2 2 2 0 0
0 2 2 2 2 2 2 2 2 0 0
0 2 2 2 2 2 2 2 2 0 0
0 2 2 2 2 2 2 2 2 0 0
0 0 0 0 0 0 0 0 0 0 0
0 0 0 0 0 0 0 0 0 0 0
0 0 0 0 0 0 0 0 0 0 0

Example 3 input (12x12):
0 0 0 0 0 0 0 0 0 0 0 0
0 2 2 2 2 2 2 2 2 2 2 0
0 2 0 0 0 0 0 0 0 0 2 0
0 2 0 0 0 0 0 0 0 0 2 0
0 2 0 0 5 0 0 0 0 0 2 0
0 2 0 0 0 0 5 0 0 0 2 0
0 2 0 0 5 0 0 5 0 0 2 0
0 2 0 0 0 0 0 0 0 0 2 0
0 2 2 2 2 2 2 2 2 2 2 0
0 0 0 0 0 0 0 0 0 0 0 0
0 0 0 0 0 0 0 0 0 0 0 0
0 0 0 0 0 0 0 0 0 0 0 0

Example 3 output (12x12):
0 0 0 0 0 0 0 0 0 0 0 0
0 2 2 2 2 2 2 2 2 2 2 0
0 2 2 2 2 2 2 2 2 2 2 0
0 2 2 2 2 2 2 2 2 2 2 0
0 2 2 2 5 0 0 0 2 2 2 0
0 2 2 2 0 0 5 0 2 2 2 0
0 2 2 2 5 0 0 5 2 2 2 0
0 2 2 2 2 2 2 2 2 2 2 0
0 2 2 2 2 2 2 2 2 2 2 0
0 0 0 0 0 0 0 0 0 0 0 0
0 0 0 0 0 0 0 0 0 0 0 0
0 0 0 0 0 0 0 0 0 0 0 0

Test input (13x12):
0 0 0 0 0 0 0 0 0 0 0 0
0 0 2 2 2 2 2 2 2 2 2 0
0 0 2 0 0 0 0 0 0 0 2 0
0 0 2 0 5 0 0 0 0 0 2 0
0 0 2 0 0 0 0 5 0 0 2 0
0 0 2 0 0 0 5 0 0 0 2 0
0 0 2 0 0 5 0 0 0 0 2 0
0 0 2 0 0 0 0 0 0 0 2 0
0 0 2 0 0 0 0 0 0 0 2 0
0 0 2 2 2 2 2 2 2 2 2 0
0 0 0 0 0 0 0 0 0 0 0 0
0 0 0 0 0 0 0 0 0 0 0 0
0 0 0 0 0 0 0 0 0 0 0 0
