Example 1 input (13x16):
5 0 5 0 5 5 5 5 5 5 5 0 5 0 5 5
0 5 5 0 5 5 5 0 5 0 0 5 0 0 5 5
5 5 5 0 0 0 0 0 0 0 0 0 0 5 5 0
5 5 0 0 0 0 0 0 0 0 0 5 0 5 5 0
5 0 5 0 0 0 0 0 0 0 0 5 5 5 0 0
5 5 5 0 0 0 0 3 0 0 0 0 0 5 0 0
0 5 0 0 0 0 0 0 0 0 0 5 5 0 5 0
0 5 5 0 0 0 0 0 0 0 0 0 5 5 5 5
0 5 0 0 0 0 0 0 0 0 0 5 5 5 5 5
0 5 5 5 0 5 5 5 5 5 0 5 0 5 0 0
5 5 5 5 0 5 0 5 0 0 0 5 0 5 0 0
0 5 5 0 0 5 0 5 0 0 0 0 5 5 0 5
5 5 0 5 5 5 5 5 5 0 5 5 5 5 0 5

Example 1 output (13x16):
5 0 5 0 5 5 5 5 5 5 5 0 5 0 5 5
0 5 5 3 5 5 5 3 5 3 0 5 0 3 5 5
5 5 5 0 0 0 0 0 0 0 0 0 0 5 5 0
5 5 0 3 0 3 0 3 0 3 0 5 0 5 5 3
5 0 5 0 0 0 0 0 0 0 0 5 5 5 0 0
5 5 5 3 0 3 0 3 0 3 0 3 0 5 0 3
0 5 0 0 0 0 0 0 0 0 0 5 5 0 5 0
0 5 5 3 0 3 0 3 0 3 0 3 5 5 5 5
0 5 0 0 0 0 0 0 0 0 0 5 5 5 5 5
0 5 5 5 0 5 5 5 5 5 0 5 0 5 0 3
5 5 5 5 0 5 0 5 0 0 0 5 0 5 0 0
0 5 5 3 0 5 0 5 0 3 0 3 5 5 0 5
5 5 0 5 5 5 5 5 5 0 5 5 5 5 0 5

Example 2 input (13x13):
0 0 5 0 5 5 5 0 5 0 5 5 5
5 5 0 5 0 0 5 5 0 5 5 5 5
5 0 5 0 0 0 0 0 0 0 0 0 0
5 0 0 0 0 0 0 0 0 0 0 0 0
5 5 5 0 0 1 0 0 0 0 0 5 5
0 5 5 0 0 0 0 0 0 0 0 5 5
0 5 5 0 0 0 0 0 0 0 0 0 5
5 0 5 0 0 0 0 0 0 0 0 0 5
5 5 5 0 0 0 0 0 0 0 0 0 0
0 0 0 0 0 0 0 0 0 0 0 5 5
0 0 5 5 0 5 0 5 0 5 5 5 5
5 5 5 0 5 5 5 5 5 5 5 5 5
5 5 0 5 0 5 5 5 5 0 5 0 5

Example 2 output (13x13):
0 1 5 1 5 5 5 1 5 1 5 5 5
5 5 0 5 0 0 5 5 0 5 5 5 5
5 1 5 1 0 1 0 1 0 1 0 1 0
5 0 0 0 0 0 0 0 0 0 0 0 0
5 5 5 1 0 1 0 1 0 1 0 5 5
0 5 5 0 0 0 0 0 0 0 0 5 5
0 5 5 1 0 1 0 1 0 1 0 1 5
5 0 5 0 0 0 0 0 0 0 0 0 5
5 5 5 1 0 1 0 1 0 1 0 1 0
0 0 0 0 0 0 0 0 0 0 0 5 5
0 1 5 5 0 5 0 5 0 5 5 5 5
5 5 5 0 5 5 5 5 5 5 5 5 5
5 5 0 5 0 5 5 5 5 1 5 1 5

Test input (15x17):
5 5 5 5 5 5 5 5 5 5 5 0 5 0 0 5 0
0 5 5 0 0 0 0 0 0 0 0 0 0 0 0 5 5
0 5 5 0 0 0 0 0 0 0 0 0 0 0 0 5 5
5 0 5 0 0 0 0 0 0 0 0 0 0 0 0 0 0
0 5 5 0 0 0 0 0 0 0 0 0 0 0 0 0 5
0 5 0 0 0 0 0 0 0 0 0 0 0 0 0 5 0
5 5 5 0 0 0 0 0 0 0 0 0 0 0 0 5 0
5 5 5 0 0 0 0 0 0 0 0 0 0 0 0 5 5
5 5 5 0 0 0 0 0 0 0 0 0 0 0 0 5 0
5 5 5 0 0 0 0 0 2 0 0 0 0 0 0 0 5
0 5 5 0 0 0 0 0 0 0 0 0 0 0 0 0 5
5 5 5 0 0 0 0 0 0 0 0 0 0 0 0 5 5
0 0 5 5 5 5 0 5 0 5 5 5 5 5 5 5 0
0 5 5 0 0 0 0 0 5 5 0 5 5 0 5 5 5
0 0 5 0 0 5 0 5 0 0 5 0 5 5 0 0 5
