Example 1 input (3x3):
1 1 1
6 6 6
6 1 6

Example 1 output (6x6):
1 1 1 1 1 1
1 1 1 1 1 1
6 6 6 6 6 6
6 6 6 6 6 6
6 6 1 1 6 6
6 6 1 1 6 6

Example 2 input (3x3):
4 4 7
8 7 7
8 8 4

Example 2 output (9x9):
4 4 4 4 4 4 7 7 7
4 4 4 4 4 4 7 7 7
4 4 4 4 4 4 7 7 7
8 8 8 7 7 7 7 7 7
8 8 8 7 7 7 7 7 7
8 8 8 7 7 7 7 7 7
8 8 8 8 8 8 4 4 4
8 8 8 8 8 8 4 4 4
8 8 8 8 8 8 4 4 4

Example 3 input (3x3):
4 2 8
2 2 5
8 5 4

Example 3 output (12x12):
4 4 4 4 2 2 2 2 8 8 8 8
4 4 4 4 2 2 2 2 8 8 8 8
4 4 4 4 2 2 2 2 8 8 8 8
4 4 4 4 2 2 2 2 8 8 8 8
2 2 2 2 2 2 2 2 5 5 5 5
2 2 2 2 2 2 2 2 5 5 5 5
2 2 2 2 2 2 2 2 5 5 5 5
2 2 2 2 2 2 2 2 5 5 5 5
8 8 8 8 5 5 5 5 4 4 4 4
8 8 8 8 5 5 5 5 4 4 4 4
8 8 8 8 5 5 5 5 4 4 4 4
8 8 8 8 5 5 5 5 4 4 4 4

Example 4 input (3x3):
8 8 8
8 8 8
8 8 8

Example 4 output (3x3):
8 8 8
8 8 8
8 8 8

Example 5 input (3x3):
3 3 3
3 3 3
3 3 3

Example 5 output (3x3):
3 3 3
3 3 3
3 3 3

Example 6 input (3x3):
3 6 6
3 6 6
3 3 3

Example 6 output (6x6):
3 3 6 6 6 6
3 3 6 6 6 6
3 3 6 6 6 6
3 3 6 6 6 6
3 3 3 3 3 3
3 3 3 3 3 3

Example 7 input (3x3):
2 2 4
4 4 4
2 4 2

Example 7 output (6x6):
2 2 2 2 4 4
2 2 2 2 4 4
4 4 4 4 4 4
4 4 4 4 4 4
2 2 4 4 2 2
2 2 4 4 2 2

Test input (3x3):
7 1 7
3 3 6
8 8 6
