Example 1 input (25x25):
0 8 8 8 8 8 8 8 8 8 8 8 0 0 0 0 0 0 0 0 0 0 0 0 0
0 8 0 0 0 0 0 0 0 8 8 8 0 0 0 0 0 0 0 0 0 0 0 0 0
0 8 0 0 0 0 0 0 0 8 8 8 0 0 0 0 0 0 0 0 0 0 0 0 0
0 8 0 0 0 0 5 0 0 8 8 8 0 0 0 0 1 1 1 1 1 1 0 0 0
0 8 0 0 5 0 0 0 0 8 8 8 0 0 0 0 1 0 5 0 0 1 0 0 0
0 8 0 5 0 0 0 0 0 8 8 8 0 0 0 0 1 0 0 0 0 1 0 0 0
0 8 0 0 0 0 0 5 0 8 8 8 0 0 0 0 1 0 0 5 0 1 0 0 0
0 8 0 0 0 0 0 0 0 8 8 8 0 0 0 0 1 1 1 1 1 1 0 0 0
0 8 8 8 8 8 8 8 8 8 8 8 0 0 0 0 0 0 0 0 0 0 0 0 0
0 8 8 8 8 8 8 8 8 8 8 8 0 0 0 0 0 0 0 0 0 0 0 0 0
0 0 0 0 0 0 0 0 0 0 0 0 0 0 0 0 0 0 0 0 0 0 0 0 0
0 0 0 0 7 7 7 7 7 7 7 7 7 7 7 7 7 7 7 7 7 7 7 0 0
0 0 0 0 7 7 0 0 0 0 0 0 0 0 0 0 0 0 0 0 0 7 7 0 0
0 0 0 0 7 7 0 0 0 0 0 0 0 0 0 0 0 0 0 0 0 7 7 0 0
0 0 0 0 7 7 0 0 5 0 0 0 0 0 5 0 0 0 0 5 0 7 7 0 0
0 0 0 0 7 7 0 0 0 0 0 0 0 0 0 0 0 0 0 0 0 7 7 0 0
0 0 0 0 7 7 0 0 0 0 5 0 0 0 0 0 5 0 0 0 0 7 7 0 0
0 0 0 0 7 7 0 0 0 0 0 0 0 0 0 0 0 0 0 0 0 7 7 0 0
0 0 0 0 7 7 0 0 5 0 0 0 0 0 0 0 0 0 0 0 0 7 7 0 0
0 0 0 0 7 7 0 0 0 0 0 0 5 0 0 0 5 0 0 0 0 7 7 0 0
0 0 0 0 7 7 0 0 0 0 0 0 0 0 0 0 0 0 0 0 0 7 7 0 0
0 0 0 0 7 7 0 0 0 0 0 0 0 0 0 0 0 0 0 0 0 7 7 0 0
0 0 0 0 7 7 7 7 7 7 7 7 7 7 7 7 7 7 7 7 7 7 7 0 0
0 0 0 0 0 0 0 0 0 0 0 0 0 0 0 0 0 0 0 0 0 0 0 0 0
0 0 0 0 0 0 0 0 0 0 0 0 0 0 0 0 0 0 0 0 0 0 0 0 0

Example 1 output (3x8):
1 1 0 0 0 0 0 0
8 8 8 8 0 0 0 0
7 7 7 7 7 7 7 7

Example 2 input (20x20):
0 0 0 0 0 0 0 0 0 0 0 0 0 0 0 0 0 0 0 0
0 0 0 0 0 6 6 6 6 6 6 6 6 6 6 6 6 0 0 0
0 0 0 0 0 6 0 0 0 0 0 0 0 0 0 6 6 0 0 0
0 0 0 0 0 6 0 0 0 0 0 5 0 0 0 6 6 0 0 0
0 0 0 0 0 6 0 0 5 0 5 0 0 0 0 6 6 0 0 0
0 0 0 0 0 6 0 0 0 0 0 0 0 0 0 6 6 0 0 0
0 0 0 0 0 6 0 0 0 0 0 0 0 5 0 6 6 0 0 0
0 0 0 0 0 6 6 6 6 6 6 6 6 6 6 6 6 0 0 0
0 0 0 0 0 6 6 6 6 6 6 6 6 6 6 6 6 0 0 0
0 0 0 0 0 0 0 0 0 0 0 0 0 0 0 0 0 0 0 0
0 0 0 0 0 0 0 0 0 0 0 0 0 0 0 0 0 0 0 0
0 0 0 0 0 0 0 0 0 0 0 0 0 0 0 0 0 0 0 0
0 2 2 2 2 2 2 2 2 2 0 0 0 0 0 0 0 0 0 0
0 2 2 0 0 0 0 0 0 2 0 0 0 0 0 0 0 0 0 0
0 2 2 0 0 5 0 0 0 2 0 0 0 0 0 0 0 0 0 0
0 2 2 0 0 0 0 0 0 2 0 0 0 0 0 0 0 0 0 0
0 2 2 5 0 5 0 0 0 2 0 0 0 0 0 0 0 0 0 0
0 2 2 0 0 0 0 0 0 2 0 0 0 0 0 0 0 0 0 0
0 2 2 0 0 0 0 0 0 2 0 0 0 0 0 0 0 0 0 0
0 2 2 2 2 2 2 2 2 2 0 0 0 0 0 0 0 0 0 0

Example 2 output (2x4):
2 2 2 0
6 6 6 6

Example 3 input (20x20):
0 0 3 3 3 3 3 3 3 3 3 0 0 0 0 0 0 0 0 0
0 0 3 0 0 0 0 0 0 0 3 0 0 8 8 8 8 8 0 0
0 0 3 0 0 5 0 0 0 0 3 0 0 8 0 0 0 8 0 0
0 0 3 5 0 5 0 0 0 0 3 0 0 8 5 0 0 8 0 0
0 0 3 0 0 0 0 0 5 0 3 0 0 8 0 5 0 8 0 0
0 0 3 0 0 0 0 0 0 0 3 0 0 8 0 0 0 8 0 0
0 0 3 3 3 3 3 3 3 3 3 0 0 8 8 8 8 8 0 0
0 0 0 0 0 0 0 0 0 0 0 0 0 0 0 0 0 0 0 0
0 0 0 0 0 0 0 0 0 0 0 0 0 0 0 0 0 0 0 0
0 0 0 0 0 0 0 0 0 0 0 4 4 4 4 4 4 4 4 4
0 2 2 2 2 2 2 2 2 0 0 4 4 4 4 4 4 4 4 4
0 2 0 0 0 0 5 0 2 0 0 4 0 0 0 0 0 0 0 4
0 2 0 5 0 0 0 0 2 0 0 4 0 5 0 5 0 0 0 4
0 2 0 5 0 5 0 0 2 0 0 4 0 0 0 0 5 0 5 4
0 2 0 0 0 0 0 5 2 0 0 4 0 0 0 0 0 0 0 4
0 2 0 0 0 0 0 0 2 0 0 4 0 0 5 0 5 0 0 4
0 2 2 2 2 2 2 2 2 0 0 4 0 0 0 0 0 0 0 4
0 2 2 2 2 2 2 2 2 0 0 4 4 4 4 4 4 4 4 4
0 2 2 2 2 2 2 2 2 0 0 0 0 0 0 0 0 0 0 0
0 0 0 0 0 0 0 0 0 0 0 0 0 0 0 0 0 0 0 0

Example 3 output (4x6):
8 8 0 0 0 0
3 3 3 3 0 0
2 2 2 2 2 0
4 4 4 4 4 4

Test input (21x21):
0 0 0 0 0 0 0 0 0 0 0 0 0 0 0 0 0 0 0 0 0
0 0 0 0 0 0 0 0 0 0 0 0 0 0 0 0 0 0 0 0 0
6 6 6 6 6 6 6 6 6 6 6 6 0 0 0 0 0 0 0 0 0
6 6 6 6 6 6 6 6 6 6 6 6 0 0 0 0 0 0 0 0 0
6 6 0 0 0 0 5 0 6 6 6 6 0 0 0 0 0 0 0 0 0
6 6 5 0 5 0 0 0 6 6 6 6 0 0 0 0 0 0 0 0 0
6 6 0 0 0 0 5 0 6 6 6 6 0 8 8 8 8 8 8 8 8
6 6 6 6 6 6 6 6 6 6 6 6 0 8 0 0 0 0 0 0 8
6 6 6 6 6 6 6 6 6 6 6 6 0 8 0 0 0 5 5 0 8
0 0 0 0 0 0 0 0 0 0 0 0 0 8 0 5 0 0 0 0 8
0 0 0 0 0 0 0 0 0 0 0 0 0 8 0 5 0 0 0 0 8
0 0 0 0 0 0 0 0 0 0 0 0 0 8 0 0 0 5 0 0 8
0 0 2 2 2 2 2 2 2 2 2 0 0 8 0 0 0 0 0 5 8
0 0 2 2 2 2 2 2 2 2 2 0 0 8 0 5 0 5 0 0 8
0 0 2 2 0 0 0 0 0 2 2 0 0 8 0 0 0 0 0 0 8
0 0 2 2 0 5 0 0 5 2 2 0 0 8 8 8 8 8 8 8 8
0 0 2 2 0 0 0 0 0 2 2 0 0 8 8 8 8 8 8 8 8
0 0 2 2 0 0 0 5 0 2 2 0 0 0 0 0 0 0 0 0 0
0 0 2 2 0 0 0 0 0 2 2 0 0 0 0 0 0 0 0 0 0
0 0 2 2 2 2 2 2 2 2 2 0 0 0 0 0 0 0 0 0 0
0 0 2 2 2 2 2 2 2 2 2 0 0 0 0 0 0 0 0 0 0
