Example 1 input (21x16):
0 0 0 0 0 0 0 0 0 0 0 0 0 0 0 0
0 0 0 0 0 0 0 0 0 0 0 0 0 0 0 0
0 0 0 8 0 8 0 0 0 0 0 0 0 0 0 0
0 0 0 0 8 0 0 0 0 0 2 0 2 0 0 0
0 0 0 8 8 8 0 0 0 2 2 2 2 2 0 0
0 0 8 8 0 8 8 0 0 0 0 2 0 0 0 0
0 0 0 0 0 0 0 0 0 0 2 2 0 0 0 0
0 0 0 0 0 0 0 0 0 0 0 0 0 0 0 0
0 0 0 0 0 0 0 0 0 0 0 0 0 0 0 0
0 0 0 0 0 0 0 0 0 0 0 0 0 1 0 0
0 0 0 0 0 0 0 0 0 0 0 0 1 1 1 1
0 0 0 0 7 7 0 7 7 0 0 0 0 1 1 0
0 0 0 0 0 7 0 7 0 0 0 0 0 0 0 0
0 0 0 0 0 7 7 7 7 0 0 0 0 0 0 0
0 0 0 0 7 7 7 7 7 0 0 0 0 0 0 0
0 0 0 0 0 0 0 0 0 0 0 0 0 0 0 0
0 0 0 0 0 0 0 0 0 0 0 0 0 0 0 0
0 0 0 0 0 0 0 0 0 6 0 0 0 0 0 0
0 0 0 0 0 0 0 6 6 0 6 6 0 0 0 0
0 0 0 0 0 0 0 6 6 0 6 0 0 0 0 0
0 0 0 0 0 0 0 0 0 6 0 0 0 0 0 0

Example 1 output (4x5):
0 8 0 8 0
0 0 8 0 0
0 8 8 8 0
8 8 0 8 8

Example 2 input (22x17):
0 0 0 0 0 0 0 0 0 0 0 0 0 0 0 0 0
0 0 0 0 0 0 0 0 0 0 0 0 0 0 0 0 0
0 0 0 2 0 0 0 0 0 0 0 0 0 0 0 0 0
0 0 2 2 2 0 0 0 0 0 0 0 0 0 0 0 0
0 2 2 0 2 2 0 0 0 0 0 0 0 0 0 0 0
0 0 2 0 0 0 0 0 0 0 0 0 0 0 0 0 0
0 0 0 0 0 0 0 0 0 0 0 0 0 0 0 0 0
0 0 0 0 0 0 0 0 0 3 3 0 3 0 0 0 0
0 0 0 0 0 0 0 0 0 3 3 0 3 3 0 0 0
0 0 0 0 0 0 0 0 3 0 3 3 3 0 3 0 0
4 0 0 4 0 0 0 0 0 0 3 0 3 0 0 0 0
4 4 4 4 0 0 0 0 0 0 0 0 0 0 0 0 0
0 4 4 0 0 0 0 0 0 0 0 0 0 0 0 0 0
4 4 4 4 0 0 0 0 0 0 0 0 0 0 0 0 0
0 4 4 0 0 0 0 0 0 0 0 0 0 0 0 0 0
0 4 0 0 0 0 0 0 1 0 0 0 0 0 0 0 0
0 0 0 0 0 0 0 1 1 1 0 0 0 0 0 0 0
0 0 0 0 0 0 1 1 0 1 1 0 0 0 0 0 0
0 0 0 0 0 1 1 0 0 0 1 1 0 0 0 0 0
0 0 0 0 0 0 1 1 0 1 1 0 0 0 0 0 0
0 0 0 0 0 0 0 0 1 0 0 0 0 0 0 0 0
0 0 0 0 0 0 0 0 0 0 0 0 0 0 0 0 0

Example 2 output (6x7):
0 0 0 1 0 0 0
0 0 1 1 1 0 0
0 1 1 0 1 1 0
1 1 0 0 0 1 1
0 1 1 0 1 1 0
0 0 0 1 0 0 0

Example 3 input (21x19):
0 0 0 0 0 0 0 0 0 0 0 0 0 0 0 0 0 0 0
0 0 0 0 0 0 0 0 0 0 0 0 0 0 0 0 0 0 0
0 0 6 6 0 6 6 0 0 0 0 0 3 0 0 0 0 0 0
0 0 0 6 6 6 0 0 0 0 0 3 3 3 3 3 0 0 0
0 0 0 6 0 6 0 0 0 0 3 3 0 3 0 3 3 0 0
0 0 0 0 0 0 0 0 0 0 0 0 0 3 0 0 0 0 0
0 0 0 0 0 0 0 0 0 0 0 0 0 0 0 0 0 0 0
0 0 0 0 0 0 0 0 0 0 0 0 0 0 0 0 0 0 0
0 0 0 0 0 0 0 0 0 0 0 0 0 0 0 0 0 0 0
0 0 0 0 0 1 0 1 0 0 0 0 0 0 0 0 0 0 0
0 0 0 0 1 0 1 0 1 0 0 0 0 0 0 0 0 0 0
0 0 0 0 1 1 1 1 0 0 0 0 0 0 0 0 0 0 0
0 0 0 0 0 0 0 0 0 0 0 0 0 0 0 0 0 0 0
0 0 0 0 0 0 0 0 0 0 0 0 0 7 7 0 0 0 0
0 0 0 0 0 0 0 0 0 0 0 0 7 0 7 7 0 0 0
0 0 0 0 0 0 0 0 0 0 0 0 0 0 0 0 0 0 0
0 0 0 0 0 4 4 4 0 0 0 0 0 0 0 0 0 0 0
0 0 0 0 0 4 0 4 0 0 0 0 0 0 0 0 0 0 0
0 0 0 0 4 4 0 4 4 0 0 0 0 0 0 0 0 0 0
0 0 0 0 4 0 0 0 4 0 0 0 0 0 0 0 0 0 0
0 0 0 0 0 4 0 0 0 0 0 0 0 0 0 0 0 0 0

Example 3 output (3x5):
6 6 0 6 6
0 6 6 6 0
0 6 0 6 0

Test input (22x20):
0 0 0 0 0 0 0 0 0 0 0 0 0 0 0 0 0 0 0 0
0 0 0 0 0 0 0 0 0 0 0 0 0 0 0 0 0 0 0 0
0 0 0 1 1 0 0 0 0 0 0 0 0 0 0 0 0 0 0 0
0 0 1 1 1 0 0 0 0 0 0 0 0 0 0 0 0 0 0 0
0 1 0 0 0 1 0 0 0 0 0 0 0 0 0 0 0 0 0 0
0 0 1 1 1 0 0 0 0 0 0 0 0 0 0 0 0 0 0 0
0 1 0 1 0 1 0 0 0 0 0 2 0 0 0 0 0 0 0 0
0 0 0 0 0 0 0 0 2 2 2 2 2 2 2 0 0 0 0 0
0 0 0 0 0 0 0 0 0 2 0 2 0 2 0 0 0 0 0 0
0 0 0 0 0 0 0 2 2 2 2 2 2 2 2 2 0 0 0 0
0 0 0 0 0 0 0 0 0 0 2 0 2 0 0 0 0 0 0 0
0 0 0 0 0 0 0 0 0 0 0 2 0 0 0 0 0 0 0 0
0 0 0 0 0 0 0 0 0 0 0 0 0 0 0 0 8 0 0 0
0 0 0 0 0 0 0 0 0 0 0 0 0 0 8 8 0 8 8 0
0 0 0 4 4 0 0 4 4 0 0 0 0 0 0 8 0 8 0 0
0 0 4 0 0 0 0 0 0 4 0 0 0 0 0 8 8 8 0 0
0 0 0 4 4 0 0 4 4 0 0 0 0 0 8 8 8 8 8 0
0 0 0 4 0 4 4 0 0 0 0 0 0 0 0 0 8 0 0 0
0 0 0 0 4 4 4 4 0 0 0 0 0 0 0 8 8 8 0 0
0 0 4 4 0 4 4 0 4 4 0 0 0 0 0 8 0 0 0 0
0 0 0 0 0 4 4 0 0 0 0 0 0 0 0 0 0 0 0 0
0 0 0 0 0 0 0 0 0 0 0 0 0 0 0 0 0 0 0 0
