Example 1 input (15x15):
0 0 0 0 0 0 0 0 0 0 0 0 0 0 0
0 0 0 2 0 0 0 0 0 0 0 0 0 0 0
0 0 2 2 2 0 0 0 0 0 0 0 0 0 0
0 0 0 0 0 0 0 0 0 0 0 0 0 0 0
0 0 0 0 0 0 0 2 2 2 0 0 0 0 0
2 2 2 0 0 0 0 0 2 0 0 0 0 0 0
0 2 0 0 0 0 0 0 0 0 0 0 0 0 0
0 0 0 0 0 0 0 0 0 0 0 0 0 0 0
0 0 0 0 0 2 2 2 0 0 0 0 0 0 0
0 0 2 0 0 0 2 0 0 0 0 0 0 2 0
0 2 2 2 0 0 0 0 0 0 0 0 2 2 2
0 0 0 0 0 0 0 0 0 0 0 0 0 0 0
0 0 0 0 0 0 2 2 2 0 0 0 0 0 0
0 0 0 0 0 0 0 2 0 0 0 0 0 0 0
0 0 0 0 0 0 0 0 0 0 0 0 0 0 0

Example 1 output (3x6):
3 0 3 1 0 1
0 0 0 0 0 0
3 0 0 1 0 1

Example 2 input (5x4):
2 2 2 0
0 2 0 0
0 0 0 0
0 2 0 0
2 2 2 0

Example 2 output (3x6):
3 0 0 1 0 0
0 0 0 0 0 0
0 0 0 0 0 0

Example 3 input (6x5):
2 2 2 0 0
0 2 0 0 0
0 0 0 0 0
0 0 2 2 2
0 2 0 2 0
2 2 2 0 0

Example 3 output (3x6):
3 0 0 1 0 0
0 0 0 0 0 0
0 0 0 1 0 0

Example 4 input (6x7):
0 2 0 0 2 2 2
2 2 2 0 0 2 0
0 0 0 0 0 0 0
0 0 0 0 2 2 2
0 0 2 0 0 2 0
0 2 2 2 0 0 0

Example 4 output (3x6):
3 0 0 1 0 0
0 0 0 0 0 0
3 0 0 1 0 0

Example 5 input (8x7):
0 2 2 2 0 0 0
0 0 2 0 0 0 0
0 0 0 0 0 2 0
2 2 2 0 2 2 2
0 2 0 0 0 0 0
0 0 0 0 0 0 0
0 0 2 2 2 0 0
0 0 0 2 0 0 0

Example 5 output (3x6):
3 0 0 1 0 1
0 0 0 0 0 0
0 0 0 1 0 0

Example 6 input (8x7):
0 0 0 0 0 0 0
2 2 2 0 0 0 0
0 2 0 0 0 2 0
0 0 0 0 2 2 2
0 0 0 0 0 0 0
0 0 2 0 0 0 0
0 2 2 2 0 2 0
0 0 0 0 2 2 2

Example 6 output (3x6):
3 0 3 1 0 0
0 0 0 0 0 0
3 0 0 0 0 0

Example 7 input (8x7):
0 2 0 0 0 0 0
2 2 2 0 0 2 0
0 0 0 0 2 2 2
0 0 2 0 0 0 0
0 2 2 2 0 0 0
0 0 0 0 2 2 2
0 2 0 0 0 2 0
2 2 2 0 0 0 0

Example 7 output (3x6):
3 0 3 1 0 0
0 0 0 0 0 0
3 0 3 0 0 0

Test 1 input (10x9):
0 0 0 0 0 0 2 2 2
0 2 0 0 0 0 0 2 0
2 2 2 0 0 2 0 0 0
0 0 0 0 2 2 2 0 0
0 0 0 2 0 0 0 0 0
0 0 2 2 2 0 2 2 2
0 0 0 0 0 0 0 2 0
2 2 2 0 0 0 0 0 0
0 2 0 0 2 2 2 0 0
0 0 0 0 0 2 0 0 0

Test 2 input (10x11):
0 0 0 0 0 0 0 0 0 0 0
0 0 2 0 0 0 0 0 0 0 0
0 2 2 2 0 0 0 2 2 2 0
0 0 0 0 0 0 0 0 2 0 0
0 0 2 2 2 0 0 0 0 0 0
0 0 0 2 0 0 0 0 0 0 0
0 0 0 0 0 0 2 2 2 0 0
0 0 2 0 0 0 0 2 0 0 0
0 2 2 2 0 0 0 0 0 0 0
0 0 0 0 0 0 0 0 0 0 0
