Example 1 input (17x25):
0 0 0 0 0 0 0 0 0 0 0 0 0 0 0 0 0 0 0 0 0 0 0 0 0
0 1 0 1 0 0 1 0 0 8 8 8 0 1 0 1 0 1 1 1 0 0 1 0 0
0 0 1 0 0 1 1 1 0 8 0 8 0 0 1 0 0 1 0 1 0 1 1 1 0
0 1 0 1 0 0 1 0 0 8 8 8 0 1 0 1 0 1 1 1 0 0 1 0 0
0 0 0 0 0 0 0 0 0 0 0 0 0 0 0 0 0 0 0 0 0 0 0 0 0
0 0 1 0 0 1 0 1 0 1 0 1 0 1 1 1 0 0 1 0 0 1 0 1 0
0 1 1 1 0 0 1 0 0 0 1 0 0 1 0 1 0 1 1 1 0 0 1 0 0
0 0 1 0 0 1 0 1 0 1 0 1 0 1 1 1 0 0 1 0 0 1 0 1 0
0 0 0 0 0 0 0 0 0 0 0 0 0 0 0 0 0 0 0 0 0 0 0 0 0
0 1 0 1 0 1 1 1 0 0 1 0 0 1 0 1 0 1 0 1 0 1 1 1 0
0 1 1 1 0 1 0 1 0 1 1 1 0 0 1 0 0 1 1 1 0 1 0 1 0
0 1 0 1 0 1 1 1 0 0 1 0 0 1 0 1 0 1 0 1 0 1 1 1 0
0 0 0 0 0 0 0 0 0 0 0 0 0 0 0 0 0 0 0 0 0 0 0 0 0
0 1 0 1 0 1 0 1 0 1 0 1 0 0 1 0 0 1 1 1 0 1 0 1 0
0 0 1 0 0 1 1 1 0 1 1 1 0 1 1 1 0 1 0 1 0 0 1 0 0
0 1 0 1 0 1 0 1 0 1 0 1 0 0 1 0 0 1 1 1 0 1 0 1 0
0 0 0 0 0 0 0 0 0 0 0 0 0 0 0 0 0 0 0 0 0 0 0 0 0

Example 1 output (17x25):
0 0 0 0 0 0 0 0 0 0 0 0 0 0 0 0 0 0 0 0 0 0 0 0 0
0 1 0 1 0 0 1 0 0 8 8 8 0 7 0 7 0 8 8 8 0 0 1 0 0
0 0 1 0 0 1 1 1 0 8 0 8 0 0 7 0 0 8 0 8 0 1 1 1 0
0 1 0 1 0 0 1 0 0 8 8 8 0 7 0 7 0 8 8 8 0 0 1 0 0
0 0 0 0 0 0 0 0 0 0 0 0 0 0 0 0 0 0 0 0 0 0 0 0 0
0 0 1 0 0 1 0 1 0 1 0 1 0 8 8 8 0 0 7 0 0 1 0 1 0
0 1 1 1 0 0 1 0 0 0 1 0 0 8 0 8 0 7 7 7 0 0 1 0 0
0 0 1 0 0 1 0 1 0 1 0 1 0 8 8 8 0 0 7 0 0 1 0 1 0
0 0 0 0 0 0 0 0 0 0 0 0 0 0 0 0 0 0 0 0 0 0 0 0 0
0 1 0 1 0 8 8 8 0 0 7 0 0 7 0 7 0 7 0 7 0 8 8 8 0
0 1 1 1 0 8 0 8 0 7 7 7 0 0 7 0 0 7 7 7 0 8 0 8 0
0 1 0 1 0 8 8 8 0 0 7 0 0 7 0 7 0 7 0 7 0 8 8 8 0
0 0 0 0 0 0 0 0 0 0 0 0 0 0 0 0 0 0 0 0 0 0 0 0 0
0 1 0 1 0 1 0 1 0 1 0 1 0 0 1 0 0 8 8 8 0 1 0 1 0
0 0 1 0 0 1 1 1 0 1 1 1 0 1 1 1 0 8 0 8 0 0 1 0 0
0 1 0 1 0 1 0 1 0 1 0 1 0 0 1 0 0 8 8 8 0 1 0 1 0
0 0 0 0 0 0 0 0 0 0 0 0 0 0 0 0 0 0 0 0 0 0 0 0 0

Example 2 input (17x25):
0 0 0 0 0 0 0 0 0 0 0 0 0 0 0 0 0 0 0 0 0 0 0 0 0
0 1 0 1 0 0 1 0 0 1 1 1 0 0 8 0 0 1 1 1 0 1 1 1 0
0 1 1 1 0 1 1 1 0 1 1 1 0 8 8 8 0 0 1 0 0 1 0 1 0
0 1 0 1 0 0 1 0 0 1 1 1 0 0 8 0 0 1 1 1 0 1 1 1 0
0 0 0 0 0 0 0 0 0 0 0 0 0 0 0 0 0 0 0 0 0 0 0 0 0
0 1 1 1 0 1 0 1 0 0 0 0 0 1 1 1 0 1 0 1 0 1 1 1 0
0 1 1 1 0 1 1 1 0 0 1 0 0 1 1 1 0 1 1 1 0 1 1 1 0
0 1 1 1 0 1 0 1 0 0 0 0 0 1 1 1 0 1 0 1 0 1 1 1 0
0 0 0 0 0 0 0 0 0 0 0 0 0 0 0 0 0 0 0 0 0 0 0 0 0
0 0 1 0 0 0 0 0 0 0 0 0 0 0 1 0 0 0 0 0 0 1 1 1 0
0 1 1 1 0 0 1 0 0 0 1 0 0 1 1 1 0 0 1 0 0 0 1 0 0
0 0 1 0 0 0 0 0 0 0 0 0 0 0 1 0 0 0 0 0 0 1 1 1 0
0 0 0 0 0 0 0 0 0 0 0 0 0 0 0 0 0 0 0 0 0 0 0 0 0
0 1 1 1 0 0 1 0 0 1 1 1 0 1 0 1 0 1 1 1 0 0 1 0 0
0 0 1 0 0 1 1 1 0 0 1 0 0 1 1 1 0 1 1 1 0 1 1 1 0
0 1 1 1 0 0 1 0 0 1 1 1 0 1 0 1 0 1 1 1 0 0 1 0 0
0 0 0 0 0 0 0 0 0 0 0 0 0 0 0 0 0 0 0 0 0 0 0 0 0

Example 2 output (17x25):
0 0 0 0 0 0 0 0 0 0 0 0 0 0 0 0 0 0 0 0 0 0 0 0 0
0 1 0 1 0 0 8 0 0 7 7 7 0 0 8 0 0 1 1 1 0 1 1 1 0
0 1 1 1 0 8 8 8 0 7 7 7 0 8 8 8 0 0 1 0 0 1 0 1 0
0 1 0 1 0 0 8 0 0 7 7 7 0 0 8 0 0 1 1 1 0 1 1 1 0
0 0 0 0 0 0 0 0 0 0 0 0 0 0 0 0 0 0 0 0 0 0 0 0 0
0 1 1 1 0 7 0 7 0 0 0 0 0 7 7 7 0 1 0 1 0 1 1 1 0
0 1 1 1 0 7 7 7 0 0 1 0 0 7 7 7 0 1 1 1 0 1 1 1 0
0 1 1 1 0 7 0 7 0 0 0 0 0 7 7 7 0 1 0 1 0 1 1 1 0
0 0 0 0 0 0 0 0 0 0 0 0 0 0 0 0 0 0 0 0 0 0 0 0 0
0 0 8 0 0 0 0 0 0 0 0 0 0 0 8 0 0 0 0 0 0 1 1 1 0
0 8 8 8 0 0 7 0 0 0 7 0 0 8 8 8 0 0 1 0 0 0 1 0 0
0 0 8 0 0 0 0 0 0 0 0 0 0 0 8 0 0 0 0 0 0 1 1 1 0
0 0 0 0 0 0 0 0 0 0 0 0 0 0 0 0 0 0 0 0 0 0 0 0 0
0 1 1 1 0 0 8 0 0 7 7 7 0 7 0 7 0 7 7 7 0 0 8 0 0
0 0 1 0 0 8 8 8 0 0 7 0 0 7 7 7 0 7 7 7 0 8 8 8 0
0 1 1 1 0 0 8 0 0 7 7 7 0 7 0 7 0 7 7 7 0 0 8 0 0
0 0 0 0 0 0 0 0 0 0 0 0 0 0 0 0 0 0 0 0 0 0 0 0 0

Example 3 input (17x25):
0 0 0 0 0 0 0 0 0 0 0 0 0 0 0 0 0 0 0 0 0 0 0 0 0
0 1 0 0 0 0 1 0 0 1 0 1 0 1 1 0 0 1 1 1 0 0 1 0 0
0 1 1 1 0 1 1 1 0 1 0 1 0 1 1 1 0 1 0 1 0 1 1 1 0
0 0 0 1 0 0 1 0 0 1 1 1 0 0 1 1 0 1 0 1 0 0 1 0 0
0 0 0 0 0 0 0 0 0 0 0 0 0 0 0 0 0 0 0 0 0 0 0 0 0
0 1 0 1 0 1 0 1 0 1 0 0 0 1 0 1 0 1 0 1 0 1 1 0 0
0 1 0 1 0 0 1 0 0 1 1 1 0 1 0 1 0 0 1 0 0 1 1 1 0
0 1 1 1 0 0 1 0 0 0 0 1 0 1 1 1 0 0 1 0 0 0 1 1 0
0 0 0 0 0 0 0 0 0 0 0 0 0 0 0 0 0 0 0 0 0 0 0 0 0
0 1 1 0 0 8 8 8 0 0 1 0 0 1 0 0 0 1 1 1 0 0 1 0 0
0 1 1 1 0 8 0 8 0 1 1 1 0 1 1 1 0 1 0 1 0 1 1 1 0
0 0 1 1 0 8 0 8 0 0 1 0 0 0 0 1 0 1 0 1 0 0 1 0 0
0 0 0 0 0 0 0 0 0 0 0 0 0 0 0 0 0 0 0 0 0 0 0 0 0
0 1 0 0 0 1 1 0 0 1 0 1 0 0 1 0 0 1 0 0 0 1 0 1 0
0 1 1 1 0 1 1 1 0 1 0 1 0 1 1 1 0 1 1 1 0 0 1 0 0
0 0 0 1 0 0 1 1 0 1 1 1 0 0 1 0 0 0 0 1 0 0 1 0 0
0 0 0 0 0 0 0 0 0 0 0 0 0 0 0 0 0 0 0 0 0 0 0 0 0

Example 3 output (17x25):
0 0 0 0 0 0 0 0 0 0 0 0 0 0 0 0 0 0 0 0 0 0 0 0 0
0 1 0 0 0 0 1 0 0 1 0 1 0 1 1 0 0 8 8 8 0 0 1 0 0
0 1 1 1 0 1 1 1 0 1 0 1 0 1 1 1 0 8 0 8 0 1 1 1 0
0 0 0 1 0 0 1 0 0 1 1 1 0 0 1 1 0 8 0 8 0 0 1 0 0
0 0 0 0 0 0 0 0 0 0 0 0 0 0 0 0 0 0 0 0 0 0 0 0 0
0 1 0 1 0 1 0 1 0 1 0 0 0 1 0 1 0 7 0 7 0 1 1 0 0
0 1 0 1 0 0 1 0 0 1 1 1 0 1 0 1 0 0 7 0 0 1 1 1 0
0 1 1 1 0 0 1 0 0 0 0 1 0 1 1 1 0 0 7 0 0 0 1 1 0
0 0 0 0 0 0 0 0 0 0 0 0 0 0 0 0 0 0 0 0 0 0 0 0 0
0 1 1 0 0 8 8 8 0 0 7 0 0 7 0 0 0 8 8 8 0 0 1 0 0
0 1 1 1 0 8 0 8 0 7 7 7 0 7 7 7 0 8 0 8 0 1 1 1 0
0 0 1 1 0 8 0 8 0 0 7 0 0 0 0 7 0 8 0 8 0 0 1 0 0
0 0 0 0 0 0 0 0 0 0 0 0 0 0 0 0 0 0 0 0 0 0 0 0 0
0 1 0 0 0 1 1 0 0 1 0 1 0 0 1 0 0 1 0 0 0 1 0 1 0
0 1 1 1 0 1 1 1 0 1 0 1 0 1 1 1 0 1 1 1 0 0 1 0 0
0 0 0 1 0 0 1 1 0 1 1 1 0 0 1 0 0 0 0 1 0 0 1 0 0
0 0 0 0 0 0 0 0 0 0 0 0 0 0 0 0 0 0 0 0 0 0 0 0 0

Test input (17x25):
0 0 0 0 0 0 0 0 0 0 0 0 0 0 0 0 0 0 0 0 0 0 0 0 0
0 1 1 1 0 0 8 0 0 1 1 1 0 0 0 0 0 0 1 0 0 0 1 0 0
0 1 0 1 0 8 8 0 0 0 1 0 0 0 1 0 0 1 1 1 0 1 1 0 0
0 1 1 1 0 0 0 8 0 1 1 1 0 0 0 0 0 0 1 0 0 0 0 1 0
0 0 0 0 0 0 0 0 0 0 0 0 0 0 0 0 0 0 0 0 0 0 0 0 0
0 1 1 0 0 1 1 1 0 1 1 1 0 1 1 1 0 1 1 1 0 1 1 1 0
0 0 1 0 0 0 1 0 0 1 0 1 0 0 1 0 0 0 1 0 0 1 0 1 0
0 0 1 1 0 1 1 1 0 1 1 1 0 1 1 1 0 1 1 1 0 1 1 1 0
0 0 0 0 0 0 0 0 0 0 0 0 0 0 0 0 0 0 0 0 0 0 0 0 0
0 1 1 1 0 0 1 0 0 0 1 0 0 0 0 0 0 0 1 0 0 0 0 0 0
0 0 1 0 0 1 1 1 0 1 1 0 0 0 1 0 0 1 1 1 0 0 1 0 0
0 1 1 1 0 0 1 0 0 0 0 1 0 0 0 0 0 0 1 0 0 0 0 0 0
0 0 0 0 0 0 0 0 0 0 0 0 0 0 0 0 0 0 0 0 0 0 0 0 0
0 0 1 0 0 0 1 0 0 1 1 1 0 0 1 0 0 1 1 0 0 0 1 0 0
0 1 1 1 0 1 1 0 0 1 0 1 0 1 1 1 0 0 1 0 0 1 1 0 0
0 0 1 0 0 0 0 1 0 1 1 1 0 0 1 0 0 0 1 1 0 0 0 1 0
0 0 0 0 0 0 0 0 0 0 0 0 0 0 0 0 0 0 0 0 0 0 0 0 0
