Example 1 input (10x10):
0 0 0 0 0 0 0 0 0 0
0 0 0 0 0 0 0 0 0 0
0 0 2 2 2 2 0 0 0 0
0 0 2 0 0 2 0 0 0 0
0 0 0 0 0 0 0 0 0 0
0 0 2 0 0 2 0 0 0 0
0 0 2 2 2 2 0 0 0 0
0 0 0 0 0 0 0 0 0 0
0 0 0 0 0 0 0 0 0 0
0 0 0 0 0 0 0 0 0 0

Example 1 output (10x10):
0 0 0 0 0 0 0 0 0 0
0 0 0 0 0 0 0 0 0 0
0 0 2 2 2 2 0 0 0 0
0 0 2 0 0 2 0 0 0 0
3 3 3 3 3 3 3 3 3 3
0 0 2 0 0 2 0 0 0 0
0 0 2 2 2 2 0 0 0 0
0 0 0 0 0 0 0 0 0 0
0 0 0 0 0 0 0 0 0 0
0 0 0 0 0 0 0 0 0 0

Example 2 input (10x10):
0 0 0 0 0 0 0 0 0 0
0 0 0 1 1 1 0 0 0 0
0 0 1 1 0 1 1 0 0 0
0 1 1 0 0 0 1 1 0 0
0 0 0 0 0 0 0 0 0 0
0 0 1 1 0 1 1 0 0 0
0 0 0 1 1 1 0 0 0 0
0 0 0 0 0 0 0 0 0 0
0 0 0 0 0 0 0 0 0 0
0 0 0 0 0 0 0 0 0 0

Example 2 output (10x10):
0 0 0 0 0 0 0 0 0 0
0 0 0 1 1 1 0 0 0 0
0 0 1 1 0 1 1 0 0 0
0 1 1 0 0 0 1 1 0 0
3 3 3 3 3 3 3 3 3 3
0 0 1 1 0 1 1 0 0 0
0 0 0 1 1 1 0 0 0 0
0 0 0 0 0 0 0 0 0 0
0 0 0 0 0 0 0 0 0 0
0 0 0 0 0 0 0 0 0 0

Example 3 input (10x10):
0 0 0 0 0 0 0 0 0 0
0 5 5 5 0 5 5 0 0 0
0 5 0 0 0 0 5 0 0 0
0 5 5 5 0 5 5 0 0 0
0 5 0 0 0 0 5 0 0 0
0 5 5 5 0 5 5 0 0 0
0 0 0 0 0 0 0 0 0 0
0 0 0 0 0 0 0 0 0 0
0 0 0 0 0 0 0 0 0 0
0 0 0 0 0 0 0 0 0 0

Example 3 output (10x10):
0 0 0 0 3 0 0 0 0 0
0 5 5 5 3 5 5 0 0 0
0 5 0 0 3 0 5 0 0 0
0 5 5 5 3 5 5 0 0 0
0 5 0 0 3 0 5 0 0 0
0 5 5 5 3 5 5 0 0 0
0 0 0 0 3 0 0 0 0 0
0 0 0 0 3 0 0 0 0 0
0 0 0 0 3 0 0 0 0 0
0 0 0 0 3 0 0 0 0 0

Test 1 input (10x10):
0 0 0 0 0 0 0 0 0 0
0 2 2 2 2 0 0 0 0 0
0 2 2 2 2 0 0 0 0 0
0 2 2 2 2 0 0 0 0 0
0 0 0 0 0 0 0 0 0 0
0 2 2 2 2 0 0 0 0 0
0 0 0 0 0 0 0 0 0 0
0 0 0 0 0 0 0 0 0 0
0 0 0 0 0 0 0 0 0 0
0 0 0 0 0 0 0 0 0 0

Test 2 input (10x10):
0 0 0 0 0 0 0 0 0 0
0 0 0 0 0 0 0 0 0 0
0 0 0 6 0 6 0 0 0 0
0 0 6 6 0 6 6 0 0 0
0 0 6 6 0 6 6 0 0 0
0 0 0 6 0 6 0 0 0 0
0 0 0 0 0 0 0 0 0 0
0 0 0 0 0 0 0 0 0 0
0 0 0 0 0 0 0 0 0 0
0 0 0 0 0 0 0 0 0 0
