Example 1 input (22x22):
0 0 0 0 0 0 0 0 0 0 0 0 0 0 0 0 0 0 0 0 0 0
0 0 0 0 0 0 0 0 0 0 0 0 0 0 0 0 0 0 0 0 0 0
0 0 0 0 0 0 0 0 0 0 0 0 0 0 0 0 0 0 0 0 0 0
0 0 0 0 0 0 0 0 0 0 0 0 0 0 0 0 0 0 0 0 0 0
0 0 0 0 0 0 0 0 0 0 0 0 0 0 0 0 0 0 0 0 0 0
0 0 0 0 0 0 0 0 0 0 0 0 0 0 0 0 0 0 0 0 0 0
0 0 0 0 0 0 0 0 0 8 0 0 0 0 0 0 0 0 0 0 0 0
0 0 0 0 0 0 0 0 0 8 0 0 0 0 0 0 0 0 0 0 0 0
0 0 0 0 0 0 0 0 0 8 0 0 0 0 0 0 0 0 0 0 0 0
0 0 0 0 0 0 8 8 8 0 8 8 8 0 0 0 0 0 0 0 0 0
0 0 0 0 0 0 0 0 0 8 0 0 0 0 0 0 0 0 0 0 0 0
0 0 0 0 0 0 0 0 0 8 0 0 0 0 0 0 0 0 0 0 0 0
0 0 0 0 0 0 0 0 0 8 0 0 0 0 0 0 0 0 0 0 0 0
0 0 0 0 0 0 0 0 0 0 0 0 0 0 0 0 0 0 0 0 0 0
0 0 0 0 0 0 0 0 0 0 0 0 0 0 0 0 0 0 0 0 0 0
0 0 0 0 0 0 0 0 0 0 0 0 0 0 0 0 0 0 0 0 0 0
0 0 0 0 0 0 0 0 0 0 0 0 0 0 0 0 0 0 0 0 0 0
0 0 0 0 0 0 0 0 0 0 0 0 0 0 0 0 0 0 0 0 0 0
0 0 0 0 0 0 0 0 0 0 0 0 0 0 0 0 0 0 0 0 0 0
0 0 0 0 0 0 0 0 0 0 0 0 0 0 0 0 0 0 0 0 0 0
0 0 0 0 0 0 0 0 0 0 0 0 0 0 0 0 0 0 0 0 0 0
0 0 0 0 0 0 0 0 0 0 0 0 0 0 0 0 0 0 0 0 0 0

Example 1 output (22x22):
0 8 0 8 8 8 8 8 8 8 8 8 8 8 8 8 8 8 0 0 0 0
8 8 0 8 0 0 0 0 0 0 0 0 0 0 0 0 0 8 8 8 8 0
8 0 0 8 0 8 8 8 8 8 8 8 8 8 8 8 0 0 0 0 8 0
8 0 8 8 0 8 0 0 0 0 0 0 0 0 0 8 8 8 8 0 8 0
8 0 8 0 0 8 0 8 8 8 8 8 8 8 0 0 0 0 8 0 8 0
8 0 8 0 8 8 0 8 0 0 0 0 0 8 8 8 8 0 8 0 8 0
8 0 8 0 8 0 0 8 0 8 8 8 0 0 0 0 8 0 8 0 8 0
8 0 8 0 8 0 8 8 0 8 0 8 8 8 8 0 8 0 8 0 8 0
8 0 8 0 8 0 8 0 0 8 0 0 0 0 8 0 8 0 8 0 8 0
8 0 8 0 8 0 8 8 8 0 8 8 8 0 8 0 8 0 8 0 8 0
8 0 8 0 8 0 0 0 0 8 0 0 8 0 8 0 8 0 8 0 8 0
8 0 8 0 8 8 8 8 0 8 0 8 8 0 8 0 8 0 8 0 8 0
8 0 8 0 0 0 0 8 8 8 0 8 0 0 8 0 8 0 8 0 8 0
8 0 8 8 8 8 0 0 0 0 0 8 0 8 8 0 8 0 8 0 8 0
8 0 0 0 0 8 8 8 8 8 8 8 0 8 0 0 8 0 8 0 8 0
8 8 8 8 0 0 0 0 0 0 0 0 0 8 0 8 8 0 8 0 8 0
0 0 0 8 8 8 8 8 8 8 8 8 8 8 0 8 0 0 8 0 8 0
8 8 0 0 0 0 0 0 0 0 0 0 0 0 0 8 0 8 8 0 8 0
0 8 8 8 8 8 8 8 8 8 8 8 8 8 8 8 0 8 0 0 8 0
0 0 0 0 0 0 0 0 0 0 0 0 0 0 0 0 0 8 0 8 8 0
8 8 8 8 8 8 8 8 8 8 8 8 8 8 8 8 8 8 0 8 0 0
0 0 0 0 0 0 0 0 0 0 0 0 0 0 0 0 0 0 0 8 0 8

Example 2 input (12x12):
0 0 0 0 0 0 0 0 0 0 0 0
0 0 0 0 0 0 0 0 0 0 0 0
0 0 0 0 0 0 0 0 0 0 0 0
0 0 0 0 0 8 0 0 0 0 0 0
0 0 0 0 8 0 8 0 0 0 0 0
0 0 0 0 0 8 0 0 0 0 0 0
0 0 0 0 0 0 0 0 0 0 0 0
0 0 0 0 0 0 0 0 0 0 0 0
0 0 0 0 0 0 0 0 0 0 0 0
0 0 0 0 0 0 0 0 0 0 0 0
0 0 0 0 0 0 0 0 0 0 0 0
0 0 0 0 0 0 0 0 0 0 0 0

Example 2 output (12x12):
0 8 0 8 8 8 8 8 8 8 8 8
0 8 0 8 0 0 0 0 0 0 0 8
0 8 0 8 0 8 8 8 8 8 0 8
0 8 0 8 0 8 0 0 0 8 0 8
0 8 0 8 8 0 8 8 0 8 0 8
0 8 0 0 0 8 0 8 0 8 0 8
0 8 8 8 8 8 0 8 0 8 0 8
0 0 0 0 0 0 0 8 0 8 0 8
8 8 8 8 8 8 8 8 0 8 0 8
0 0 0 0 0 0 0 0 0 8 0 8
8 8 8 8 8 8 8 8 8 8 0 8
0 0 0 0 0 0 0 0 0 0 0 8

Example 3 input (16x16):
0 0 0 0 0 0 0 0 0 0 0 0 0 0 0 0
0 0 0 0 0 0 0 0 0 0 0 0 0 0 0 0
0 0 0 0 0 0 0 0 0 0 0 0 0 0 0 0
0 0 0 0 0 0 0 0 0 0 0 0 0 0 0 0
0 0 0 0 0 0 0 0 0 0 0 0 0 0 0 0
0 0 0 0 0 0 8 0 0 0 0 0 0 0 0 0
0 0 0 0 0 0 8 0 0 0 0 0 0 0 0 0
0 0 0 0 8 8 0 8 8 0 0 0 0 0 0 0
0 0 0 0 0 0 8 0 0 0 0 0 0 0 0 0
0 0 0 0 0 0 8 0 0 0 0 0 0 0 0 0
0 0 0 0 0 0 0 0 0 0 0 0 0 0 0 0
0 0 0 0 0 0 0 0 0 0 0 0 0 0 0 0
0 0 0 0 0 0 0 0 0 0 0 0 0 0 0 0
0 0 0 0 0 0 0 0 0 0 0 0 0 0 0 0
0 0 0 0 0 0 0 0 0 0 0 0 0 0 0 0
0 0 0 0 0 0 0 0 0 0 0 0 0 0 0 0

Example 3 output (16x16):
8 0 0 0 0 0 0 0 0 0 0 0 0 0 0 0
8 0 8 8 8 8 8 8 8 8 8 8 8 8 8 0
8 0 8 0 0 0 0 0 0 0 0 0 0 0 8 0
8 0 8 0 8 8 8 8 8 8 8 8 8 0 8 0
8 0 8 0 8 0 0 0 0 0 0 0 8 0 8 0
8 0 8 0 8 0 8 8 8 8 8 0 8 0 8 0
8 0 8 0 8 0 8 0 0 0 8 0 8 0 8 0
8 0 8 0 8 8 0 8 8 0 8 0 8 0 8 0
8 0 8 0 0 0 8 0 8 0 8 0 8 0 8 0
8 0 8 8 8 8 8 0 8 0 8 0 8 0 8 0
8 0 0 0 0 0 0 0 8 0 8 0 8 0 8 0
8 8 8 8 8 8 8 8 8 0 8 0 8 0 8 0
0 0 0 0 0 0 0 0 0 0 8 0 8 0 8 0
8 8 8 8 8 8 8 8 8 8 8 0 8 0 8 0
0 0 0 0 0 0 0 0 0 0 0 0 8 0 8 0
8 8 8 8 8 8 8 8 8 8 8 8 8 0 8 0

Test input (26x26):
0 0 0 0 0 0 0 0 0 0 0 0 0 0 0 0 0 0 0 0 0 0 0 0 0 0
0 0 0 0 0 0 0 0 0 0 0 0 0 0 0 0 0 0 0 0 0 0 0 0 0 0
0 0 0 0 0 0 0 0 0 0 0 0 0 0 0 0 0 0 0 0 0 0 0 0 0 0
0 0 0 0 0 0 0 0 0 0 0 0 0 0 0 0 0 0 0 0 0 0 0 0 0 0
0 0 0 0 0 0 0 0 0 0 0 0 0 0 0 0 0 0 0 0 0 0 0 0 0 0
0 0 0 0 0 0 0 0 0 0 0 0 0 0 0 0 0 0 0 0 0 0 0 0 0 0
0 0 0 0 0 0 0 0 0 0 0 0 0 0 0 0 0 0 0 0 0 0 0 0 0 0
0 0 0 0 0 0 0 0 0 0 0 0 0 0 0 0 0 0 0 0 0 0 0 0 0 0
0 0 0 0 0 0 0 0 0 0 8 0 0 0 0 0 0 0 0 0 0 0 0 0 0 0
0 0 0 0 0 0 0 0 0 0 8 0 0 0 0 0 0 0 0 0 0 0 0 0 0 0
0 0 0 0 0 0 0 0 0 0 8 0 0 0 0 0 0 0 0 0 0 0 0 0 0 0
0 0 0 0 0 0 0 0 0 0 8 0 0 0 0 0 0 0 0 0 0 0 0 0 0 0
0 0 0 0 0 0 8 8 8 8 0 8 8 8 8 0 0 0 0 0 0 0 0 0 0 0
0 0 0 0 0 0 0 0 0 0 8 0 0 0 0 0 0 0 0 0 0 0 0 0 0 0
0 0 0 0 0 0 0 0 0 0 8 0 0 0 0 0 0 0 0 0 0 0 0 0 0 0
0 0 0 0 0 0 0 0 0 0 8 0 0 0 0 0 0 0 0 0 0 0 0 0 0 0
0 0 0 0 0 0 0 0 0 0 8 0 0 0 0 0 0 0 0 0 0 0 0 0 0 0
0 0 0 0 0 0 0 0 0 0 0 0 0 0 0 0 0 0 0 0 0 0 0 0 0 0
0 0 0 0 0 0 0 0 0 0 0 0 0 0 0 0 0 0 0 0 0 0 0 0 0 0
0 0 0 0 0 0 0 0 0 0 0 0 0 0 0 0 0 0 0 0 0 0 0 0 0 0
0 0 0 0 0 0 0 0 0 0 0 0 0 0 0 0 0 0 0 0 0 0 0 0 0 0
0 0 0 0 0 0 0 0 0 0 0 0 0 0 0 0 0 0 0 0 0 0 0 0 0 0
0 0 0 0 0 0 0 0 0 0 0 0 0 0 0 0 0 0 0 0 0 0 0 0 0 0
0 0 0 0 0 0 0 0 0 0 0 0 0 0 0 0 0 0 0 0 0 0 0 0 0 0
0 0 0 0 0 0 0 0 0 0 0 0 0 0 0 0 0 0 0 0 0 0 0 0 0 0
0 0 0 0 0 0 0 0 0 0 0 0 0 0 0 0 0 0 0 0 0 0 0 0 0 0
