Example 1 input (11x11):
2 2 1 0 2 2 2 0 1 2 1
1 2 2 0 2 2 2 0 1 1 2
2 2 2 0 1 2 2 0 2 1 2
0 0 0 0 0 0 0 0 0 0 0
2 2 1 0 2 1 2 0 2 2 2
1 2 2 0 1 2 1 0 2 2 2
2 1 2 0 2 2 1 0 2 2 2
0 0 0 0 0 0 0 0 0 0 0
2 1 1 0 1 1 1 0 1 1 1
1 2 1 0 1 1 1 0 2 1 1
1 2 1 0 1 2 1 0 1 1 2

Example 1 output (11x11):
2 1 1 0 1 1 1 0 1 1 1
1 2 1 0 2 1 1 0 1 1 1
1 2 1 0 1 1 2 0 1 2 1
0 0 0 0 0 0 0 0 0 0 0
2 2 1 0 2 1 2 0 1 2 1
1 2 2 0 1 2 1 0 1 1 2
2 1 2 0 2 2 1 0 2 1 2
0 0 0 0 0 0 0 0 0 0 0
2 2 2 0 2 2 2 0 2 2 1
2 2 2 0 2 2 2 0 1 2 2
2 2 2 0 1 2 2 0 2 2 2

Example 2 input (11x11):
1 1 2 0 2 1 2 0 2 1 1
2 1 2 0 2 1 2 0 1 1 1
1 2 2 0 1 2 2 0 1 1 2
0 0 0 0 0 0 0 0 0 0 0
1 2 1 0 1 1 1 0 2 2 2
2 1 1 0 1 1 1 0 2 1 2
1 2 2 0 1 2 1 0 2 2 2
0 0 0 0 0 0 0 0 0 0 0
1 2 2 0 1 2 1 0 1 1 1
2 2 1 0 2 1 1 0 1 1 1
2 2 2 0 1 2 1 0 1 1 1

Example 2 output (11x11):
2 1 1 0 1 1 1 0 1 1 1
1 1 1 0 1 1 1 0 1 1 1
1 1 2 0 1 2 1 0 1 1 1
0 0 0 0 0 0 0 0 0 0 0
1 1 2 0 1 2 1 0 1 2 1
2 1 2 0 2 1 1 0 2 1 1
1 2 2 0 1 2 2 0 1 2 1
0 0 0 0 0 0 0 0 0 0 0
2 2 2 0 1 2 2 0 2 1 2
2 1 2 0 2 2 1 0 2 1 2
2 2 2 0 2 2 2 0 1 2 2

Example 3 input (11x11):
2 2 2 0 2 2 2 0 2 2 1
2 2 1 0 2 2 2 0 1 2 2
2 2 2 0 2 2 2 0 2 1 2
0 0 0 0 0 0 0 0 0 0 0
2 1 1 0 1 1 1 0 1 1 1
1 2 1 0 1 1 1 0 2 1 1
2 1 2 0 1 1 1 0 1 2 1
0 0 0 0 0 0 0 0 0 0 0
2 1 1 0 1 2 1 0 2 1 1
1 2 1 0 1 2 1 0 1 1 1
2 1 1 0 2 2 2 0 1 1 1

Example 3 output (11x11):
1 1 1 0 2 1 1 0 1 1 1
2 1 1 0 1 1 1 0 1 1 1
1 2 1 0 1 1 1 0 1 1 1
0 0 0 0 0 0 0 0 0 0 0
1 2 1 0 2 1 1 0 2 1 1
1 2 1 0 1 2 1 0 1 2 1
2 2 2 0 2 1 2 0 2 1 1
0 0 0 0 0 0 0 0 0 0 0
2 2 2 0 2 2 2 0 2 2 1
2 2 2 0 2 2 1 0 1 2 2
2 2 2 0 2 2 2 0 2 1 2

Test input (11x11):
2 2 2 0 2 1 2 0 2 2 1
1 2 2 0 1 2 2 0 1 2 1
2 1 2 0 2 1 2 0 2 1 2
0 0 0 0 0 0 0 0 0 0 0
1 1 2 0 1 1 1 0 1 1 1
1 2 1 0 1 1 1 0 1 1 2
1 2 1 0 1 1 1 0 1 1 1
0 0 0 0 0 0 0 0 0 0 0
2 1 1 0 2 1 1 0 2 2 2
1 1 1 0 1 2 1 0 2 2 2
1 1 2 0 1 2 2 0 2 2 2
