Example 1 input (22x17):
0 0 0 0 0 0 0 0 0 0 0 0 0 0 0 0 0
0 0 0 0 0 0 0 0 0 0 0 0 0 0 0 0 0
0 0 0 0 0 0 0 0 0 0 0 0 0 0 0 0 0
0 0 0 0 3 3 3 3 3 0 0 0 0 0 0 0 0
0 0 0 0 3 0 0 0 3 0 0 0 0 0 0 0 0
0 0 0 3 3 0 0 0 3 0 0 0 0 0 0 0 0
0 0 0 0 3 0 0 0 3 0 0 0 0 0 0 0 0
0 0 0 0 3 3 3 3 3 0 0 0 0 0 0 0 0
0 0 0 0 0 0 0 0 0 0 0 0 0 0 0 0 0
0 0 0 0 0 0 0 0 0 0 0 0 0 0 0 0 0
0 0 0 0 0 0 0 0 0 0 0 0 0 0 0 0 0
0 0 0 0 0 0 0 0 0 0 0 0 0 0 0 0 0
0 0 0 0 0 0 0 0 0 0 0 0 0 0 0 0 0
0 0 0 0 0 0 0 0 0 0 0 0 0 0 0 0 0
0 0 0 0 0 0 0 0 3 3 3 0 0 0 0 0 0
0 0 0 0 0 0 0 0 3 0 3 0 0 0 0 0 0
0 0 0 0 0 0 0 0 3 3 3 0 0 0 0 0 0
0 0 0 0 0 0 0 0 0 3 0 0 0 0 0 0 0
0 0 0 0 0 0 0 0 0 0 0 0 0 0 0 0 0
0 0 0 0 0 0 0 0 0 0 0 0 0 0 0 0 0
0 0 0 0 0 0 0 0 0 0 0 0 0 0 0 0 0
0 0 0 0 0 0 0 0 0 0 0 0 0 0 0 0 0

Example 1 output (22x17):
0 0 0 0 0 0 0 0 0 0 0 0 0 0 0 0 0
0 0 0 0 0 0 0 0 0 0 0 0 0 0 0 0 0
0 0 0 0 0 0 0 0 0 0 0 0 0 0 0 0 0
0 0 0 0 3 3 3 3 3 0 1 1 1 1 1 0 0
0 0 0 0 3 0 0 0 3 0 1 0 0 0 1 0 0
0 0 0 3 3 0 0 0 3 0 1 0 0 0 1 1 0
0 0 0 0 3 0 0 0 3 0 1 0 0 0 1 0 0
0 0 0 0 3 3 3 3 3 0 1 1 1 1 1 0 0
0 0 0 0 0 0 0 0 0 0 0 0 0 0 0 0 0
0 0 0 0 0 0 0 0 0 8 0 0 0 0 0 0 0
0 0 0 0 0 0 0 0 8 8 8 0 0 0 0 0 0
0 0 0 0 0 0 0 0 8 0 8 0 0 0 0 0 0
0 0 0 0 0 0 0 0 8 8 8 0 0 0 0 0 0
0 0 0 0 0 0 0 0 0 0 0 0 0 0 0 0 0
0 0 0 0 0 0 0 0 3 3 3 0 0 0 0 0 0
0 0 0 0 0 0 0 0 3 0 3 0 0 0 0 0 0
0 0 0 0 0 0 0 0 3 3 3 0 0 0 0 0 0
0 0 0 0 0 0 0 0 0 3 0 0 0 0 0 0 0
0 0 0 0 0 0 0 0 0 0 0 0 0 0 0 0 0
0 0 0 0 0 0 0 0 0 0 0 0 0 0 0 0 0
0 0 0 0 0 0 0 0 0 0 0 0 0 0 0 0 0
0 0 0 0 0 0 0 0 0 0 0 0 0 0 0 0 0

Example 2 input (23x19):
0 0 0 0 0 0 0 0 0 0 0 0 0 0 0 0 0 0 0
0 0 0 0 0 0 0 0 0 0 0 0 0 0 0 0 0 0 0
0 0 0 0 0 0 0 0 0 0 0 0 3 3 3 0 0 0 0
0 0 0 0 0 3 0 0 0 0 0 3 3 0 3 0 0 0 0
0 0 0 3 3 3 3 3 0 0 0 0 3 3 3 0 0 0 0
0 0 0 3 0 0 0 3 0 0 0 0 0 0 0 0 0 0 0
0 0 0 3 0 0 0 3 0 0 0 0 0 0 0 0 0 0 0
0 0 0 3 3 3 3 3 0 0 0 0 0 0 0 0 0 0 0
0 0 0 0 0 0 0 0 0 0 0 0 0 0 0 0 0 0 0
0 0 0 0 0 0 0 0 0 0 0 0 0 0 0 0 0 0 0
0 0 0 0 0 0 0 0 0 0 0 0 0 0 0 0 0 0 0
0 0 0 0 0 0 0 0 0 0 0 0 0 0 0 0 0 0 0
0 0 0 0 0 0 0 0 0 0 0 0 0 0 0 0 0 0 0
0 0 0 0 0 0 0 0 0 0 0 0 0 0 0 0 0 0 0
0 0 0 0 0 0 0 0 0 0 3 3 3 3 0 0 0 0 0
0 0 0 0 0 0 0 0 0 0 3 0 0 3 0 0 0 0 0
0 0 0 0 0 0 0 0 0 0 3 0 0 3 3 0 0 0 0
0 0 0 0 0 0 0 0 0 0 3 0 0 3 0 0 0 0 0
0 0 0 0 0 0 0 0 0 0 3 3 3 3 0 0 0 0 0
0 0 0 0 0 0 0 0 0 0 0 0 0 0 0 0 0 0 0
0 0 0 0 0 0 0 0 0 0 0 0 0 0 0 0 0 0 0
0 0 0 0 0 0 0 0 0 0 0 0 0 0 0 0 0 0 0
0 0 0 0 0 0 0 0 0 0 0 0 0 0 0 0 0 0 0

Example 2 output (23x19):
0 0 0 0 0 0 0 0 0 0 0 0 0 0 0 0 0 0 0
0 0 0 0 0 0 0 0 0 0 0 0 0 0 0 0 0 0 0
0 0 0 0 0 0 0 0 0 0 0 0 3 3 3 0 1 1 1
0 0 0 0 0 3 0 0 0 0 0 3 3 0 3 0 1 0 1
0 0 0 3 3 3 3 3 0 0 0 0 3 3 3 0 1 1 1
0 0 0 3 0 0 0 3 0 0 0 0 0 0 0 0 0 0 0
0 0 0 3 0 0 0 3 0 0 0 0 0 0 0 0 0 0 0
0 0 0 3 3 3 3 3 0 0 0 0 0 0 0 0 0 0 0
0 0 0 0 0 0 0 0 0 0 0 0 0 0 0 0 0 0 0
0 0 0 8 8 8 8 8 0 0 0 0 0 0 0 0 0 0 0
0 0 0 8 0 0 0 8 0 0 0 0 0 0 0 0 0 0 0
0 0 0 8 0 0 0 8 0 0 0 0 0 0 0 0 0 0 0
0 0 0 8 8 8 8 8 0 0 0 0 0 0 0 0 0 0 0
0 0 0 0 0 8 0 0 0 0 0 0 0 0 0 0 0 0 0
0 0 0 0 0 1 1 1 1 0 3 3 3 3 0 0 0 0 0
0 0 0 0 0 1 0 0 1 0 3 0 0 3 0 0 0 0 0
0 0 0 0 1 1 0 0 1 0 3 0 0 3 3 0 0 0 0
0 0 0 0 0 1 0 0 1 0 3 0 0 3 0 0 0 0 0
0 0 0 0 0 1 1 1 1 0 3 3 3 3 0 0 0 0 0
0 0 0 0 0 0 0 0 0 0 0 0 0 0 0 0 0 0 0
0 0 0 0 0 0 0 0 0 0 0 0 0 0 0 0 0 0 0
0 0 0 0 0 0 0 0 0 0 0 0 0 0 0 0 0 0 0
0 0 0 0 0 0 0 0 0 0 0 0 0 0 0 0 0 0 0

Example 3 input (22x21):
0 0 0 0 0 0 0 0 0 0 0 0 0 0 0 3 0 0 0 0 0
0 0 0 0 0 0 0 0 0 0 0 0 0 0 3 3 3 0 0 0 0
0 0 0 0 0 0 0 0 0 0 0 0 0 0 3 0 3 0 0 0 0
0 0 0 0 0 0 0 0 0 0 0 0 0 0 3 0 3 0 0 0 0
0 0 0 0 0 0 0 0 0 0 0 0 0 0 3 3 3 0 0 0 0
0 0 3 3 3 0 0 0 0 0 0 0 0 0 0 0 0 0 0 0 0
0 0 3 0 3 0 0 0 0 0 0 0 0 0 0 0 0 0 0 0 0
0 3 3 0 3 0 0 0 0 0 0 0 0 0 0 0 0 0 0 0 0
0 0 3 0 3 0 0 0 0 0 0 0 0 0 0 0 0 0 0 0 0
0 0 3 3 3 0 0 0 0 0 0 0 0 0 0 0 0 0 0 0 0
0 0 0 0 0 0 0 0 0 0 0 0 0 0 0 0 0 0 0 0 0
0 0 0 0 0 0 0 0 0 0 0 0 0 0 0 0 0 0 0 0 0
0 0 0 0 0 0 0 0 0 0 0 0 0 0 0 0 0 0 0 0 0
0 0 0 0 0 0 0 0 0 0 0 0 0 0 0 0 0 0 0 0 0
0 0 0 0 0 0 0 0 0 0 0 0 0 0 0 0 0 0 0 0 0
0 0 0 0 0 0 0 0 0 0 0 0 0 0 0 0 0 0 0 0 0
0 0 0 0 0 0 0 0 0 0 0 0 0 0 0 0 0 0 0 0 0
0 0 0 0 0 0 0 0 3 3 3 3 3 0 0 0 0 0 0 0 0
0 0 0 0 0 0 0 0 3 0 0 0 3 0 0 0 0 0 0 0 0
0 0 0 0 0 0 0 0 3 0 0 0 3 0 0 0 0 0 0 0 0
0 0 0 0 0 0 0 0 3 3 3 3 3 0 0 0 0 0 0 0 0
0 0 0 0 0 0 0 0 0 0 3 0 0 0 0 0 0 0 0 0 0

Example 3 output (22x21):
0 0 0 0 0 0 0 0 0 0 0 0 0 0 0 3 0 0 0 0 0
0 0 0 0 0 0 0 0 0 0 0 0 0 0 3 3 3 0 0 0 0
0 0 0 0 0 0 0 0 0 0 0 0 0 0 3 0 3 0 0 0 0
0 0 0 0 0 0 0 0 0 0 0 0 0 0 3 0 3 0 0 0 0
0 0 0 0 0 0 0 0 0 0 0 0 0 0 3 3 3 0 0 0 0
0 0 3 3 3 0 1 1 1 0 0 0 0 0 0 0 0 0 0 0 0
0 0 3 0 3 0 1 0 1 0 0 0 0 0 8 8 8 0 0 0 0
0 3 3 0 3 0 1 0 1 1 0 0 0 0 8 0 8 0 0 0 0
0 0 3 0 3 0 1 0 1 0 0 0 0 0 8 0 8 0 0 0 0
0 0 3 3 3 0 1 1 1 0 0 0 0 0 8 8 8 0 0 0 0
0 0 0 0 0 0 0 0 0 0 0 0 0 0 0 8 0 0 0 0 0
0 0 0 0 0 0 0 0 0 0 8 0 0 0 0 0 0 0 0 0 0
0 0 0 0 0 0 0 0 8 8 8 8 8 0 0 0 0 0 0 0 0
0 0 0 0 0 0 0 0 8 0 0 0 8 0 0 0 0 0 0 0 0
0 0 0 0 0 0 0 0 8 0 0 0 8 0 0 0 0 0 0 0 0
0 0 0 0 0 0 0 0 8 8 8 8 8 0 0 0 0 0 0 0 0
0 0 0 0 0 0 0 0 0 0 0 0 0 0 0 0 0 0 0 0 0
0 0 0 0 0 0 0 0 3 3 3 3 3 0 0 0 0 0 0 0 0
0 0 0 0 0 0 0 0 3 0 0 0 3 0 0 0 0 0 0 0 0
0 0 0 0 0 0 0 0 3 0 0 0 3 0 0 0 0 0 0 0 0
0 0 0 0 0 0 0 0 3 3 3 3 3 0 0 0 0 0 0 0 0
0 0 0 0 0 0 0 0 0 0 3 0 0 0 0 0 0 0 0 0 0

Test input (28x29):
0 0 0 0 0 0 0 0 0 0 0 0 0 0 0 0 0 0 0 0 0 0 0 3 0 0 0 0 0
0 0 0 0 0 0 0 0 0 0 0 0 0 0 0 0 0 0 0 0 0 0 3 3 3 0 0 0 0
0 0 0 0 0 0 0 0 0 0 0 0 0 0 0 0 0 0 0 0 0 0 3 0 3 0 0 0 0
0 0 0 0 0 0 0 0 0 0 0 0 0 0 0 0 0 0 0 0 0 0 3 3 3 0 0 0 0
0 0 0 3 3 3 3 3 3 0 0 0 0 0 0 0 0 0 0 0 0 0 0 0 0 0 0 0 0
0 0 0 3 0 0 0 0 3 0 0 0 0 0 0 0 0 0 0 0 0 0 0 0 0 0 0 0 0
0 0 3 3 0 0 0 0 3 0 0 0 0 0 0 0 0 0 0 0 0 0 0 0 0 0 0 0 0
0 0 0 3 0 0 0 0 3 0 0 0 0 0 0 0 0 0 0 0 0 0 0 0 0 0 0 0 0
0 0 0 3 3 3 3 3 3 0 0 0 0 0 0 0 0 0 0 0 0 0 0 0 0 0 0 0 0
0 0 0 0 0 0 0 0 0 0 0 0 0 0 0 0 0 0 0 0 0 0 0 0 0 0 0 0 0
0 0 0 0 0 0 0 0 0 0 0 0 0 0 0 0 0 0 0 0 0 0 0 0 0 0 0 0 0
0 0 0 0 0 0 0 0 0 0 0 0 0 0 0 0 0 0 3 3 3 3 0 0 0 0 0 0 0
0 0 0 0 0 0 0 0 0 0 0 0 0 0 0 0 0 0 3 0 0 3 0 0 0 0 0 0 0
0 0 0 0 0 0 0 0 0 0 0 0 0 0 0 0 0 0 3 0 0 3 3 0 0 0 0 0 0
0 0 0 0 0 0 0 0 0 0 0 0 0 0 0 0 0 0 3 0 0 3 0 0 0 0 0 0 0
0 0 0 0 0 0 0 0 0 0 0 0 0 0 0 0 0 0 3 3 3 3 0 0 0 0 0 0 0
0 0 0 0 0 0 0 0 0 0 0 0 0 0 0 0 0 0 0 0 0 0 0 0 0 0 0 0 0
0 0 0 0 0 0 0 0 0 0 0 0 0 0 0 0 0 0 0 0 0 0 0 0 0 0 0 0 0
0 0 0 0 0 0 0 0 0 0 0 0 0 0 0 0 0 0 0 0 0 0 0 0 0 0 0 0 0
0 0 0 0 0 0 0 0 0 0 0 0 0 0 0 0 0 0 0 0 0 0 0 0 0 0 0 0 0
0 0 0 0 0 0 0 0 0 0 0 0 0 0 0 0 0 0 0 0 0 0 0 0 0 0 0 0 0
0 0 0 0 0 0 0 0 0 0 0 0 0 0 0 0 0 0 0 0 0 0 0 0 0 0 0 0 0
0 0 0 0 0 3 3 3 3 3 0 0 0 0 0 0 0 0 0 0 0 0 0 0 0 0 0 0 0
0 0 0 0 0 3 0 0 0 3 0 0 0 0 0 0 0 0 0 0 0 0 0 0 0 0 0 0 0
0 0 0 0 0 3 0 0 0 3 0 0 0 0 0 0 0 0 0 0 0 0 0 0 0 0 0 0 0
0 0 0 0 0 3 3 3 3 3 0 0 0 0 0 0 0 0 0 0 0 0 0 0 0 0 0 0 0
0 0 0 0 0 0 0 3 0 0 0 0 0 0 0 0 0 0 0 0 0 0 0 0 0 0 0 0 0
0 0 0 0 0 0 0 0 0 0 0 0 0 0 0 0 0 0 0 0 0 0 0 0 0 0 0 0 0
