Example 1 input (7x15):
0 0 0 0 5 0 2 0 0 0 0 0 0 0 0
0 0 0 0 5 0 0 0 0 0 0 2 0 0 0
0 1 0 0 5 0 0 0 0 0 0 0 0 0 0
0 0 0 0 5 0 0 2 0 0 0 0 0 0 0
0 0 1 0 5 0 0 0 0 0 0 0 0 0 0
1 0 0 0 5 0 0 0 0 0 0 0 0 2 0
0 0 0 0 5 0 0 0 2 0 0 0 0 0 0

Example 1 output (7x15):
0 0 0 0 0 0 1 0 0 5 0 0 0 0 0
0 0 0 0 0 0 0 0 0 5 0 2 0 0 0
0 1 0 0 0 0 0 0 0 5 0 0 0 0 0
0 0 0 0 0 0 0 1 0 5 0 0 0 0 0
0 0 1 0 0 0 0 0 0 5 0 0 0 0 0
1 0 0 0 0 0 0 0 0 5 0 0 0 2 0
0 0 0 0 0 0 0 0 1 5 0 0 0 0 0

Example 2 input (7x15):
0 0 0 1 0 5 2 0 0 0 2 0 0 0 0
0 1 0 0 0 5 0 2 0 0 0 0 0 0 0
0 0 0 0 0 5 0 0 0 2 0 0 0 2 0
0 0 0 1 0 5 0 0 0 0 0 0 2 0 0
0 0 0 0 0 5 0 0 2 0 0 0 0 0 0
1 0 0 0 1 5 0 0 0 0 0 0 0 0 2
0 0 0 0 0 5 2 0 0 2 0 0 0 0 0

Example 2 output (7x15):
0 0 0 1 0 0 1 0 0 0 1 5 0 0 0
0 1 0 0 0 0 0 1 0 0 0 5 0 0 0
0 0 0 0 0 0 0 0 0 1 0 5 0 2 0
0 0 0 1 0 0 0 0 0 0 0 5 2 0 0
0 0 0 0 0 0 0 0 1 0 0 5 0 0 0
1 0 0 0 1 0 0 0 0 0 0 5 0 0 2
0 0 0 0 0 0 1 0 0 1 0 5 0 0 0

Example 3 input (7x15):
0 5 0 0 0 0 0 0 0 0 0 0 0 0 0
1 5 0 0 2 0 0 0 0 0 0 2 0 0 0
0 5 0 0 2 0 0 0 0 2 0 0 0 0 0
0 5 0 0 0 0 0 0 0 0 0 0 0 0 0
0 5 0 0 0 0 0 0 0 0 0 0 0 0 0
0 5 0 0 0 0 2 0 0 0 0 0 2 0 0
0 5 0 0 0 0 0 0 0 0 0 0 0 0 0

Example 3 output (7x15):
0 0 0 5 0 0 0 0 0 0 0 0 0 0 0
1 0 0 5 2 0 0 0 0 0 0 2 0 0 0
0 0 0 5 2 0 0 0 0 2 0 0 0 0 0
0 0 0 5 0 0 0 0 0 0 0 0 0 0 0
0 0 0 5 0 0 0 0 0 0 0 0 0 0 0
0 0 0 5 0 0 2 0 0 0 0 0 2 0 0
0 0 0 5 0 0 0 0 0 0 0 0 0 0 0

Example 4 input (7x15):
0 0 0 5 0 0 0 0 0 0 0 0 0 0 2
1 0 0 5 0 2 0 0 0 0 0 0 0 2 0
0 0 0 5 0 0 0 0 0 0 0 2 0 0 0
0 0 0 5 0 0 0 0 0 0 0 0 0 0 0
0 0 1 5 0 0 0 0 0 2 0 0 2 0 0
0 0 0 5 0 0 2 0 0 0 0 0 0 2 0
0 0 0 5 0 0 0 0 0 0 0 0 0 0 0

Example 4 output (7x15):
0 0 0 0 0 0 0 5 0 0 0 0 0 0 2
1 0 0 0 0 2 0 5 0 0 0 0 0 2 0
0 0 0 0 0 0 0 5 0 0 0 2 0 0 0
0 0 0 0 0 0 0 5 0 0 0 0 0 0 0
0 0 1 0 0 0 0 5 0 2 0 0 2 0 0
0 0 0 0 0 0 2 5 0 0 0 0 0 2 0
0 0 0 0 0 0 0 5 0 0 0 0 0 0 0

Test input (7x15):
0 0 5 2 0 0 0 2 0 0 2 0 0 2 0
1 0 5 0 0 0 2 0 0 0 0 0 0 0 0
0 0 5 0 0 0 0 0 2 0 0 0 0 0 2
0 0 5 0 2 0 0 0 0 0 0 2 0 0 0
0 1 5 0 0 0 0 0 2 0 0 0 2 0 0
1 0 5 2 0 0 0 0 0 0 0 0 0 0 0
0 0 5 0 0 0 2 0 0 0 2 0 0 0 2
