Example 1 input (13x13):
1 1 0 1 1 1 1 0 1 1 1 1 1
1 0 1 1 1 1 1 1 1 1 1 1 1
1 1 1 1 1 0 1 1 1 1 1 1 1
1 1 1 1 0 0 0 1 1 0 1 1 0
1 1 0 0 1 1 0 1 1 0 1 1 1
0 1 1 1 1 1 1 1 1 1 1 1 1
1 1 1 1 1 1 0 1 1 1 1 1 1
0 1 1 0 1 1 1 1 0 1 1 1 1
1 1 1 1 1 1 1 1 1 1 1 1 1
1 1 1 1 1 1 1 1 1 0 1 0 1
1 0 1 1 1 1 0 0 1 1 1 1 1
0 1 1 1 1 1 1 0 1 1 1 1 1
1 1 1 1 1 1 1 1 1 0 0 1 1

Example 1 output (13x13):
1 1 0 1 1 1 1 0 1 1 1 1 1
1 0 1 1 1 1 1 1 1 1 1 1 1
1 1 1 1 1 8 1 1 1 1 1 1 1
1 1 1 1 8 8 8 1 1 8 1 1 0
1 1 8 8 1 1 8 1 1 8 1 1 1
0 1 1 1 1 1 1 1 1 1 1 1 1
1 1 1 1 1 1 0 1 1 1 1 1 1
0 1 1 0 1 1 1 1 0 1 1 1 1
1 1 1 1 1 1 1 1 1 1 1 1 1
1 1 1 1 1 1 1 1 1 0 1 0 1
1 0 1 1 1 1 8 8 1 1 1 1 1
0 1 1 1 1 1 1 8 1 1 1 1 1
1 1 1 1 1 1 1 1 1 8 8 1 1

Example 2 input (13x13):
1 1 1 0 0 1 1 1 0 1 0 1 1
1 1 0 1 1 1 1 1 0 0 1 0 1
1 0 1 1 1 1 1 1 1 1 0 1 1
1 1 0 0 1 0 1 1 0 1 1 1 1
1 0 1 1 1 1 1 1 1 1 1 0 1
1 1 1 0 1 1 1 0 1 0 1 1 1
1 0 0 1 1 1 0 1 1 0 0 1 1
1 0 0 1 1 0 1 1 1 1 1 1 0
1 0 1 0 1 1 1 1 1 0 1 1 1
0 0 1 1 1 1 1 0 1 1 1 1 1
0 1 1 1 0 1 1 1 0 1 1 1 1
1 1 1 1 1 0 1 0 1 0 1 0 1
1 0 1 1 0 1 1 1 1 1 0 0 1

Example 2 output (13x13):
1 1 1 8 8 1 1 1 8 1 0 1 1
1 1 0 1 1 1 1 1 8 8 1 0 1
1 0 1 1 1 1 1 1 1 1 0 1 1
1 1 8 8 1 0 1 1 0 1 1 1 1
1 0 1 1 1 1 1 1 1 1 1 0 1
1 1 1 0 1 1 1 0 1 8 1 1 1
1 8 8 1 1 1 0 1 1 8 8 1 1
1 8 8 1 1 0 1 1 1 1 1 1 0
1 8 1 0 1 1 1 1 1 0 1 1 1
8 8 1 1 1 1 1 0 1 1 1 1 1
8 1 1 1 0 1 1 1 0 1 1 1 1
1 1 1 1 1 0 1 0 1 0 1 8 1
1 0 1 1 0 1 1 1 1 1 8 8 1

Example 3 input (13x13):
1 1 1 1 1 1 1 1 0 1 1 0 1
1 1 1 0 1 1 1 1 0 1 1 1 0
1 1 1 1 1 1 1 1 1 1 1 1 1
1 0 1 1 0 1 1 1 0 1 1 1 1
1 1 1 1 1 1 1 1 1 1 1 1 1
0 1 1 1 1 1 1 1 1 0 0 1 1
0 1 0 0 0 1 1 1 0 1 1 0 1
1 1 0 0 1 1 1 1 1 1 1 1 0
1 1 1 0 1 1 1 1 1 1 0 1 0
0 1 1 1 1 1 1 0 0 1 1 1 1
1 1 1 1 1 1 1 1 1 0 1 0 1
1 1 1 1 1 1 0 1 1 1 1 0 1
0 1 1 0 1 1 1 1 1 1 0 1 1

Example 3 output (13x13):
1 1 1 1 1 1 1 1 8 1 1 0 1
1 1 1 0 1 1 1 1 8 1 1 1 0
1 1 1 1 1 1 1 1 1 1 1 1 1
1 0 1 1 0 1 1 1 0 1 1 1 1
1 1 1 1 1 1 1 1 1 1 1 1 1
8 1 1 1 1 1 1 1 1 8 8 1 1
8 1 8 8 8 1 1 1 0 1 1 0 1
1 1 8 8 1 1 1 1 1 1 1 1 8
1 1 1 8 1 1 1 1 1 1 0 1 8
0 1 1 1 1 1 1 8 8 1 1 1 1
1 1 1 1 1 1 1 1 1 0 1 8 1
1 1 1 1 1 1 0 1 1 1 1 8 1
0 1 1 0 1 1 1 1 1 1 0 1 1

Test input (13x13):
1 1 1 0 0 1 1 1 1 1 0 0 1
0 1 1 1 0 1 1 1 1 1 1 0 0
1 1 0 0 0 1 1 0 1 1 0 1 0
0 1 1 0 1 1 1 1 1 0 1 0 1
1 1 1 1 1 0 1 1 1 1 1 1 1
1 0 1 0 1 1 0 1 1 1 0 1 0
1 0 0 1 0 1 0 1 1 1 1 1 0
1 0 1 0 1 1 1 1 0 0 0 1 0
1 1 1 1 1 1 0 1 1 1 0 1 0
1 0 1 0 0 1 1 1 1 0 0 1 1
0 1 1 0 1 1 1 1 0 1 0 1 1
1 1 1 1 0 1 1 1 1 1 0 1 0
1 1 1 1 1 1 0 1 0 1 1 1 1
