Example 1 input (13x13):
0 0 0 0 0 0 0 0 0 0 0 0 0
0 0 0 8 8 8 8 8 8 8 0 0 0
0 0 0 2 2 2 2 2 2 2 0 0 0
0 0 0 0 0 0 2 0 0 0 0 0 0
0 0 0 3 3 3 3 3 3 3 0 0 0
0 0 0 0 0 0 1 0 0 0 0 0 0
0 0 0 0 0 0 1 0 0 0 0 0 0
0 0 0 1 1 1 1 1 1 1 0 0 0
0 0 0 1 0 0 0 0 0 1 0 0 0
0 0 0 1 1 1 1 1 1 1 0 0 0
0 0 0 0 0 0 4 0 0 0 0 0 0
0 0 0 4 4 4 4 4 4 4 0 0 0
0 0 0 0 0 0 0 0 0 0 0 0 0

Example 1 output (13x13):
0 0 0 0 0 0 0 0 0 0 0 0 0
0 0 0 0 0 0 4 0 0 0 0 0 0
0 0 0 4 4 4 4 4 4 4 0 0 0
0 0 0 0 0 0 1 0 0 0 0 0 0
0 0 0 0 0 0 1 0 0 0 0 0 0
0 0 0 1 1 1 1 1 1 1 0 0 0
0 0 0 1 0 0 0 0 0 1 0 0 0
0 0 0 1 1 1 1 1 1 1 0 0 0
0 0 0 3 3 3 3 3 3 3 0 0 0
0 0 0 2 2 2 2 2 2 2 0 0 0
0 0 0 0 0 0 2 0 0 0 0 0 0
0 0 0 8 8 8 8 8 8 8 0 0 0
0 0 0 0 0 0 0 0 0 0 0 0 0

Example 2 input (13x13):
0 0 0 0 0 0 0 0 0 0 0 0 0
0 0 0 1 1 1 0 1 1 1 0 0 0
0 0 0 0 0 1 1 1 0 0 0 0 0
0 0 0 2 2 2 2 2 2 2 0 0 0
0 0 0 2 0 0 0 0 0 2 0 0 0
0 0 0 2 2 2 2 2 2 2 0 0 0
0 0 0 0 0 3 3 3 0 0 0 0 0
0 0 0 0 0 3 0 3 0 0 0 0 0
0 0 0 0 0 0 3 0 0 0 0 0 0
0 4 4 4 4 4 4 4 4 4 4 4 0
0 0 0 5 5 5 5 5 5 5 0 0 0
0 0 0 5 5 0 0 0 5 5 0 0 0
0 0 0 0 0 0 0 0 0 0 0 0 0

Example 2 output (13x13):
0 0 0 0 0 0 0 0 0 0 0 0 0
0 0 0 5 5 5 5 5 5 5 0 0 0
0 0 0 5 5 0 0 0 5 5 0 0 0
0 4 4 4 4 4 4 4 4 4 4 4 0
0 0 0 0 0 3 3 3 0 0 0 0 0
0 0 0 0 0 3 0 3 0 0 0 0 0
0 0 0 0 0 0 3 0 0 0 0 0 0
0 0 0 2 2 2 2 2 2 2 0 0 0
0 0 0 2 0 0 0 0 0 2 0 0 0
0 0 0 2 2 2 2 2 2 2 0 0 0
0 0 0 1 1 1 0 1 1 1 0 0 0
0 0 0 0 0 1 1 1 0 0 0 0 0
0 0 0 0 0 0 0 0 0 0 0 0 0

Example 3 input (7x7):
0 0 0 0 0 0 0
0 1 1 1 1 1 0
0 0 2 2 2 0 0
0 0 2 2 2 0 0
0 3 3 3 3 3 0
0 0 0 3 0 0 0
0 0 0 0 0 0 0

Example 3 output (7x7):
0 0 0 0 0 0 0
0 3 3 3 3 3 0
0 0 0 3 0 0 0
0 0 2 2 2 0 0
0 0 2 2 2 0 0
0 1 1 1 1 1 0
0 0 0 0 0 0 0

Test 1 input (7x7):
0 0 0 0 0 0 0
0 4 4 4 4 4 0
0 4 0 4 0 4 0
0 0 5 5 5 0 0
0 6 0 6 0 6 0
0 0 6 0 6 0 0
0 0 0 0 0 0 0

Test 2 input (13x10):
0 0 0 0 0 0 0 0 0 0
0 0 3 3 3 3 3 3 0 0
0 0 3 0 3 3 0 3 0 0
0 0 3 3 3 3 3 3 0 0
0 0 0 2 2 2 2 0 0 0
0 0 0 2 0 0 2 0 0 0
0 0 0 2 2 2 2 0 0 0
0 0 0 0 2 2 0 0 0 0
0 0 4 4 4 4 4 4 0 0
0 0 0 8 0 0 8 0 0 0
0 0 0 0 8 8 0 0 0 0
0 0 0 6 6 6 6 0 0 0
0 0 0 0 0 0 0 0 0 0
