Example 1 input (4x8):
6 6 6 6 5 0 5 0
6 0 0 0 5 5 0 0
6 0 6 6 0 0 5 5
0 0 6 0 0 5 5 0

Example 1 output (4x4):
0 0 0 0
0 0 4 4
0 4 0 0
4 0 0 4

Example 2 input (4x8):
0 6 6 0 5 5 5 0
0 6 0 6 5 0 0 5
0 6 6 6 5 5 5 5
6 0 0 0 0 5 0 5

Example 2 output (4x4):
0 0 0 4
0 0 4 0
0 0 0 0
0 0 4 0

Example 3 input (4x8):
6 6 6 0 5 0 5 5
6 0 0 0 0 5 5 5
6 0 0 0 0 0 0 0
0 6 6 6 5 5 0 0

Example 3 output (4x4):
0 0 0 0
0 0 0 0
0 4 4 4
0 0 0 0

Example 4 input (4x8):
6 0 6 0 0 0 5 5
0 6 6 6 5 0 5 5
6 6 0 6 5 0 5 5
6 6 0 0 5 0 0 0

Example 4 output (4x4):
0 4 0 0
0 0 0 0
0 0 0 0
0 0 4 4

Test 1 input (4x8):
6 0 6 6 5 0 0 5
0 0 0 6 5 5 5 5
0 6 6 0 5 5 0 5
6 6 0 0 5 5 5 0

Test 2 input (4x8):
0 6 0 0 0 5 0 5
0 6 0 0 0 0 0 5
6 0 0 0 5 5 0 0
6 6 0 6 0 0 0 5
