Example 1 input (14x15):
0 0 0 0 0 0 0 0 0 0 0 0 0 0 0
0 0 0 0 0 8 0 0 0 0 0 0 0 0 0
0 0 0 0 0 0 0 0 0 0 0 0 0 0 0
0 0 0 0 0 0 0 0 0 0 0 0 0 0 0
0 0 4 0 0 0 0 0 0 0 0 0 0 0 0
0 0 0 0 0 0 0 0 0 3 0 0 0 0 0
0 0 0 0 0 0 0 0 0 0 0 0 0 0 0
0 0 0 0 0 2 0 0 0 0 0 0 0 0 0
0 0 0 0 0 0 0 0 0 0 0 0 0 0 0
0 0 0 0 0 0 0 0 0 0 0 0 0 0 0
0 0 0 0 0 0 0 0 0 0 0 0 0 0 0
0 0 0 6 0 0 0 0 0 0 0 0 0 0 0
0 0 0 0 0 0 0 0 0 0 0 0 0 0 0
0 0 0 0 0 0 0 0 0 0 0 0 0 0 0

Example 1 output (14x15):
0 0 0 0 0 0 0 0 0 0 0 0 0 0 0
0 0 8 8 8 8 8 8 8 8 0 0 0 0 0
0 0 4 0 0 5 0 0 0 3 0 0 0 0 0
0 0 4 0 0 5 0 0 0 3 0 0 0 0 0
0 0 4 0 0 5 0 0 0 3 0 0 0 0 0
0 0 4 0 0 5 0 0 0 3 0 0 0 0 0
0 0 4 0 0 5 0 0 0 3 0 0 0 0 0
0 0 4 5 5 2 5 5 5 3 0 0 0 0 0
0 0 4 0 0 5 0 0 0 3 0 0 0 0 0
0 0 4 0 0 5 0 0 0 3 0 0 0 0 0
0 0 4 0 0 5 0 0 0 3 0 0 0 0 0
0 0 6 6 6 6 6 6 6 6 0 0 0 0 0
0 0 0 0 0 0 0 0 0 0 0 0 0 0 0
0 0 0 0 0 0 0 0 0 0 0 0 0 0 0

Example 2 input (15x14):
0 0 0 0 0 0 0 0 0 0 0 0 0 0
0 0 0 0 0 0 0 0 0 0 0 0 0 0
0 0 0 0 0 0 4 0 0 0 0 0 0 0
0 0 0 0 0 0 0 0 0 0 0 0 0 0
0 0 0 0 0 0 0 0 0 0 0 0 0 0
0 0 0 0 0 0 0 0 0 0 7 0 0 0
0 0 0 0 0 0 0 0 0 0 0 0 0 0
0 0 0 0 0 0 0 0 0 0 0 0 0 0
0 0 0 8 0 0 0 2 0 0 0 0 0 0
0 0 0 0 0 0 0 0 0 0 0 0 0 0
0 0 0 0 0 0 0 0 0 0 0 0 0 0
0 0 0 0 0 0 0 0 0 0 0 0 0 0
0 0 0 0 0 0 6 0 0 0 0 0 0 0
0 0 0 0 0 0 0 0 0 0 0 0 0 0
0 0 0 0 0 0 0 0 0 0 0 0 0 0

Example 2 output (15x14):
0 0 0 0 0 0 0 0 0 0 0 0 0 0
0 0 0 0 0 0 0 0 0 0 0 0 0 0
0 0 0 4 4 4 4 4 4 4 4 0 0 0
0 0 0 8 0 0 0 5 0 0 7 0 0 0
0 0 0 8 0 0 0 5 0 0 7 0 0 0
0 0 0 8 0 0 0 5 0 0 7 0 0 0
0 0 0 8 0 0 0 5 0 0 7 0 0 0
0 0 0 8 0 0 0 5 0 0 7 0 0 0
0 0 0 8 5 5 5 2 5 5 7 0 0 0
0 0 0 8 0 0 0 5 0 0 7 0 0 0
0 0 0 8 0 0 0 5 0 0 7 0 0 0
0 0 0 8 0 0 0 5 0 0 7 0 0 0
0 0 0 6 6 6 6 6 6 6 6 0 0 0
0 0 0 0 0 0 0 0 0 0 0 0 0 0
0 0 0 0 0 0 0 0 0 0 0 0 0 0

Example 3 input (15x15):
0 0 0 0 0 0 0 0 0 0 0 0 0 0 0
0 0 0 0 0 0 0 0 0 0 0 0 0 0 0
0 0 0 0 0 0 0 0 0 0 0 0 0 0 0
0 0 0 0 3 0 0 0 0 0 0 0 0 0 0
0 0 0 0 0 0 0 0 0 0 0 0 0 0 0
0 0 0 0 0 0 0 0 0 0 0 0 0 0 0
0 0 0 0 0 0 2 0 0 0 0 0 0 0 0
0 0 0 0 0 0 0 0 0 0 0 0 6 0 0
0 0 0 0 0 0 0 0 0 0 0 0 0 0 0
0 0 1 0 0 0 0 0 0 0 0 0 0 0 0
0 0 0 0 0 0 0 0 0 0 0 0 0 0 0
0 0 0 0 0 0 0 0 0 0 0 0 0 0 0
0 0 0 0 0 0 0 0 0 0 0 0 0 0 0
0 0 0 0 0 9 0 0 0 0 0 0 0 0 0
0 0 0 0 0 0 0 0 0 0 0 0 0 0 0

Example 3 output (15x15):
0 0 0 0 0 0 0 0 0 0 0 0 0 0 0
0 0 0 0 0 0 0 0 0 0 0 0 0 0 0
0 0 0 0 0 0 0 0 0 0 0 0 0 0 0
0 0 3 3 3 3 3 3 3 3 3 3 3 0 0
0 0 1 0 0 0 5 0 0 0 0 0 6 0 0
0 0 1 0 0 0 5 0 0 0 0 0 6 0 0
0 0 1 5 5 5 2 5 5 5 5 5 6 0 0
0 0 1 0 0 0 5 0 0 0 0 0 6 0 0
0 0 1 0 0 0 5 0 0 0 0 0 6 0 0
0 0 1 0 0 0 5 0 0 0 0 0 6 0 0
0 0 1 0 0 0 5 0 0 0 0 0 6 0 0
0 0 1 0 0 0 5 0 0 0 0 0 6 0 0
0 0 1 0 0 0 5 0 0 0 0 0 6 0 0
0 0 9 9 9 9 9 9 9 9 9 9 9 0 0
0 0 0 0 0 0 0 0 0 0 0 0 0 0 0

Test input (16x15):
0 0 0 0 0 0 0 0 0 0 0 0 0 0 0
0 0 0 0 0 0 0 1 0 0 0 0 0 0 0
0 0 0 0 0 0 0 0 0 0 0 0 0 0 0
0 0 0 0 0 0 0 0 0 0 0 0 0 0 0
0 0 0 0 0 0 0 0 0 0 0 0 0 0 0
0 0 0 0 0 0 0 0 0 0 0 0 0 0 0
0 0 0 0 0 0 0 0 0 0 0 0 0 0 0
0 0 0 0 2 0 0 0 0 0 0 3 0 0 0
0 0 0 0 0 0 0 0 0 0 0 0 0 0 0
0 0 7 0 0 0 0 0 0 0 0 0 0 0 0
0 0 0 0 0 0 0 0 0 0 0 0 0 0 0
0 0 0 0 0 0 0 0 0 0 0 0 0 0 0
0 0 0 0 0 0 0 0 0 0 0 0 0 0 0
0 0 0 0 0 0 4 0 0 0 0 0 0 0 0
0 0 0 0 0 0 0 0 0 0 0 0 0 0 0
0 0 0 0 0 0 0 0 0 0 0 0 0 0 0
