Example 1 input (6x6):
0 0 0 0 0 0
0 0 0 0 0 0
3 0 0 6 0 0
0 0 0 0 0 0
0 0 0 0 0 0
0 0 0 0 0 0

Example 1 output (6x6):
0 0 0 0 0 0
0 0 0 0 0 0
3 3 3 6 0 0
0 0 3 0 0 0
0 0 3 0 0 0
0 0 3 0 0 0

Example 2 input (8x6):
0 0 0 0 0 0
0 0 0 0 0 0
0 0 0 0 0 0
3 0 0 0 6 0
0 0 0 0 0 0
0 0 0 0 0 0
0 0 0 8 0 0
0 0 0 0 0 0

Example 2 output (8x6):
0 0 0 0 0 0
0 0 0 0 0 0
0 0 0 0 0 0
3 3 3 3 6 0
0 0 0 3 0 0
0 0 0 3 3 3
0 0 0 8 0 0
0 0 0 0 0 0

Example 3 input (8x8):
0 0 0 0 0 0 0 0
0 0 0 0 0 0 0 0
3 0 0 0 6 0 0 0
0 0 0 0 0 0 0 0
0 0 0 0 0 0 0 6
0 0 0 8 0 0 0 0
0 0 0 0 0 0 0 0
0 0 0 0 0 0 0 0

Example 3 output (8x8):
0 0 0 0 0 0 0 0
0 0 0 0 0 0 0 0
3 3 3 3 6 0 0 0
0 0 0 3 0 0 0 0
0 0 0 3 3 3 3 6
0 0 0 8 0 0 3 0
0 0 0 0 0 0 3 0
0 0 0 0 0 0 3 0

Example 4 input (6x6):
0 0 0 0 0 0
0 0 0 0 0 0
3 0 0 0 8 0
0 0 0 0 0 0
0 0 0 0 0 0
0 0 0 0 0 0

Example 4 output (6x6):
0 0 0 3 0 0
0 0 0 3 0 0
3 3 3 3 8 0
0 0 0 0 0 0
0 0 0 0 0 0
0 0 0 0 0 0

Example 5 input (9x8):
0 0 6 0 0 0 0 0
0 0 0 0 0 0 8 0
0 0 0 0 0 0 0 0
0 0 0 0 0 0 0 0
3 0 0 8 0 0 0 0
0 0 0 0 0 0 0 0
0 0 0 0 0 0 0 0
0 0 0 0 0 0 0 0
0 0 0 0 0 0 0 0

Example 5 output (9x8):
0 0 6 0 0 3 0 0
0 0 3 3 3 3 8 0
0 0 3 0 0 0 0 0
0 0 3 0 0 0 0 0
3 3 3 8 0 0 0 0
0 0 0 0 0 0 0 0
0 0 0 0 0 0 0 0
0 0 0 0 0 0 0 0
0 0 0 0 0 0 0 0

Test input (10x12):
0 0 0 0 0 0 0 0 0 6 0 0
0 0 0 0 0 0 6 0 0 0 0 0
0 0 0 0 0 0 0 0 0 0 8 0
0 0 6 0 0 0 0 0 0 0 0 0
0 0 0 0 0 0 0 8 0 0 0 0
0 0 0 0 0 0 0 0 0 0 0 0
0 0 0 0 0 0 0 0 0 0 0 0
3 0 0 8 0 0 0 0 0 0 0 0
0 0 0 0 0 0 0 0 0 0 0 0
0 0 0 0 0 0 0 0 0 0 0 0
