Example 1 input (9x9):
5 0 6 0 5 0 0 5 0
0 5 0 5 5 5 0 5 0
5 0 0 0 0 5 5 8 0
0 5 0 5 0 5 0 0 5
0 5 5 0 0 0 5 0 5
5 0 5 5 5 5 0 0 5
5 0 0 0 5 5 0 5 0
0 5 5 5 0 0 5 0 0
0 0 5 0 5 0 0 5 0

Example 1 output (9x9):
5 6 6 6 5 0 0 5 8
0 5 6 5 5 5 0 5 8
5 6 6 6 6 5 5 8 8
0 5 6 5 6 5 8 8 5
0 5 5 6 6 6 5 8 5
5 0 5 5 5 5 8 8 5
5 0 0 0 5 5 8 5 0
0 5 5 5 0 0 5 0 0
0 0 5 0 5 0 0 5 0

Example 2 input (9x9):
5 1 0 5 0 5 0 0 5
5 0 0 5 0 3 5 0 5
0 5 5 0 5 0 5 0 0
0 0 5 0 5 0 0 5 0
5 0 0 5 0 0 0 0 5
0 5 5 0 5 5 0 5 0
0 7 0 5 0 0 5 0 0
0 0 5 0 5 5 0 0 5
0 5 0 0 0 0 5 5 0

Example 2 output (9x9):
5 1 1 5 3 5 0 0 5
5 1 1 5 3 3 5 0 5
0 5 5 0 5 3 5 0 0
0 0 5 0 5 3 3 5 0
5 0 0 5 3 3 3 3 5
7 5 5 0 5 5 3 5 0
7 7 7 5 0 0 5 0 0
7 7 5 0 5 5 0 0 5
7 5 0 0 0 0 5 5 0

Example 3 input (7x7):
0 0 5 0 0 5 0
5 5 4 0 0 5 5
0 0 0 5 5 0 0
0 5 0 5 0 5 0
5 0 5 0 0 5 0
0 5 0 5 0 8 5
3 0 5 5 5 0 0

Example 3 output (7x7):
0 0 5 4 4 5 0
5 5 4 4 4 5 5
4 4 4 5 5 0 0
4 5 4 5 8 5 0
5 0 5 8 8 5 0
3 5 0 5 8 8 5
3 3 5 5 5 8 8

Test input (9x9):
0 0 0 5 0 3 0 5 0
5 5 5 0 0 0 5 5 0
0 8 5 5 0 5 0 5 0
0 0 5 0 5 0 0 5 5
5 0 5 0 0 5 0 0 0
0 0 0 5 0 0 5 0 0
5 5 0 5 0 5 0 0 5
0 5 0 0 5 0 5 5 0
0 0 5 5 0 6 0 0 5
