Example 1 input (2x12):
2 0 0 0 2 0 2 0 2 0 0 2
2 2 0 2 2 0 2 0 2 2 0 2

Example 1 output (8x7):
0 0 0 3 0 0 0
0 0 0 2 2 0 0
0 0 0 2 2 0 0
0 0 0 2 0 0 0
0 0 0 2 0 0 0
0 0 0 2 2 0 0
0 0 0 0 2 0 0
0 0 0 0 2 0 0

Example 2 input (2x12):
0 2 0 2 0 0 2 0 0 2 0 2
2 2 0 2 2 0 2 2 0 2 0 2

Example 2 output (8x7):
0 0 0 3 0 0 0
0 0 2 2 0 0 0
0 0 2 2 0 0 0
0 0 0 2 2 0 0
0 0 0 0 2 0 0
0 0 0 0 2 0 0
0 0 0 0 2 0 0
0 0 0 0 2 0 0

Example 3 input (2x12):
2 0 0 2 0 0 2 0 0 2 0 2
2 2 0 2 2 0 2 2 0 2 0 2

Example 3 output (8x7):
0 0 0 3 0 0 0
0 0 0 2 2 0 0
0 0 0 0 2 2 0
0 0 0 0 0 2 2
0 0 0 0 0 0 2
0 0 0 0 0 0 2
0 0 0 0 0 0 2
0 0 0 0 0 0 2

Test input (2x12):
2 0 2 0 0 2 0 0 0 2 0 2
2 0 2 2 0 2 2 0 2 2 0 2
