Example 1 input (22x22):
0 0 0 8 0 0 0 8 0 0 0 8 0 0 0 8 0 0 0 8 0 0
0 0 0 8 0 2 0 8 0 0 0 8 0 0 0 8 0 0 0 8 0 0
0 0 0 8 0 0 0 8 0 0 0 8 0 0 0 8 0 0 0 8 0 0
8 8 8 8 8 8 8 8 8 8 8 8 8 8 8 8 8 8 8 8 8 8
0 0 0 8 0 0 0 8 0 0 0 8 0 0 0 8 0 0 0 8 0 0
0 0 0 8 0 0 0 8 0 0 0 8 0 0 0 8 0 0 0 8 0 0
0 0 0 8 0 0 0 8 0 0 0 8 0 0 0 8 0 0 0 8 0 0
8 8 8 8 8 8 8 8 8 8 8 8 8 8 8 8 8 8 8 8 8 8
0 0 0 8 0 0 0 8 0 0 0 8 0 0 0 8 0 0 0 8 0 0
0 3 0 8 0 0 0 8 0 0 0 8 0 0 0 8 0 3 0 8 0 0
0 0 0 8 0 0 0 8 0 0 0 8 0 0 0 8 0 0 0 8 0 0
8 8 8 8 8 8 8 8 8 8 8 8 8 8 8 8 8 8 8 8 8 8
0 0 0 8 0 0 0 8 0 0 0 8 0 0 0 8 0 0 0 8 0 0
0 0 0 8 0 0 0 8 0 0 0 8 0 0 0 8 0 0 0 8 0 0
0 0 0 8 0 0 0 8 0 0 0 8 0 0 0 8 0 0 0 8 0 0
8 8 8 8 8 8 8 8 8 8 8 8 8 8 8 8 8 8 8 8 8 8
0 0 0 8 0 0 0 8 0 0 0 8 0 0 0 8 0 0 0 8 0 0
0 0 0 8 0 2 0 8 0 0 0 8 0 0 0 8 0 0 0 8 0 0
0 0 0 8 0 0 0 8 0 0 0 8 0 0 0 8 0 0 0 8 0 0
8 8 8 8 8 8 8 8 8 8 8 8 8 8 8 8 8 8 8 8 8 8
0 0 0 8 0 0 0 8 0 0 0 8 0 0 0 8 0 0 0 8 0 0
0 0 0 8 0 0 0 8 0 0 0 8 0 0 0 8 0 0 0 8 0 0

Example 1 output (22x22):
0 0 0 8 2 2 2 8 0 0 0 8 0 0 0 8 0 0 0 8 0 0
0 0 0 8 2 2 2 8 0 0 0 8 0 0 0 8 0 0 0 8 0 0
0 0 0 8 2 2 2 8 0 0 0 8 0 0 0 8 0 0 0 8 0 0
8 8 8 8 8 8 8 8 8 8 8 8 8 8 8 8 8 8 8 8 8 8
0 0 0 8 2 2 2 8 0 0 0 8 0 0 0 8 0 0 0 8 0 0
0 0 0 8 2 2 2 8 0 0 0 8 0 0 0 8 0 0 0 8 0 0
0 0 0 8 2 2 2 8 0 0 0 8 0 0 0 8 0 0 0 8 0 0
8 8 8 8 8 8 8 8 8 8 8 8 8 8 8 8 8 8 8 8 8 8
3 3 3 8 6 6 6 8 3 3 3 8 3 3 3 8 3 3 3 8 0 0
3 3 3 8 6 6 6 8 3 3 3 8 3 3 3 8 3 3 3 8 0 0
3 3 3 8 6 6 6 8 3 3 3 8 3 3 3 8 3 3 3 8 0 0
8 8 8 8 8 8 8 8 8 8 8 8 8 8 8 8 8 8 8 8 8 8
0 0 0 8 2 2 2 8 0 0 0 8 0 0 0 8 0 0 0 8 0 0
0 0 0 8 2 2 2 8 0 0 0 8 0 0 0 8 0 0 0 8 0 0
0 0 0 8 2 2 2 8 0 0 0 8 0 0 0 8 0 0 0 8 0 0
8 8 8 8 8 8 8 8 8 8 8 8 8 8 8 8 8 8 8 8 8 8
0 0 0 8 2 2 2 8 0 0 0 8 0 0 0 8 0 0 0 8 0 0
0 0 0 8 2 2 2 8 0 0 0 8 0 0 0 8 0 0 0 8 0 0
0 0 0 8 2 2 2 8 0 0 0 8 0 0 0 8 0 0 0 8 0 0
8 8 8 8 8 8 8 8 8 8 8 8 8 8 8 8 8 8 8 8 8 8
0 0 0 8 0 0 0 8 0 0 0 8 0 0 0 8 0 0 0 8 0 0
0 0 0 8 0 0 0 8 0 0 0 8 0 0 0 8 0 0 0 8 0 0

Example 2 input (24x24):
0 0 8 0 0 8 0 0 8 2 0 8 0 0 8 0 0 8 0 0 8 0 0 8
0 0 8 0 0 8 0 0 8 0 0 8 0 0 8 0 0 8 0 0 8 0 0 8
8 8 8 8 8 8 8 8 8 8 8 8 8 8 8 8 8 8 8 8 8 8 8 8
0 0 8 3 0 8 0 0 8 0 0 8 0 0 8 0 0 8 3 0 8 0 0 8
0 0 8 0 0 8 0 0 8 0 0 8 0 0 8 0 0 8 0 0 8 0 0 8
8 8 8 8 8 8 8 8 8 8 8 8 8 8 8 8 8 8 8 8 8 8 8 8
0 0 8 0 0 8 0 0 8 0 0 8 0 0 8 0 0 8 0 0 8 0 0 8
0 0 8 0 0 8 0 0 8 0 0 8 0 0 8 0 0 8 0 0 8 0 0 8
8 8 8 8 8 8 8 8 8 8 8 8 8 8 8 8 8 8 8 8 8 8 8 8
0 0 8 0 0 8 0 0 8 0 0 8 0 0 8 0 0 8 0 0 8 0 0 8
0 0 8 0 0 8 0 0 8 0 0 8 0 0 8 0 0 8 0 0 8 0 0 8
8 8 8 8 8 8 8 8 8 8 8 8 8 8 8 8 8 8 8 8 8 8 8 8
0 0 8 0 0 8 0 0 8 0 0 8 0 0 8 0 0 8 2 0 8 0 0 8
0 0 8 0 0 8 0 0 8 0 0 8 0 0 8 0 0 8 0 0 8 0 0 8
8 8 8 8 8 8 8 8 8 8 8 8 8 8 8 8 8 8 8 8 8 8 8 8
0 0 8 0 0 8 0 0 8 0 0 8 0 0 8 0 0 8 0 0 8 0 0 8
0 0 8 0 0 8 0 0 8 0 0 8 0 0 8 0 0 8 0 0 8 0 0 8
8 8 8 8 8 8 8 8 8 8 8 8 8 8 8 8 8 8 8 8 8 8 8 8
0 0 8 0 0 8 0 0 8 2 0 8 0 0 8 0 0 8 2 0 8 0 0 8
0 0 8 0 0 8 0 0 8 0 0 8 0 0 8 0 0 8 0 0 8 0 0 8
8 8 8 8 8 8 8 8 8 8 8 8 8 8 8 8 8 8 8 8 8 8 8 8
0 0 8 0 0 8 0 0 8 0 0 8 0 0 8 0 0 8 0 0 8 0 0 8
0 0 8 0 0 8 0 0 8 0 0 8 0 0 8 0 0 8 0 0 8 0 0 8
8 8 8 8 8 8 8 8 8 8 8 8 8 8 8 8 8 8 8 8 8 8 8 8

Example 2 output (24x24):
0 0 8 0 0 8 0 0 8 2 2 8 0 0 8 0 0 8 0 0 8 0 0 8
0 0 8 0 0 8 0 0 8 2 2 8 0 0 8 0 0 8 0 0 8 0 0 8
8 8 8 8 8 8 8 8 8 8 8 8 8 8 8 8 8 8 8 8 8 8 8 8
0 0 8 3 3 8 3 3 8 6 6 8 3 3 8 3 3 8 3 3 8 0 0 8
0 0 8 3 3 8 3 3 8 6 6 8 3 3 8 3 3 8 3 3 8 0 0 8
8 8 8 8 8 8 8 8 8 8 8 8 8 8 8 8 8 8 8 8 8 8 8 8
0 0 8 0 0 8 0 0 8 2 2 8 0 0 8 0 0 8 0 0 8 0 0 8
0 0 8 0 0 8 0 0 8 2 2 8 0 0 8 0 0 8 0 0 8 0 0 8
8 8 8 8 8 8 8 8 8 8 8 8 8 8 8 8 8 8 8 8 8 8 8 8
0 0 8 0 0 8 0 0 8 2 2 8 0 0 8 0 0 8 0 0 8 0 0 8
0 0 8 0 0 8 0 0 8 2 2 8 0 0 8 0 0 8 0 0 8 0 0 8
8 8 8 8 8 8 8 8 8 8 8 8 8 8 8 8 8 8 8 8 8 8 8 8
0 0 8 0 0 8 0 0 8 2 2 8 0 0 8 0 0 8 2 2 8 0 0 8
0 0 8 0 0 8 0 0 8 2 2 8 0 0 8 0 0 8 2 2 8 0 0 8
8 8 8 8 8 8 8 8 8 8 8 8 8 8 8 8 8 8 8 8 8 8 8 8
0 0 8 0 0 8 0 0 8 2 2 8 0 0 8 0 0 8 2 2 8 0 0 8
0 0 8 0 0 8 0 0 8 2 2 8 0 0 8 0 0 8 2 2 8 0 0 8
8 8 8 8 8 8 8 8 8 8 8 8 8 8 8 8 8 8 8 8 8 8 8 8
0 0 8 0 0 8 0 0 8 2 2 8 2 2 8 2 2 8 2 2 8 0 0 8
0 0 8 0 0 8 0 0 8 2 2 8 2 2 8 2 2 8 2 2 8 0 0 8
8 8 8 8 8 8 8 8 8 8 8 8 8 8 8 8 8 8 8 8 8 8 8 8
0 0 8 0 0 8 0 0 8 0 0 8 0 0 8 0 0 8 0 0 8 0 0 8
0 0 8 0 0 8 0 0 8 0 0 8 0 0 8 0 0 8 0 0 8 0 0 8
8 8 8 8 8 8 8 8 8 8 8 8 8 8 8 8 8 8 8 8 8 8 8 8

Example 3 input (26x26):
0 0 0 0 0 8 0 0 0 0 0 8 0 0 0 0 0 8 0 0 0 0 0 8 0 0
0 0 0 0 0 8 0 0 0 0 0 8 0 0 0 0 0 8 0 0 0 0 0 8 0 0
0 0 0 0 0 8 0 0 0 0 0 8 0 0 0 0 0 8 0 0 0 0 0 8 0 0
0 0 0 0 0 8 0 0 0 0 0 8 0 0 0 0 0 8 0 0 0 0 0 8 0 0
0 0 0 0 0 8 0 0 0 0 0 8 0 0 0 0 0 8 0 0 0 0 0 8 0 0
8 8 8 8 8 8 8 8 8 8 8 8 8 8 8 8 8 8 8 8 8 8 8 8 8 8
0 0 0 0 0 8 0 0 0 0 0 8 0 0 0 0 0 8 0 0 0 0 0 8 0 0
0 0 0 0 0 8 0 0 0 0 0 8 0 0 0 0 0 8 0 0 0 0 0 8 0 0
0 0 2 0 0 8 0 0 0 0 0 8 0 0 0 0 0 8 0 0 2 0 0 8 0 0
0 0 0 0 0 8 0 0 0 0 0 8 0 0 0 0 0 8 0 0 0 0 0 8 0 0
0 0 0 0 0 8 0 0 0 0 0 8 0 0 0 0 0 8 0 0 0 0 0 8 0 0
8 8 8 8 8 8 8 8 8 8 8 8 8 8 8 8 8 8 8 8 8 8 8 8 8 8
0 0 0 0 0 8 0 0 0 0 0 8 0 0 0 0 0 8 0 0 0 0 0 8 0 0
0 0 0 0 0 8 0 0 0 0 0 8 0 0 0 0 0 8 0 0 0 0 0 8 0 0
0 0 0 0 0 8 0 0 0 0 0 8 0 0 0 0 0 8 0 0 0 0 0 8 0 0
0 0 0 0 0 8 0 0 0 0 0 8 0 0 0 0 0 8 0 0 0 0 0 8 0 0
0 0 0 0 0 8 0 0 0 0 0 8 0 0 0 0 0 8 0 0 0 0 0 8 0 0
8 8 8 8 8 8 8 8 8 8 8 8 8 8 8 8 8 8 8 8 8 8 8 8 8 8
0 0 0 0 0 8 0 0 0 0 0 8 0 0 0 0 0 8 0 0 0 0 0 8 0 0
0 0 0 0 0 8 0 0 0 0 0 8 0 0 0 0 0 8 0 0 0 0 0 8 0 0
0 0 3 0 0 8 0 0 0 0 0 8 0 0 3 0 0 8 0 0 0 0 0 8 0 0
0 0 0 0 0 8 0 0 0 0 0 8 0 0 0 0 0 8 0 0 0 0 0 8 0 0
0 0 0 0 0 8 0 0 0 0 0 8 0 0 0 0 0 8 0 0 0 0 0 8 0 0
8 8 8 8 8 8 8 8 8 8 8 8 8 8 8 8 8 8 8 8 8 8 8 8 8 8
0 0 0 0 0 8 0 0 0 0 0 8 0 0 0 0 0 8 0 0 0 0 0 8 0 0
0 0 0 0 0 8 0 0 0 0 0 8 0 0 0 0 0 8 0 0 0 0 0 8 0 0

Example 3 output (26x26):
0 0 0 0 0 8 0 0 0 0 0 8 0 0 0 0 0 8 0 0 0 0 0 8 0 0
0 0 0 0 0 8 0 0 0 0 0 8 0 0 0 0 0 8 0 0 0 0 0 8 0 0
0 0 0 0 0 8 0 0 0 0 0 8 0 0 0 0 0 8 0 0 0 0 0 8 0 0
0 0 0 0 0 8 0 0 0 0 0 8 0 0 0 0 0 8 0 0 0 0 0 8 0 0
0 0 0 0 0 8 0 0 0 0 0 8 0 0 0 0 0 8 0 0 0 0 0 8 0 0
8 8 8 8 8 8 8 8 8 8 8 8 8 8 8 8 8 8 8 8 8 8 8 8 8 8
2 2 2 2 2 8 2 2 2 2 2 8 2 2 2 2 2 8 2 2 2 2 2 8 0 0
2 2 2 2 2 8 2 2 2 2 2 8 2 2 2 2 2 8 2 2 2 2 2 8 0 0
2 2 2 2 2 8 2 2 2 2 2 8 2 2 2 2 2 8 2 2 2 2 2 8 0 0
2 2 2 2 2 8 2 2 2 2 2 8 2 2 2 2 2 8 2 2 2 2 2 8 0 0
2 2 2 2 2 8 2 2 2 2 2 8 2 2 2 2 2 8 2 2 2 2 2 8 0 0
8 8 8 8 8 8 8 8 8 8 8 8 8 8 8 8 8 8 8 8 8 8 8 8 8 8
0 0 0 0 0 8 0 0 0 0 0 8 0 0 0 0 0 8 0 0 0 0 0 8 0 0
0 0 0 0 0 8 0 0 0 0 0 8 0 0 0 0 0 8 0 0 0 0 0 8 0 0
0 0 0 0 0 8 0 0 0 0 0 8 0 0 0 0 0 8 0 0 0 0 0 8 0 0
0 0 0 0 0 8 0 0 0 0 0 8 0 0 0 0 0 8 0 0 0 0 0 8 0 0
0 0 0 0 0 8 0 0 0 0 0 8 0 0 0 0 0 8 0 0 0 0 0 8 0 0
8 8 8 8 8 8 8 8 8 8 8 8 8 8 8 8 8 8 8 8 8 8 8 8 8 8
3 3 3 3 3 8 3 3 3 3 3 8 3 3 3 3 3 8 0 0 0 0 0 8 0 0
3 3 3 3 3 8 3 3 3 3 3 8 3 3 3 3 3 8 0 0 0 0 0 8 0 0
3 3 3 3 3 8 3 3 3 3 3 8 3 3 3 3 3 8 0 0 0 0 0 8 0 0
3 3 3 3 3 8 3 3 3 3 3 8 3 3 3 3 3 8 0 0 0 0 0 8 0 0
3 3 3 3 3 8 3 3 3 3 3 8 3 3 3 3 3 8 0 0 0 0 0 8 0 0
8 8 8 8 8 8 8 8 8 8 8 8 8 8 8 8 8 8 8 8 8 8 8 8 8 8
0 0 0 0 0 8 0 0 0 0 0 8 0 0 0 0 0 8 0 0 0 0 0 8 0 0
0 0 0 0 0 8 0 0 0 0 0 8 0 0 0 0 0 8 0 0 0 0 0 8 0 0

Test input (28x28):
0 0 0 0 8 0 0 0 0 8 0 0 0 0 8 0 0 0 0 8 0 0 0 0 8 0 0 0
0 0 0 0 8 0 0 0 0 8 0 0 3 0 8 0 0 0 0 8 0 0 0 0 8 0 0 0
0 0 0 0 8 0 0 0 0 8 0 0 0 0 8 0 0 0 0 8 0 0 0 0 8 0 0 0
0 0 0 0 8 0 0 0 0 8 0 0 0 0 8 0 0 0 0 8 0 0 0 0 8 0 0 0
8 8 8 8 8 8 8 8 8 8 8 8 8 8 8 8 8 8 8 8 8 8 8 8 8 8 8 8
0 0 0 0 8 0 0 0 0 8 0 0 0 0 8 0 0 0 0 8 0 0 0 0 8 0 0 0
0 0 2 0 8 0 0 0 0 8 0 0 0 0 8 0 0 0 0 8 0 0 2 0 8 0 0 0
0 0 0 0 8 0 0 0 0 8 0 0 0 0 8 0 0 0 0 8 0 0 0 0 8 0 0 0
0 0 0 0 8 0 0 0 0 8 0 0 0 0 8 0 0 0 0 8 0 0 0 0 8 0 0 0
8 8 8 8 8 8 8 8 8 8 8 8 8 8 8 8 8 8 8 8 8 8 8 8 8 8 8 8
0 0 0 0 8 0 0 0 0 8 0 0 0 0 8 0 0 0 0 8 0 0 0 0 8 0 0 0
0 0 0 0 8 0 0 0 0 8 0 0 0 0 8 0 0 0 0 8 0 0 0 0 8 0 0 0
0 0 0 0 8 0 0 0 0 8 0 0 0 0 8 0 0 0 0 8 0 0 0 0 8 0 0 0
0 0 0 0 8 0 0 0 0 8 0 0 0 0 8 0 0 0 0 8 0 0 0 0 8 0 0 0
8 8 8 8 8 8 8 8 8 8 8 8 8 8 8 8 8 8 8 8 8 8 8 8 8 8 8 8
0 0 0 0 8 0 0 0 0 8 0 0 0 0 8 0 0 0 0 8 0 0 0 0 8 0 0 0
0 0 2 0 8 0 0 0 0 8 0 0 0 0 8 0 0 0 0 8 0 0 0 0 8 0 0 0
0 0 0 0 8 0 0 0 0 8 0 0 0 0 8 0 0 0 0 8 0 0 0 0 8 0 0 0
0 0 0 0 8 0 0 0 0 8 0 0 0 0 8 0 0 0 0 8 0 0 0 0 8 0 0 0
8 8 8 8 8 8 8 8 8 8 8 8 8 8 8 8 8 8 8 8 8 8 8 8 8 8 8 8
0 0 0 0 8 0 0 0 0 8 0 0 0 0 8 0 0 0 0 8 0 0 0 0 8 0 0 0
0 0 0 0 8 0 0 0 0 8 0 0 3 0 8 0 0 0 0 8 0 0 0 0 8 0 0 0
0 0 0 0 8 0 0 0 0 8 0 0 0 0 8 0 0 0 0 8 0 0 0 0 8 0 0 0
0 0 0 0 8 0 0 0 0 8 0 0 0 0 8 0 0 0 0 8 0 0 0 0 8 0 0 0
8 8 8 8 8 8 8 8 8 8 8 8 8 8 8 8 8 8 8 8 8 8 8 8 8 8 8 8
0 0 0 0 8 0 0 0 0 8 0 0 0 0 8 0 0 0 0 8 0 0 0 0 8 0 0 0
0 0 0 0 8 0 0 0 0 8 0 0 0 0 8 0 0 0 0 8 0 0 0 0 8 0 0 0
0 0 0 0 8 0 0 0 0 8 0 0 0 0 8 0 0 0 0 8 0 0 0 0 8 0 0 0
