Example 1 input (13x11):
0 0 0 0 0 0 0 0 0 0 0
2 0 2 0 0 1 0 0 3 3 3
2 0 2 0 1 1 1 0 0 0 0
2 2 2 0 0 1 0 0 3 3 3
0 0 0 0 0 0 0 0 0 0 0
0 2 0 0 1 1 1 0 3 0 3
2 2 2 0 0 0 0 0 3 0 3
0 2 0 0 1 1 1 0 3 3 3
0 0 0 0 0 0 0 0 0 0 0
2 2 2 0 1 0 1 0 0 3 0
0 0 0 0 1 0 1 0 3 3 3
2 2 2 0 1 1 1 0 0 3 0
0 0 0 0 0 0 0 0 0 0 0

Example 1 output (3x11):
2 0 2 0 0 1 0 0 3 3 3
2 0 2 0 1 1 1 0 0 0 0
2 2 2 0 0 1 0 0 3 3 3

Example 2 input (9x11):
0 0 0 0 0 0 0 0 0 0 0
2 0 2 0 3 0 0 0 1 1 1
0 2 0 0 3 3 3 0 0 1 0
2 0 2 0 0 0 3 0 0 1 0
0 0 0 0 0 0 0 0 0 0 0
2 0 0 0 3 3 3 0 1 0 1
2 2 2 0 0 3 0 0 0 1 0
0 0 2 0 0 3 0 0 1 0 1
0 0 0 0 0 0 0 0 0 0 0

Example 2 output (3x11):
2 2 2 0 3 0 3 0 1 0 0
0 2 0 0 0 3 0 0 1 1 1
0 2 0 0 3 0 3 0 0 0 1

Example 3 input (5x15):
0 0 0 0 0 0 0 0 0 0 0 0 0 0 0
2 2 2 0 3 0 0 0 1 0 0 0 5 0 5
0 0 2 0 3 0 0 0 0 1 1 0 5 0 5
0 0 2 0 3 3 3 0 1 0 0 0 5 0 5
0 0 0 0 0 0 0 0 0 0 0 0 0 0 0

Example 3 output (3x15):
2 0 0 0 3 0 0 0 1 0 1 0 5 5 5
2 0 0 0 0 3 3 0 1 0 1 0 0 0 5
2 2 2 0 3 0 0 0 1 0 1 0 0 0 5

Example 4 input (9x15):
0 0 0 0 0 0 0 0 0 0 0 0 0 0 0
2 0 0 0 3 0 3 0 1 0 1 0 0 5 0
2 2 2 0 0 3 0 0 1 1 1 0 5 5 5
0 0 2 0 3 0 3 0 0 1 0 0 0 5 0
0 0 0 0 0 0 0 0 0 0 0 0 0 0 0
2 0 2 0 3 0 3 0 0 1 0 0 5 0 0
0 2 0 0 3 3 3 0 1 1 1 0 5 5 5
2 0 2 0 0 3 0 0 0 1 0 0 0 0 5
0 0 0 0 0 0 0 0 0 0 0 0 0 0 0

Example 4 output (3x15):
2 0 2 0 0 3 0 0 1 0 0 0 5 0 5
2 2 2 0 3 3 3 0 1 1 1 0 0 5 0
0 2 0 0 0 3 0 0 0 0 1 0 5 0 5

Test input (9x15):
0 0 0 0 0 0 0 0 0 0 0 0 0 0 0
2 2 0 0 3 3 0 0 1 0 1 0 0 5 0
0 2 0 0 0 0 3 0 1 0 1 0 5 5 5
2 2 2 0 3 3 0 0 1 0 1 0 0 5 0
0 0 0 0 0 0 0 0 0 0 0 0 0 0 0
2 2 0 0 3 0 3 0 0 1 0 0 5 5 0
0 0 2 0 3 0 3 0 1 1 1 0 0 5 0
2 2 0 0 3 0 3 0 0 1 0 0 5 5 5
0 0 0 0 0 0 0 0 0 0 0 0 0 0 0
