Example 1 input (5x5):
5 0 0 3 1
0 0 0 3 1
0 0 0 3 1
0 0 0 3 1
0 0 0 3 1

Example 1 output (5x5):
5 0 3 0 0
0 0 1 0 0
0 0 3 0 0
0 0 1 0 0
0 0 3 0 0

Example 2 input (7x7):
5 0 0 0 0 9 8
5 0 0 0 0 9 8
5 0 0 0 0 9 8
0 0 0 0 0 9 8
0 0 0 0 0 9 8
0 0 0 0 0 9 8
0 0 0 0 0 9 8

Example 2 output (7x7):
5 0 0 0 9 0 0
5 0 0 0 9 0 0
5 0 0 0 9 0 0
0 0 0 0 8 0 0
0 0 0 0 8 0 0
0 0 0 0 8 0 0
0 0 0 0 9 0 0

Example 3 input (9x7):
5 0 0 0 9 6 7
5 0 0 0 9 6 7
0 0 0 0 9 6 7
0 0 0 0 9 6 7
0 0 0 0 9 6 7
0 0 0 0 9 6 7
0 0 0 0 9 6 7
0 0 0 0 9 6 7
0 0 0 0 9 6 7

Example 3 output (9x7):
5 0 0 9 0 0 0
5 0 0 9 0 0 0
0 0 0 6 0 0 0
0 0 0 6 0 0 0
0 0 0 7 0 0 0
0 0 0 7 0 0 0
0 0 0 9 0 0 0
0 0 0 9 0 0 0
0 0 0 6 0 0 0

Example 4 input (12x8):
5 0 0 0 0 0 2 3
5 0 0 0 0 0 2 3
5 0 0 0 0 0 2 3
5 0 0 0 0 0 2 3
0 0 0 0 0 0 2 3
0 0 0 0 0 0 2 3
0 0 0 0 0 0 2 3
0 0 0 0 0 0 2 3
0 0 0 0 0 0 2 3
0 0 0 0 0 0 2 3
0 0 0 0 0 0 2 3
0 0 0 0 0 0 2 3

Example 4 output (12x8):
5 0 0 0 0 2 0 0
5 0 0 0 0 2 0 0
5 0 0 0 0 2 0 0
5 0 0 0 0 2 0 0
0 0 0 0 0 3 0 0
0 0 0 0 0 3 0 0
0 0 0 0 0 3 0 0
0 0 0 0 0 3 0 0
0 0 0 0 0 2 0 0
0 0 0 0 0 2 0 0
0 0 0 0 0 2 0 0
0 0 0 0 0 2 0 0

Example 5 input (14x6):
5 0 0 2 8 4
0 0 0 2 8 4
0 0 0 2 8 4
0 0 0 2 8 4
0 0 0 2 8 4
0 0 0 2 8 4
0 0 0 2 8 4
0 0 0 2 8 4
0 0 0 2 8 4
0 0 0 2 8 4
0 0 0 2 8 4
0 0 0 2 8 4
0 0 0 2 8 4
0 0 0 2 8 4

Example 5 output (14x6):
5 0 2 0 0 0
0 0 8 0 0 0
0 0 4 0 0 0
0 0 2 0 0 0
0 0 8 0 0 0
0 0 4 0 0 0
0 0 2 0 0 0
0 0 8 0 0 0
0 0 4 0 0 0
0 0 2 0 0 0
0 0 8 0 0 0
0 0 4 0 0 0
0 0 2 0 0 0
0 0 8 0 0 0

Test input (9x9):
5 0 0 0 0 0 4 8 3
5 0 0 0 0 0 4 8 3
0 0 0 0 0 0 4 8 3
0 0 0 0 0 0 4 8 3
0 0 0 0 0 0 4 8 3
0 0 0 0 0 0 4 8 3
0 0 0 0 0 0 4 8 3
0 0 0 0 0 0 4 8 3
0 0 0 0 0 0 4 8 3
