Example 1 input (7x7):
0 1 1 1 1 1 0
0 1 0 1 0 1 0
0 1 0 1 0 1 0
0 1 0 1 0 1 0
0 1 0 1 0 1 0
0 1 1 1 1 1 0
0 0 0 0 0 0 0

Example 1 output (7x7):
0 1 1 1 1 1 0
0 1 0 1 0 1 0
0 1 0 1 0 1 0
0 2 0 2 0 2 0
0 2 0 2 0 2 0
0 2 2 2 2 2 0
0 0 0 0 0 0 0

Example 2 input (8x9):
0 0 0 0 0 0 0 0 0
0 0 0 0 0 0 0 0 0
0 1 1 1 1 0 0 0 0
0 1 0 0 1 0 0 0 0
0 1 0 0 1 0 0 0 0
0 1 0 0 1 0 0 0 0
0 1 0 0 1 0 0 0 0
0 1 1 1 1 0 0 0 0

Example 2 output (8x9):
0 0 0 0 0 0 0 0 0
0 0 0 0 0 0 0 0 0
0 1 1 1 1 0 0 0 0
0 1 0 0 1 0 0 0 0
0 1 0 0 1 0 0 0 0
0 2 0 0 2 0 0 0 0
0 2 0 0 2 0 0 0 0
0 2 2 2 2 0 0 0 0

Example 3 input (9x9):
0 0 0 1 0 0 0 0 0
0 1 1 1 1 1 0 0 0
0 0 1 0 1 0 0 0 0
0 0 1 0 1 0 0 0 0
0 0 1 0 1 0 0 0 0
0 0 1 0 1 0 0 0 0
0 1 1 1 1 1 0 0 0
0 0 0 1 0 0 0 0 0
0 0 0 0 0 0 0 0 0

Example 3 output (9x9):
0 0 0 1 0 0 0 0 0
0 1 1 1 1 1 0 0 0
0 0 1 0 1 0 0 0 0
0 0 1 0 1 0 0 0 0
0 0 2 0 2 0 0 0 0
0 0 2 0 2 0 0 0 0
0 2 2 2 2 2 0 0 0
0 0 0 2 0 0 0 0 0
0 0 0 0 0 0 0 0 0

Test input (9x11):
0 0 0 0 0 0 0 0 0 0 0
0 0 0 0 0 0 0 0 0 0 0
0 0 0 0 1 1 1 1 0 0 0
0 0 0 1 0 0 0 0 1 0 0
1 1 1 0 0 0 0 0 0 1 0
1 1 1 0 0 0 0 0 0 1 0
0 0 0 1 0 0 0 0 1 0 0
0 0 0 0 1 1 1 1 0 0 0
0 0 0 0 0 0 0 0 0 0 0
