Example 1 input (12x12):
0 0 0 0 0 0 0 5 5 0 0 0
5 5 0 0 0 0 0 0 5 0 0 0
0 5 5 0 0 0 5 5 5 0 0 0
0 0 5 0 0 0 5 0 0 0 0 0
0 0 5 0 0 0 5 5 5 5 0 0
0 5 5 0 0 0 0 0 0 5 0 0
0 5 0 0 5 5 5 0 0 5 0 0
0 5 5 5 5 0 5 0 0 5 0 0
0 0 0 0 0 0 5 0 0 5 0 0
5 5 0 0 5 5 5 0 0 5 0 0
0 5 0 0 5 0 0 0 5 5 0 0
0 5 0 0 5 0 0 0 5 0 0 0

Example 1 output (4x1):
0
0
0
0

Example 2 input (3x3):
0 5 0
0 5 5
0 0 5

Example 2 output (2x1):
0
0

Example 3 input (7x7):
0 5 0 0 0 0 0
0 5 5 0 0 0 0
0 0 5 0 0 5 5
0 5 5 0 0 5 0
0 5 0 0 5 5 0
0 5 0 0 5 0 0
0 5 0 0 5 0 0

Example 3 output (3x1):
0
0
0

Example 4 input (9x12):
0 5 0 0 0 5 0 0 5 0 0 0
0 5 0 0 0 5 0 0 5 0 0 0
0 5 5 0 5 5 0 5 5 0 0 0
0 0 5 0 5 0 0 5 0 0 0 0
0 0 5 0 5 0 5 5 0 0 0 0
5 5 5 0 5 0 5 0 0 0 0 0
0 0 0 0 5 0 5 0 0 5 5 5
0 0 0 5 5 0 5 0 0 5 0 0
0 5 5 5 0 0 5 0 0 5 0 0

Example 4 output (5x1):
0
0
0
0
0

Test input (9x10):
0 0 5 0 0 0 5 0 0 0
0 0 5 0 0 0 5 5 0 0
0 0 5 5 0 0 0 5 0 0
0 0 0 5 0 0 0 5 5 0
0 5 5 5 0 0 0 0 5 0
0 5 0 0 0 0 5 5 5 0
0 5 0 0 0 0 5 0 0 0
0 5 5 0 0 5 5 0 0 0
0 0 5 0 0 5 0 0 0 0
