Example 1 input (19x19):
4 0 0 4 0 0 0 4 0 0 5 0 0 0 0 4 4 4 4
0 4 4 4 4 5 4 4 0 0 0 4 4 4 0 4 0 4 0
0 0 4 4 4 0 4 4 4 4 4 4 0 4 4 4 4 0 4
0 4 0 4 0 4 4 4 4 4 4 4 4 0 5 0 5 4 4
4 0 4 4 0 0 0 0 0 4 4 0 4 0 4 0 4 0 4
4 4 4 0 0 0 0 0 0 4 0 0 4 0 0 4 4 0 4
4 4 0 0 0 0 0 0 0 4 4 4 0 0 4 4 4 4 4
4 4 4 4 0 0 0 0 0 4 4 4 4 5 4 4 0 5 4
4 4 4 0 0 0 0 0 0 4 5 4 4 4 0 4 0 0 5
0 4 4 4 0 0 0 0 0 4 4 0 4 4 5 4 0 0 4
4 4 4 4 4 4 4 0 4 4 4 0 4 0 4 0 4 4 5
4 4 4 4 4 4 4 0 4 4 5 5 4 0 4 0 4 4 5
4 4 4 4 4 5 0 4 0 4 0 4 4 0 4 0 5 4 4
5 4 4 0 4 4 0 0 4 4 4 4 4 4 4 0 4 4 4
4 0 4 0 4 0 4 4 4 4 4 4 0 4 0 4 0 4 4
5 4 4 4 4 4 4 4 4 0 4 4 4 0 0 4 4 4 0
0 0 4 4 0 4 4 4 0 0 4 0 4 0 0 0 0 4 4
4 0 0 4 4 5 4 5 4 5 4 0 4 4 0 4 4 5 0
4 0 0 4 4 0 0 0 5 4 4 0 0 4 4 5 4 4 0

Example 1 output (19x19):
4 0 0 4 0 0 0 4 0 0 5 0 0 0 0 4 4 4 4
0 4 4 4 4 5 4 4 0 0 0 4 4 4 0 4 0 4 0
0 0 4 4 4 0 4 4 4 4 4 4 0 4 4 4 4 0 4
0 4 0 4 0 4 4 4 4 4 4 4 4 0 5 0 5 4 4
4 0 4 4 0 0 0 0 0 4 4 0 4 0 4 0 4 0 4
4 4 4 0 0 8 8 8 0 4 0 0 4 0 0 4 4 0 4
4 4 0 0 0 8 8 8 0 4 4 4 0 0 4 4 4 4 4
4 4 4 4 0 8 8 8 0 4 4 4 4 5 4 4 0 5 4
4 4 4 0 0 8 8 8 0 4 5 4 4 4 0 4 0 0 5
0 4 4 4 0 0 0 0 0 4 4 0 4 4 5 4 0 0 4
4 4 4 4 4 4 4 0 4 4 4 0 4 0 4 0 4 4 5
4 4 4 4 4 4 4 0 4 4 5 5 4 0 4 0 4 4 5
4 4 4 4 4 5 0 4 0 4 0 4 4 0 4 0 5 4 4
5 4 4 0 4 4 0 0 4 4 4 4 4 4 4 0 4 4 4
4 0 4 0 4 0 4 4 4 4 4 4 0 4 0 4 0 4 4
5 4 4 4 4 4 4 4 4 0 4 4 4 0 0 4 4 4 0
0 0 4 4 0 4 4 4 0 0 4 0 4 0 0 0 0 4 4
4 0 0 4 4 5 4 5 4 5 4 0 4 4 0 4 4 5 0
4 0 0 4 4 0 0 0 5 4 4 0 0 4 4 5 4 4 0

Example 2 input (15x15):
0 0 2 2 2 0 2 2 0 0 0 0 2 2 2
2 2 2 2 0 2 2 2 2 0 0 2 0 2 2
2 2 0 0 2 0 2 0 2 0 2 0 2 2 0
2 0 0 2 2 0 0 0 0 0 0 2 2 0 2
2 0 2 2 0 0 0 0 0 2 0 0 0 2 2
0 2 0 2 2 0 0 0 0 0 2 2 0 2 0
2 0 0 0 2 0 0 0 0 0 2 0 2 2 2
0 0 2 2 0 0 0 2 2 2 0 2 0 2 2
2 2 2 2 0 2 2 2 0 0 2 0 0 2 2
0 0 0 2 2 2 2 0 2 0 2 2 2 2 2
2 2 0 2 2 2 2 0 0 2 2 0 0 2 0
2 2 2 0 2 2 0 0 0 0 0 0 2 2 0
2 0 2 2 2 0 0 2 0 0 2 2 2 2 2
0 2 2 2 2 0 0 0 2 2 2 2 2 2 0
0 2 0 2 0 2 2 2 2 2 0 2 2 2 0

Example 2 output (15x15):
0 0 2 2 2 0 2 2 0 0 0 0 2 2 2
2 2 2 2 0 2 2 2 2 0 0 2 0 2 2
2 2 0 0 2 0 2 0 2 0 2 0 2 2 0
2 0 0 2 2 0 0 0 0 0 0 2 2 0 2
2 0 2 2 0 0 8 8 0 2 0 0 0 2 2
0 2 0 2 2 0 8 8 0 0 2 2 0 2 0
2 0 0 0 2 0 0 0 0 0 2 0 2 2 2
0 0 2 2 0 0 0 2 2 2 0 2 0 2 2
2 2 2 2 0 2 2 2 0 0 2 0 0 2 2
0 0 0 2 2 2 2 0 2 0 2 2 2 2 2
2 2 0 2 2 2 2 0 0 2 2 0 0 2 0
2 2 2 0 2 2 0 0 0 0 0 0 2 2 0
2 0 2 2 2 0 0 2 0 0 2 2 2 2 2
0 2 2 2 2 0 0 0 2 2 2 2 2 2 0
0 2 0 2 0 2 2 2 2 2 0 2 2 2 0

Example 3 input (16x16):
0 0 3 0 3 3 3 0 0 0 0 0 3 3 3 0
0 0 3 0 0 3 0 3 0 0 0 3 3 0 3 3
0 3 0 3 0 3 3 3 3 3 0 3 3 3 0 0
3 3 3 3 3 0 3 0 3 3 3 3 0 3 3 3
3 3 0 3 0 0 3 0 0 3 3 3 0 0 3 3
0 0 3 3 0 0 3 3 3 3 3 0 0 3 3 0
3 0 3 3 3 0 0 0 0 3 0 3 3 3 3 3
0 0 0 0 3 3 3 0 3 3 3 3 3 3 3 0
3 3 3 0 3 3 0 3 0 3 0 3 3 3 3 0
3 0 0 3 0 0 0 0 3 3 3 3 0 3 3 3
0 0 0 3 0 3 3 0 0 0 0 0 0 3 0 0
0 3 3 3 3 0 0 0 0 0 0 0 0 0 3 3
3 0 0 0 3 0 3 0 0 0 0 0 0 3 3 3
0 0 0 3 3 3 3 0 0 0 0 0 0 0 0 3
3 3 3 3 3 3 0 0 0 3 3 3 3 0 3 0
0 0 0 3 3 0 0 3 3 0 3 3 0 0 3 3

Example 3 output (16x16):
0 0 3 0 3 3 3 0 0 0 0 0 3 3 3 0
0 0 3 0 0 3 0 3 0 0 0 3 3 0 3 3
0 3 0 3 0 3 3 3 3 3 0 3 3 3 0 0
3 3 3 3 3 0 3 0 3 3 3 3 0 3 3 3
3 3 0 3 0 0 3 0 0 3 3 3 0 0 3 3
0 0 3 3 0 0 3 3 3 3 3 0 0 3 3 0
3 0 3 3 3 0 0 0 0 3 0 3 3 3 3 3
0 0 0 0 3 3 3 0 3 3 3 3 3 3 3 0
3 3 3 0 3 3 0 3 0 3 0 3 3 3 3 0
3 0 0 3 0 0 0 0 3 3 3 3 0 3 3 3
0 0 0 3 0 3 3 0 0 0 0 0 0 3 0 0
0 3 3 3 3 0 0 0 8 8 8 8 0 0 3 3
3 0 0 0 3 0 3 0 8 8 8 8 0 3 3 3
0 0 0 3 3 3 3 0 0 0 0 0 0 0 0 3
3 3 3 3 3 3 0 0 0 3 3 3 3 0 3 0
0 0 0 3 3 0 0 3 3 0 3 3 0 0 3 3

Test input (21x21):
7 7 0 0 0 7 7 7 0 0 0 7 0 0 7 7 0 7 0 7 7
7 0 7 7 7 0 0 0 0 7 7 7 7 7 7 0 0 7 7 0 0
7 7 7 7 7 0 7 0 0 7 7 7 7 7 0 0 7 7 7 7 0
7 0 0 7 0 7 7 7 0 0 7 0 0 0 0 7 0 0 7 7 0
7 7 7 7 0 7 7 0 7 0 7 7 7 7 0 7 7 7 7 7 7
7 7 0 7 7 7 7 0 7 7 7 7 7 0 7 7 7 7 7 7 7
0 7 7 7 0 0 7 7 7 7 0 0 7 0 0 7 7 7 7 7 7
7 0 0 7 0 0 7 7 7 7 0 7 0 7 7 7 7 0 7 7 7
7 7 7 0 7 0 7 7 7 0 7 7 7 7 7 7 7 0 0 0 7
7 7 7 0 7 7 7 7 0 7 0 7 7 7 7 7 0 7 7 7 7
0 7 7 0 7 0 7 0 0 7 7 7 7 7 0 7 0 0 0 7 7
7 7 7 7 7 7 7 7 7 0 7 0 7 7 7 7 7 7 0 0 0
7 7 0 0 0 7 7 0 7 7 0 0 0 0 0 0 0 7 0 7 7
0 7 7 0 0 7 0 0 7 7 0 0 0 0 0 0 7 7 0 0 7
7 7 7 0 7 7 0 7 7 7 0 0 0 0 0 0 0 7 0 7 0
7 0 7 7 0 7 0 7 0 7 0 0 0 0 0 0 7 7 7 0 0
7 7 7 7 7 7 0 0 7 7 0 0 0 0 0 0 7 7 0 7 7
0 0 7 7 0 7 0 0 7 7 0 0 0 7 7 0 0 7 0 0 7
7 0 7 7 7 7 0 7 7 7 7 7 7 0 7 0 0 0 0 0 0
0 7 7 0 0 7 7 0 7 0 0 0 0 7 0 7 7 7 7 7 7
0 7 7 0 7 7 7 0 0 7 7 0 0 7 7 0 7 7 0 7 7
