Example 1 input (11x9):
7 0 0 0 4 0 0 9 0
7 7 0 0 4 9 9 0 9
0 0 0 0 4 0 9 9 0
0 0 7 0 4 0 0 0 0
7 0 7 7 4 9 0 0 0
4 4 4 4 4 4 4 4 4
2 0 2 0 4 0 0 0 0
2 0 0 2 4 0 0 8 8
2 0 0 2 4 8 0 0 8
0 0 0 2 4 0 8 0 0
0 0 0 0 4 0 0 8 8

Example 1 output (5x4):
7 0 9 0
7 7 8 8
8 9 9 8
0 8 7 2
7 0 8 8

Example 2 input (11x9):
0 7 7 0 4 0 0 0 0
0 0 0 0 4 0 9 0 9
0 7 7 0 4 9 9 0 9
7 0 7 7 4 0 0 0 9
7 0 7 7 4 9 0 0 9
4 4 4 4 4 4 4 4 4
0 0 2 2 4 8 8 8 0
0 2 0 2 4 0 0 0 8
2 2 2 2 4 0 0 8 8
0 0 2 2 4 8 0 0 0
0 0 2 0 4 0 8 8 0

Example 2 output (5x4):
8 8 8 2
0 9 0 8
9 7 8 8
8 0 7 7
7 8 8 7

Example 3 input (11x9):
7 7 7 0 4 9 0 0 0
7 7 7 7 4 0 9 0 9
7 7 7 7 4 0 0 9 0
0 7 0 7 4 9 9 9 9
7 7 0 7 4 9 0 0 9
4 4 4 4 4 4 4 4 4
0 2 0 2 4 0 0 0 8
2 2 2 0 4 0 8 0 0
2 0 2 2 4 0 0 0 8
0 0 2 2 4 0 8 0 0
0 2 2 0 4 8 8 0 0

Example 3 output (5x4):
7 7 7 8
7 8 7 7
7 7 7 8
9 8 9 7
8 8 2 7

Example 4 input (11x9):
0 7 0 0 4 9 0 9 0
7 7 0 0 4 9 0 0 0
0 0 0 0 4 9 0 9 9
0 7 7 7 4 0 0 0 0
0 0 7 7 4 0 0 9 9
4 4 4 4 4 4 4 4 4
0 2 2 0 4 8 8 0 0
2 2 0 2 4 8 0 8 8
2 0 2 2 4 0 8 0 8
2 0 2 2 4 0 8 8 0
2 0 0 0 4 0 0 8 0

Example 4 output (5x4):
8 8 9 0
8 7 8 8
9 8 9 8
2 8 8 7
2 0 8 7

Example 5 input (11x9):
0 0 0 0 4 0 9 0 0
7 0 7 7 4 9 9 9 9
7 0 7 7 4 9 9 0 0
7 7 0 0 4 0 0 9 0
7 0 0 7 4 9 9 9 0
4 4 4 4 4 4 4 4 4
0 2 2 2 4 8 0 0 0
2 2 2 2 4 8 8 8 8
2 0 0 2 4 8 8 8 0
2 2 0 0 4 0 8 8 8
2 2 2 0 4 0 8 8 0

Example 5 output (5x4):
8 9 2 2
8 8 8 8
8 8 8 7
7 8 8 8
7 8 8 7

Example 6 input (11x9):
7 0 7 7 4 0 9 9 9
0 7 7 0 4 9 9 9 0
0 0 0 0 4 9 0 0 0
7 0 0 7 4 9 9 9 0
7 0 7 7 4 9 0 9 0
4 4 4 4 4 4 4 4 4
0 2 0 0 4 0 0 8 0
2 0 2 2 4 8 0 8 8
0 2 0 0 4 0 0 8 8
2 0 2 2 4 8 0 0 8
2 2 2 0 4 8 8 0 0

Example 6 output (5x4):
7 9 8 7
8 7 8 8
9 2 8 8
8 9 9 8
8 8 7 7

Test input (11x9):
7 7 0 0 4 0 9 9 0
7 0 0 0 4 0 9 0 9
0 7 7 0 4 9 9 9 9
7 7 0 0 4 9 0 9 9
7 0 0 0 4 9 9 0 9
4 4 4 4 4 4 4 4 4
2 2 0 2 4 8 8 0 8
0 0 2 0 4 8 8 0 0
0 0 2 0 4 8 0 8 8
0 0 0 2 4 8 8 8 0
0 0 2 2 4 8 8 8 0
