Example 1 input (10x10):
0 0 0 0 0 0 0 0 0 0
0 0 0 0 0 0 0 0 0 0
0 4 0 0 2 0 0 0 0 0
0 0 5 5 0 0 0 0 0 0
0 0 5 5 0 0 0 0 0 0
0 7 0 0 1 0 0 0 0 0
0 0 0 0 0 0 0 0 0 0
0 0 0 0 0 0 0 0 0 0
0 0 0 0 0 0 0 0 0 0
0 0 0 0 0 0 0 0 0 0

Example 1 output (10x10):
0 0 0 0 0 0 0 0 0 0
0 0 0 0 0 0 0 0 0 0
0 0 0 0 0 0 0 0 0 0
0 0 4 2 0 0 0 0 0 0
0 0 7 1 0 0 0 0 0 0
0 0 0 0 0 0 0 0 0 0
0 0 0 0 0 0 0 0 0 0
0 0 0 0 0 0 0 0 0 0
0 0 0 0 0 0 0 0 0 0
0 0 0 0 0 0 0 0 0 0

Example 2 input (10x10):
0 0 0 0 0 0 0 0 0 0
0 0 0 0 0 0 0 0 0 0
0 0 3 0 0 0 0 4 0 0
0 0 0 5 5 5 5 0 0 0
0 0 0 5 5 5 5 0 0 0
0 0 0 5 5 5 5 0 0 0
0 0 0 5 5 5 5 0 0 0
0 0 8 0 0 0 0 6 0 0
0 0 0 0 0 0 0 0 0 0
0 0 0 0 0 0 0 0 0 0

Example 2 output (10x10):
0 0 0 0 0 0 0 0 0 0
0 0 0 0 0 0 0 0 0 0
0 0 0 0 0 0 0 0 0 0
0 0 0 3 3 4 4 0 0 0
0 0 0 3 3 4 4 0 0 0
0 0 0 8 8 6 6 0 0 0
0 0 0 8 8 6 6 0 0 0
0 0 0 0 0 0 0 0 0 0
0 0 0 0 0 0 0 0 0 0
0 0 0 0 0 0 0 0 0 0

Example 3 input (10x10):
8 0 0 0 0 0 0 9 0 0
0 5 5 5 5 5 5 0 0 0
0 5 5 5 5 5 5 0 0 0
0 5 5 5 5 5 5 0 0 0
0 5 5 5 5 5 5 0 0 0
0 5 5 5 5 5 5 0 0 0
0 5 5 5 5 5 5 0 0 0
7 0 0 0 0 0 0 6 0 0
0 0 0 0 0 0 0 0 0 0
0 0 0 0 0 0 0 0 0 0

Example 3 output (10x10):
0 0 0 0 0 0 0 0 0 0
0 8 8 8 9 9 9 0 0 0
0 8 8 8 9 9 9 0 0 0
0 8 8 8 9 9 9 0 0 0
0 7 7 7 6 6 6 0 0 0
0 7 7 7 6 6 6 0 0 0
0 7 7 7 6 6 6 0 0 0
0 0 0 0 0 0 0 0 0 0
0 0 0 0 0 0 0 0 0 0
0 0 0 0 0 0 0 0 0 0

Test input (15x15):
6 0 0 0 0 0 0 9 0 0 0 0 0 0 0
0 5 5 5 5 5 5 0 0 0 0 0 0 0 0
0 5 5 5 5 5 5 0 0 0 0 0 0 0 0
0 5 5 5 5 5 5 0 0 0 9 0 0 7 0
0 5 5 5 5 5 5 0 0 0 0 5 5 0 0
0 5 5 5 5 5 5 0 0 0 0 5 5 0 0
0 5 5 5 5 5 5 0 0 0 2 0 0 6 0
7 0 0 0 0 0 0 8 0 0 0 0 0 0 0
0 0 0 0 0 0 0 0 0 0 0 0 0 0 0
0 0 0 0 0 6 0 0 0 0 2 0 0 0 0
0 0 0 0 0 0 5 5 5 5 0 0 0 0 0
0 0 0 0 0 0 5 5 5 5 0 0 0 0 0
0 0 0 0 0 0 5 5 5 5 0 0 0 0 0
0 0 0 0 0 0 5 5 5 5 0 0 0 0 0
0 0 0 0 0 8 0 0 0 0 3 0 0 0 0
