Example 1 input (13x13):
0 0 0 0 0 0 0 0 0 0 0 0 0
0 2 3 0 0 0 0 0 0 0 0 0 0
0 0 0 0 0 0 0 0 0 0 0 0 0
0 1 4 0 0 0 0 0 0 0 0 0 0
0 0 0 0 0 0 0 0 0 0 0 0 0
0 0 0 0 0 0 0 0 0 0 0 0 0
0 0 0 0 8 8 8 8 8 8 0 0 0
0 0 0 0 8 8 4 8 8 8 0 0 0
0 0 0 0 8 4 4 4 8 8 0 0 0
0 0 0 0 8 3 4 3 8 8 0 0 0
0 0 0 0 8 3 3 3 8 8 0 0 0
0 0 0 0 8 8 8 8 8 8 0 0 0
0 0 0 0 0 0 0 0 0 0 0 0 0

Example 1 output (6x6):
8 8 8 8 8 8
8 8 1 8 8 8
8 1 1 1 8 8
8 2 1 2 8 8
8 2 2 2 8 8
8 8 8 8 8 8

Example 2 input (13x13):
0 0 0 0 0 0 0 0 0 0 0 0 0
0 0 0 0 0 0 0 0 0 0 0 0 0
0 0 0 0 0 6 8 0 0 0 0 0 0
0 0 0 0 0 0 0 0 0 0 0 0 0
0 0 0 0 0 0 0 0 0 2 1 0 0
0 0 0 0 0 0 0 0 0 0 0 0 0
0 3 3 3 3 3 3 3 0 4 5 0 0
0 3 5 5 5 5 3 3 0 0 0 0 0
0 3 3 1 1 5 3 3 0 0 0 0 0
0 3 8 1 1 3 3 3 0 0 0 0 0
0 3 8 8 8 8 3 3 0 0 0 0 0
0 3 3 3 3 3 3 3 0 0 0 0 0
0 3 3 3 3 3 3 3 0 0 0 0 0

Example 2 output (7x7):
3 3 3 3 3 3 3
3 4 4 4 4 3 3
3 3 2 2 4 3 3
3 6 2 2 3 3 3
3 6 6 6 6 3 3
3 3 3 3 3 3 3
3 3 3 3 3 3 3

Example 3 input (13x13):
0 0 0 0 0 0 0 0 0 0 0 0 0
0 0 8 8 8 8 8 8 8 0 0 0 0
0 0 8 8 2 4 8 8 8 0 0 0 0
0 0 8 2 2 4 4 4 8 0 0 0 0
0 0 8 8 8 8 8 8 8 0 0 0 0
0 0 0 0 0 0 0 0 0 0 0 0 0
0 0 0 0 0 0 0 0 0 0 0 0 0
0 1 4 0 0 0 0 0 0 0 0 0 0
0 0 0 0 0 0 0 0 0 0 0 0 0
0 0 0 0 0 0 0 3 2 0 0 0 0
0 0 0 0 0 0 0 0 0 0 0 0 0
0 0 0 0 0 0 0 0 0 0 0 0 0
0 0 0 0 0 0 0 0 0 0 0 0 0

Example 3 output (4x7):
8 8 8 8 8 8 8
8 8 3 1 8 8 8
8 3 3 1 1 1 8
8 8 8 8 8 8 8

Example 4 input (13x13):
0 0 0 0 0 0 0 0 0 0 0 0 0
0 0 0 0 0 0 2 4 0 0 0 0 0
0 0 0 0 0 0 0 0 0 0 0 0 0
0 0 0 0 0 0 0 0 0 0 0 0 0
0 1 4 4 1 0 0 0 0 0 0 0 0
0 8 8 4 1 0 0 0 0 0 0 0 0
0 8 8 1 1 0 0 0 0 0 0 0 0
0 1 1 1 1 0 0 0 0 0 0 0 0
0 0 0 0 0 0 0 0 0 0 0 0 0
0 0 0 0 0 0 0 3 8 0 0 0 0
0 0 0 0 0 0 0 0 0 0 0 0 0
0 0 0 0 0 0 0 0 0 0 0 0 0
0 0 0 0 0 0 0 0 0 0 0 0 0

Example 4 output (4x4):
1 2 2 1
3 3 2 1
3 3 1 1
1 1 1 1

Test input (13x13):
0 0 0 0 0 0 0 0 0 0 0 0 0
0 0 0 0 0 0 0 0 2 3 0 0 0
0 0 0 0 0 0 0 0 0 0 0 0 0
0 0 1 1 3 1 1 0 0 0 0 0 0
0 0 1 3 3 3 1 0 0 0 0 0 0
0 0 1 8 8 8 1 0 0 0 0 0 0
0 0 1 7 7 7 1 0 0 0 0 0 0
0 0 1 1 7 1 1 0 0 4 8 0 0
0 0 1 1 1 1 1 0 0 0 0 0 0
0 0 0 0 0 0 0 0 0 0 0 0 0
0 0 0 0 0 0 0 6 7 0 0 0 0
0 0 0 0 0 0 0 0 0 0 0 0 0
0 0 0 0 0 0 0 0 0 0 0 0 0
