Example 1 input (19x12):
0 0 0 3 0 0 3 0 0 0 0 0
0 0 0 3 0 0 3 0 0 0 0 0
0 0 0 3 0 0 3 0 0 0 0 0
0 0 0 3 0 0 3 0 0 0 0 0
3 3 3 3 3 3 3 3 3 3 3 3
0 0 0 3 0 0 3 0 0 0 0 0
0 0 0 3 0 0 3 0 0 0 0 0
3 3 3 3 3 3 3 3 3 3 3 3
0 0 0 3 0 0 3 0 0 0 0 0
0 0 0 3 0 0 3 0 0 0 0 0
0 0 0 3 0 0 3 0 0 0 0 0
0 0 0 3 0 0 3 0 0 0 0 0
3 3 3 3 3 3 3 3 3 3 3 3
0 0 0 3 0 0 3 0 0 0 0 0
0 0 0 3 0 0 3 0 0 0 0 0
0 0 0 3 0 0 3 0 0 0 0 0
0 0 0 3 0 0 3 0 0 0 0 0
0 0 0 3 0 0 3 0 0 0 0 0
0 0 0 3 0 0 3 0 0 0 0 0

Example 1 output (19x12):
2 2 2 3 0 0 3 4 4 4 4 4
2 2 2 3 0 0 3 4 4 4 4 4
2 2 2 3 0 0 3 4 4 4 4 4
2 2 2 3 0 0 3 4 4 4 4 4
3 3 3 3 3 3 3 3 3 3 3 3
0 0 0 3 7 7 3 0 0 0 0 0
0 0 0 3 7 7 3 0 0 0 0 0
3 3 3 3 3 3 3 3 3 3 3 3
0 0 0 3 7 7 3 0 0 0 0 0
0 0 0 3 7 7 3 0 0 0 0 0
0 0 0 3 7 7 3 0 0 0 0 0
0 0 0 3 7 7 3 0 0 0 0 0
3 3 3 3 3 3 3 3 3 3 3 3
1 1 1 3 0 0 3 8 8 8 8 8
1 1 1 3 0 0 3 8 8 8 8 8
1 1 1 3 0 0 3 8 8 8 8 8
1 1 1 3 0 0 3 8 8 8 8 8
1 1 1 3 0 0 3 8 8 8 8 8
1 1 1 3 0 0 3 8 8 8 8 8

Example 2 input (15x12):
0 0 0 3 0 0 0 3 0 0 0 0
0 0 0 3 0 0 0 3 0 0 0 0
0 0 0 3 0 0 0 3 0 0 0 0
3 3 3 3 3 3 3 3 3 3 3 3
0 0 0 3 0 0 0 3 0 0 0 0
0 0 0 3 0 0 0 3 0 0 0 0
0 0 0 3 0 0 0 3 0 0 0 0
0 0 0 3 0 0 0 3 0 0 0 0
0 0 0 3 0 0 0 3 0 0 0 0
0 0 0 3 0 0 0 3 0 0 0 0
3 3 3 3 3 3 3 3 3 3 3 3
0 0 0 3 0 0 0 3 0 0 0 0
0 0 0 3 0 0 0 3 0 0 0 0
0 0 0 3 0 0 0 3 0 0 0 0
0 0 0 3 0 0 0 3 0 0 0 0

Example 2 output (15x12):
2 2 2 3 0 0 0 3 4 4 4 4
2 2 2 3 0 0 0 3 4 4 4 4
2 2 2 3 0 0 0 3 4 4 4 4
3 3 3 3 3 3 3 3 3 3 3 3
0 0 0 3 7 7 7 3 0 0 0 0
0 0 0 3 7 7 7 3 0 0 0 0
0 0 0 3 7 7 7 3 0 0 0 0
0 0 0 3 7 7 7 3 0 0 0 0
0 0 0 3 7 7 7 3 0 0 0 0
0 0 0 3 7 7 7 3 0 0 0 0
3 3 3 3 3 3 3 3 3 3 3 3
1 1 1 3 0 0 0 3 8 8 8 8
1 1 1 3 0 0 0 3 8 8 8 8
1 1 1 3 0 0 0 3 8 8 8 8
1 1 1 3 0 0 0 3 8 8 8 8

Example 3 input (18x16):
0 0 0 3 0 0 0 3 0 0 0 3 0 0 3 0
0 0 0 3 0 0 0 3 0 0 0 3 0 0 3 0
3 3 3 3 3 3 3 3 3 3 3 3 3 3 3 3
0 0 0 3 0 0 0 3 0 0 0 3 0 0 3 0
0 0 0 3 0 0 0 3 0 0 0 3 0 0 3 0
0 0 0 3 0 0 0 3 0 0 0 3 0 0 3 0
0 0 0 3 0 0 0 3 0 0 0 3 0 0 3 0
3 3 3 3 3 3 3 3 3 3 3 3 3 3 3 3
0 0 0 3 0 0 0 3 0 0 0 3 0 0 3 0
0 0 0 3 0 0 0 3 0 0 0 3 0 0 3 0
3 3 3 3 3 3 3 3 3 3 3 3 3 3 3 3
0 0 0 3 0 0 0 3 0 0 0 3 0 0 3 0
0 0 0 3 0 0 0 3 0 0 0 3 0 0 3 0
3 3 3 3 3 3 3 3 3 3 3 3 3 3 3 3
0 0 0 3 0 0 0 3 0 0 0 3 0 0 3 0
0 0 0 3 0 0 0 3 0 0 0 3 0 0 3 0
0 0 0 3 0 0 0 3 0 0 0 3 0 0 3 0
0 0 0 3 0 0 0 3 0 0 0 3 0 0 3 0

Example 3 output (18x16):
2 2 2 3 0 0 0 3 0 0 0 3 0 0 3 4
2 2 2 3 0 0 0 3 0 0 0 3 0 0 3 4
3 3 3 3 3 3 3 3 3 3 3 3 3 3 3 3
0 0 0 3 7 7 7 3 7 7 7 3 7 7 3 0
0 0 0 3 7 7 7 3 7 7 7 3 7 7 3 0
0 0 0 3 7 7 7 3 7 7 7 3 7 7 3 0
0 0 0 3 7 7 7 3 7 7 7 3 7 7 3 0
3 3 3 3 3 3 3 3 3 3 3 3 3 3 3 3
0 0 0 3 7 7 7 3 7 7 7 3 7 7 3 0
0 0 0 3 7 7 7 3 7 7 7 3 7 7 3 0
3 3 3 3 3 3 3 3 3 3 3 3 3 3 3 3
0 0 0 3 7 7 7 3 7 7 7 3 7 7 3 0
0 0 0 3 7 7 7 3 7 7 7 3 7 7 3 0
3 3 3 3 3 3 3 3 3 3 3 3 3 3 3 3
1 1 1 3 0 0 0 3 0 0 0 3 0 0 3 8
1 1 1 3 0 0 0 3 0 0 0 3 0 0 3 8
1 1 1 3 0 0 0 3 0 0 0 3 0 0 3 8
1 1 1 3 0 0 0 3 0 0 0 3 0 0 3 8

Test input (15x15):
0 0 3 0 0 0 3 0 0 3 0 0 0 0 0
0 0 3 0 0 0 3 0 0 3 0 0 0 0 0
0 0 3 0 0 0 3 0 0 3 0 0 0 0 0
3 3 3 3 3 3 3 3 3 3 3 3 3 3 3
0 0 3 0 0 0 3 0 0 3 0 0 0 0 0
0 0 3 0 0 0 3 0 0 3 0 0 0 0 0
0 0 3 0 0 0 3 0 0 3 0 0 0 0 0
3 3 3 3 3 3 3 3 3 3 3 3 3 3 3
0 0 3 0 0 0 3 0 0 3 0 0 0 0 0
0 0 3 0 0 0 3 0 0 3 0 0 0 0 0
3 3 3 3 3 3 3 3 3 3 3 3 3 3 3
0 0 3 0 0 0 3 0 0 3 0 0 0 0 0
0 0 3 0 0 0 3 0 0 3 0 0 0 0 0
0 0 3 0 0 0 3 0 0 3 0 0 0 0 0
0 0 3 0 0 0 3 0 0 3 0 0 0 0 0
