Example 1 input (10x10):
4 4 4 4 4 3 3 0 3 3
4 0 4 4 0 0 0 3 0 3
0 0 4 0 4 0 0 0 3 0
4 4 4 0 0 3 0 0 3 3
4 4 4 4 0 3 0 3 0 3
9 9 9 0 9 0 0 8 8 8
9 9 0 0 9 8 0 0 0 0
0 0 0 9 0 0 0 0 0 0
0 9 0 0 0 8 0 8 0 0
0 0 0 0 9 0 8 0 8 0

Example 1 output (5x5):
3 3 9 3 3
9 9 3 4 3
0 0 4 3 4
3 9 8 3 3
3 8 3 8 3

Example 2 input (10x10):
0 4 0 0 4 0 0 0 0 3
0 4 4 4 4 3 3 3 3 3
0 4 0 0 0 0 3 3 3 0
4 4 0 0 0 3 3 3 0 3
0 0 4 4 0 3 3 0 0 0
9 0 9 0 9 0 0 8 8 0
0 0 0 9 0 0 0 0 8 0
9 9 0 9 0 0 8 8 8 0
0 0 9 9 9 0 0 0 0 0
9 9 0 9 0 8 8 8 8 0

Example 2 output (5x5):
9 4 9 8 3
3 3 3 3 3
9 3 3 3 0
3 3 3 9 3
3 3 8 9 0

Example 3 input (10x10):
4 0 0 0 0 3 0 0 0 3
0 0 4 4 4 3 3 3 3 3
4 4 0 4 0 3 3 3 3 3
4 4 4 0 0 3 0 0 0 0
0 0 4 0 4 3 3 0 0 0
0 0 0 0 9 0 8 0 8 8
9 0 9 0 9 8 0 8 0 0
0 0 9 0 0 8 0 8 8 0
9 9 9 9 0 8 0 0 0 8
0 9 9 0 0 8 8 8 8 8

Example 3 output (5x5):
3 8 0 8 3
3 3 3 3 3
3 3 3 3 3
3 9 9 9 8
3 3 9 8 8

Example 4 input (10x10):
0 4 4 4 0 0 0 0 3 3
4 4 0 0 0 3 0 3 3 0
4 0 0 4 4 0 3 3 3 0
0 0 4 0 4 3 0 0 3 0
0 0 4 4 4 3 3 3 3 3
0 9 0 9 9 0 0 0 8 0
9 0 0 9 9 0 8 8 0 8
0 0 0 9 0 0 0 8 8 0
0 0 9 9 0 8 0 8 0 0
9 9 0 9 0 0 8 0 8 8

Example 4 output (5x5):
0 9 4 3 3
3 8 3 3 9
4 3 3 3 4
3 0 9 3 4
3 3 3 3 3

Example 5 input (10x10):
0 4 4 4 0 0 3 0 3 0
0 4 0 0 0 0 3 0 0 3
0 0 0 0 0 0 0 3 3 3
0 0 4 4 0 3 0 3 3 3
0 4 4 4 4 3 3 3 3 3
9 0 9 9 0 0 0 0 0 0
9 0 0 0 9 0 8 0 8 0
0 0 9 0 0 0 0 0 0 8
0 0 0 9 0 8 8 0 0 0
0 0 0 0 9 0 0 8 8 8

Example 5 output (5x5):
9 3 9 3 0
9 3 0 8 3
0 0 3 3 3
3 8 3 3 3
3 3 3 3 3

Example 6 input (10x10):
4 0 0 0 4 0 0 3 3 0
4 0 0 0 0 3 3 3 3 0
0 4 4 0 4 3 0 0 3 3
0 4 4 0 4 0 0 3 0 0
0 0 0 0 4 0 0 0 0 3
0 9 9 9 9 0 8 0 0 8
0 0 9 9 9 8 0 0 0 8
9 9 9 0 0 8 8 0 8 0
9 9 9 0 9 0 8 8 8 8
0 9 9 0 9 0 8 0 0 8

Example 6 output (5x5):
4 9 3 3 9
3 3 3 3 9
3 9 9 3 3
9 9 3 8 9
0 9 9 0 3

Test input (10x10):
4 0 4 0 0 3 0 3 3 0
4 0 0 0 0 3 3 0 0 3
0 0 4 4 4 0 0 0 3 0
0 0 4 0 4 3 3 3 3 0
4 4 4 4 0 3 0 0 0 0
0 0 0 9 9 0 0 8 0 8
0 9 0 9 9 8 0 0 0 8
0 0 0 9 9 0 0 8 8 0
0 0 9 9 9 8 0 0 0 0
9 0 9 0 0 0 0 8 8 0
