Example 1 input (12x10):
0 0 0 0 0 0 0 0 0 0
0 0 0 0 0 0 0 0 0 0
0 0 0 0 0 0 0 0 0 0
0 0 4 0 4 0 0 0 0 0
0 0 0 0 0 0 0 0 0 0
0 0 4 0 8 1 8 0 0 0
0 0 0 0 8 1 8 0 0 0
0 0 0 0 1 1 8 0 0 0
0 0 0 0 0 0 0 4 0 0
0 0 0 0 0 0 0 0 0 0
0 0 0 0 0 0 0 0 0 0
0 0 0 0 0 0 0 0 0 0

Example 1 output (12x10):
0 0 0 0 0 0 0 0 0 0
0 0 0 0 0 0 0 0 0 0
0 0 0 0 0 0 0 0 0 0
0 0 0 0 0 0 0 0 0 0
0 0 0 4 0 0 0 0 0 0
0 0 0 0 8 1 1 0 0 0
0 0 0 0 8 1 8 0 0 0
0 0 0 0 8 1 8 0 0 0
0 0 0 0 0 0 0 0 0 0
0 0 0 0 0 0 0 0 0 0
0 0 0 0 0 0 0 0 0 0
0 0 0 0 0 0 0 0 0 0

Example 2 input (10x10):
0 0 0 0 0 0 0 0 0 0
0 4 0 4 0 0 0 0 0 0
0 0 0 0 0 0 4 0 0 0
0 4 0 1 1 1 0 0 0 0
0 0 0 8 1 8 0 0 0 0
0 0 0 8 1 1 0 0 0 0
0 0 0 0 0 0 0 0 0 0
0 0 0 0 0 0 0 0 0 0
0 0 0 0 0 0 0 0 0 0
0 0 0 0 0 0 0 0 0 0

Example 2 output (10x10):
0 0 0 0 0 0 0 0 0 0
0 0 0 0 0 0 0 0 0 0
0 0 4 0 0 0 0 0 0 0
0 0 0 1 8 1 0 0 0 0
0 0 0 1 1 1 0 0 0 0
0 0 0 1 8 8 0 0 0 0
0 0 0 0 0 0 0 0 0 0
0 0 0 0 0 0 0 0 0 0
0 0 0 0 0 0 0 0 0 0
0 0 0 0 0 0 0 0 0 0

Example 3 input (11x10):
0 0 0 0 0 0 0 0 0 0
0 0 0 0 0 0 0 0 0 0
0 0 4 0 0 0 0 0 0 0
0 0 0 8 1 8 0 0 0 0
0 0 0 1 8 8 0 0 0 0
0 4 0 1 1 1 0 0 0 0
0 0 0 0 0 0 0 0 0 0
0 4 0 4 0 0 0 0 0 0
0 0 0 0 0 0 0 0 0 0
0 0 0 0 0 0 0 0 0 0
0 0 0 0 0 0 0 0 0 0

Example 3 output (11x10):
0 0 0 0 0 0 0 0 0 0
0 0 0 0 0 0 0 0 0 0
0 0 0 0 0 0 0 0 0 0
0 0 0 8 8 1 0 0 0 0
0 0 0 1 8 1 0 0 0 0
0 0 0 8 1 1 0 0 0 0
0 0 4 0 0 0 0 0 0 0
0 0 0 0 0 0 0 0 0 0
0 0 0 0 0 0 0 0 0 0
0 0 0 0 0 0 0 0 0 0
0 0 0 0 0 0 0 0 0 0

Example 4 input (11x11):
0 0 0 0 0 0 0 0 0 0 0
0 0 0 0 0 0 0 0 0 0 0
0 0 0 0 0 0 0 0 0 0 0
0 0 0 0 0 0 0 4 0 0 0
0 0 0 0 1 1 1 0 0 0 0
0 0 0 0 8 8 8 0 0 0 0
0 0 0 0 1 8 1 0 4 0 0
0 0 0 0 0 0 0 0 0 0 0
0 0 0 0 0 0 4 0 4 0 0
0 0 0 0 0 0 0 0 0 0 0
0 0 0 0 0 0 0 0 0 0 0

Example 4 output (11x11):
0 0 0 0 0 0 0 0 0 0 0
0 0 0 0 0 0 0 0 0 0 0
0 0 0 0 0 0 0 0 0 0 0
0 0 0 0 0 0 0 0 0 0 0
0 0 0 0 1 8 1 0 0 0 0
0 0 0 0 8 8 1 0 0 0 0
0 0 0 0 1 8 1 0 0 0 0
0 0 0 0 0 0 0 4 0 0 0
0 0 0 0 0 0 0 0 0 0 0
0 0 0 0 0 0 0 0 0 0 0
0 0 0 0 0 0 0 0 0 0 0

Test input (11x11):
0 0 0 0 0 0 0 0 0 0 0
0 0 0 0 0 0 0 0 0 0 0
0 0 0 0 0 0 4 0 4 0 0
0 0 0 0 0 0 0 0 0 0 0
0 0 0 0 1 1 1 0 4 0 0
0 0 0 0 1 8 8 0 0 0 0
0 0 0 0 1 8 1 0 0 0 0
0 0 0 4 0 0 0 0 0 0 0
0 0 0 0 0 0 0 0 0 0 0
0 0 0 0 0 0 0 0 0 0 0
0 0 0 0 0 0 0 0 0 0 0
