Example 1 input (5x9):
0 0 0 0 0 0 0 0 0
0 5 5 0 0 5 5 5 0
0 0 5 0 0 5 0 5 0
0 0 5 5 0 5 0 5 0
0 0 0 0 0 0 0 0 0

Example 1 output (3x3):
2 2 2
2 0 2
2 0 2

Example 2 input (5x9):
0 0 0 0 0 0 0 0 0
0 0 5 5 0 5 0 5 0
0 0 5 0 0 5 0 5 0
0 5 5 0 0 5 5 0 0
0 0 0 0 0 0 0 0 0

Example 2 output (3x3):
3 0 3
3 0 3
3 3 0

Example 3 input (5x9):
0 0 0 0 0 0 0 0 0
0 5 5 5 0 5 0 5 0
0 0 5 0 0 0 5 5 0
0 0 5 0 0 5 0 5 0
0 0 0 0 0 0 0 0 0

Example 3 output (3x3):
1 0 1
0 1 1
1 0 1

Example 4 input (5x9):
0 0 0 0 0 0 0 0 0
0 5 5 5 0 5 0 5 0
0 0 5 0 0 5 5 5 0
0 0 5 0 0 5 5 0 0
0 0 0 0 0 0 0 0 0

Example 4 output (3x3):
1 0 1
1 1 1
1 1 0

Example 5 input (5x9):
0 0 0 0 0 0 0 0 0
0 5 5 0 0 5 5 0 0
0 0 5 0 0 0 5 5 0
0 0 5 5 0 0 5 0 0
0 0 0 0 0 0 0 0 0

Example 5 output (3x3):
2 2 0
0 2 2
0 2 0

Example 6 input (5x9):
0 0 0 0 0 0 0 0 0
0 5 5 0 0 5 0 0 0
0 0 5 0 0 0 5 5 0
0 0 5 5 0 5 0 0 0
0 0 0 0 0 0 0 0 0

Example 6 output (3x3):
2 0 0
0 2 2
2 0 0

Test input (5x9):
0 0 0 0 0 0 0 0 0
0 0 5 5 0 5 5 0 0
0 0 5 0 0 5 5 5 0
0 5 5 0 0 5 0 5 0
0 0 0 0 0 0 0 0 0
