Example 1 input (7x11):
0 0 0 4 0 0 0 4 0 0 0
0 3 0 4 0 2 0 4 0 6 0
0 0 0 4 0 0 0 4 0 0 0
4 4 4 4 4 4 4 4 4 4 4
1 0 0 4 0 1 0 4 1 0 1
0 1 0 4 1 1 1 4 1 0 1
1 1 1 4 1 0 1 4 0 1 0

Example 1 output (7x11):
0 0 0 4 0 0 0 4 0 0 0
0 3 0 4 0 2 0 4 0 6 0
0 0 0 4 0 0 0 4 0 0 0
4 4 4 4 4 4 4 4 4 4 4
3 0 0 4 0 2 0 4 6 0 6
0 3 0 4 2 2 2 4 6 0 6
3 3 3 4 2 0 2 4 0 6 0

Example 2 input (11x7):
0 0 0 4 1 0 0
0 7 0 4 0 1 1
0 0 0 4 0 1 0
4 4 4 4 4 4 4
0 0 0 4 1 1 0
0 3 0 4 0 1 0
0 0 0 4 1 1 1
4 4 4 4 4 4 4
0 0 0 4 1 1 0
0 8 0 4 0 1 1
0 0 0 4 1 0 1

Example 2 output (11x7):
0 0 0 4 7 0 0
0 7 0 4 0 7 7
0 0 0 4 0 7 0
4 4 4 4 4 4 4
0 0 0 4 3 3 0
0 3 0 4 0 3 0
0 0 0 4 3 3 3
4 4 4 4 4 4 4
0 0 0 4 8 8 0
0 8 0 4 0 8 8
0 0 0 4 8 0 8

Test input (11x7):
1 0 0 4 0 0 0
0 1 0 4 0 6 0
1 1 0 4 0 0 0
4 4 4 4 4 4 4
0 0 1 4 0 0 0
0 1 1 4 0 2 0
1 0 0 4 0 0 0
4 4 4 4 4 4 4
1 1 0 4 0 0 0
0 1 0 4 0 8 0
1 1 1 4 0 0 0
