Example 1 input (5x5):
0 0 0 5 0
0 5 0 0 0
0 0 0 0 0
0 5 0 0 0
0 0 0 0 0

Example 1 output (10x10):
1 0 0 0 0 0 5 5 0 0
0 1 0 0 0 0 5 5 0 0
0 0 5 5 0 0 0 0 1 0
0 0 5 5 0 0 0 0 0 1
1 0 0 0 1 0 0 0 0 0
0 1 0 0 0 1 0 0 0 0
0 0 5 5 0 0 1 0 0 0
0 0 5 5 0 0 0 1 0 0
0 0 0 0 1 0 0 0 1 0
0 0 0 0 0 1 0 0 0 1

Example 2 input (2x2):
2 0
0 0

Example 2 output (4x4):
2 2 0 0
2 2 0 0
0 0 1 0
0 0 0 1

Example 3 input (6x6):
0 0 0 0 0 3
0 0 0 0 0 0
0 3 0 0 0 0
0 0 0 0 0 0
0 0 0 0 0 0
0 0 0 0 0 0

Example 3 output (12x12):
0 0 0 0 0 0 0 0 0 0 3 3
0 0 0 0 0 0 0 0 0 0 3 3
1 0 0 0 0 0 0 0 0 0 0 0
0 1 0 0 0 0 0 0 0 0 0 0
0 0 3 3 0 0 0 0 0 0 0 0
0 0 3 3 0 0 0 0 0 0 0 0
0 0 0 0 1 0 0 0 0 0 0 0
0 0 0 0 0 1 0 0 0 0 0 0
0 0 0 0 0 0 1 0 0 0 0 0
0 0 0 0 0 0 0 1 0 0 0 0
0 0 0 0 0 0 0 0 1 0 0 0
0 0 0 0 0 0 0 0 0 1 0 0

Test input (3x3):
0 4 0
0 0 0
4 0 0
