Example 1 input (30x30):
0 0 0 0 0 0 0 0 0 0 0 0 0 0 0 0 0 0 0 0 0 0 0 0 0 0 0 0 0 0
0 0 0 0 0 0 0 0 0 0 0 0 0 0 0 0 0 0 0 0 0 0 0 0 0 0 0 0 0 0
0 0 0 0 0 0 0 0 0 0 0 0 0 0 0 0 0 0 0 0 0 0 0 0 0 0 0 0 0 0
0 0 0 0 0 0 0 0 0 0 0 0 0 0 0 0 0 0 0 0 0 0 0 0 0 0 0 0 0 0
0 0 0 1 1 1 1 1 1 1 0 0 0 0 0 0 0 0 0 0 1 1 1 1 1 0 0 0 0 0
0 0 0 1 1 1 1 1 1 1 0 0 0 0 0 0 0 0 0 0 1 1 1 1 1 0 0 0 0 0
0 0 0 1 1 1 1 1 1 1 0 0 0 0 0 0 0 0 0 0 1 1 1 1 1 0 0 0 0 0
0 0 0 1 1 1 1 1 1 1 0 0 0 0 0 0 0 0 0 0 1 1 1 1 1 0 0 0 0 0
0 0 0 1 1 1 1 1 1 1 0 0 0 0 0 0 0 0 0 0 1 1 1 1 1 0 0 0 0 0
0 0 0 1 1 1 1 1 1 1 0 0 0 0 0 0 0 0 0 0 1 1 1 1 1 0 0 0 0 0
0 0 0 1 1 1 1 1 1 1 0 0 0 0 0 0 0 0 0 0 1 1 1 1 1 0 0 0 0 0
0 0 0 0 0 0 0 0 0 0 0 0 0 0 0 0 0 0 0 0 0 0 0 0 0 0 0 0 0 0
0 0 0 0 0 0 0 0 0 0 0 0 0 0 0 0 0 0 0 0 0 0 0 0 0 0 0 0 0 0
0 0 0 0 0 0 0 0 0 0 0 0 0 0 0 0 0 0 0 0 0 0 0 0 0 0 0 0 0 0
0 0 0 0 0 0 0 3 3 3 3 3 0 0 0 0 0 0 0 0 0 0 0 0 0 0 0 0 0 0
0 0 0 0 0 0 0 3 3 3 3 3 0 0 0 0 0 0 0 0 0 0 0 0 0 0 0 0 0 0
0 0 0 0 0 0 0 3 3 3 3 3 0 0 0 0 0 0 0 0 0 0 0 0 0 0 0 0 0 0
0 0 0 0 0 0 0 3 3 3 3 3 0 0 0 0 0 0 0 0 0 0 0 0 0 0 0 0 0 0
0 0 0 0 0 0 0 3 3 3 3 3 0 0 0 0 0 0 0 0 0 0 0 0 0 0 0 0 0 0
0 0 0 0 0 0 0 3 3 3 3 3 0 0 0 0 0 0 0 0 0 0 0 0 0 0 0 0 0 0
0 0 0 0 0 0 0 0 0 0 0 0 0 0 0 0 0 0 0 0 0 0 0 0 0 0 0 0 0 0
0 0 0 0 0 0 0 0 0 0 0 0 0 0 0 0 0 0 0 0 0 0 0 0 0 0 0 0 0 0
0 0 0 0 0 0 0 3 3 3 3 3 0 0 0 0 0 0 0 0 3 3 3 3 3 0 0 0 0 0
0 0 0 0 0 0 0 3 3 3 3 3 0 0 0 0 0 0 0 0 3 3 3 3 3 0 0 0 0 0
0 0 0 0 0 0 0 3 3 3 3 3 0 0 0 0 0 0 0 0 3 3 3 3 3 0 0 0 0 0
0 0 0 0 0 0 0 3 3 3 3 3 0 0 0 0 0 0 0 0 3 3 3 3 3 0 0 0 0 0
0 0 0 0 0 0 0 3 3 3 3 3 0 0 0 0 0 0 0 0 3 3 3 3 3 0 0 0 0 0
0 0 0 0 0 0 0 0 0 0 0 0 0 0 0 0 0 0 0 0 0 0 0 0 0 0 0 0 0 0
0 0 0 0 0 0 0 0 0 0 0 0 0 0 0 0 0 0 0 0 0 0 0 0 0 0 0 0 0 0
0 0 0 0 0 0 0 0 0 0 0 0 0 0 0 0 0 0 0 0 0 0 0 0 0 0 0 0 0 0

Example 1 output (30x30):
0 0 0 0 0 0 0 0 0 0 0 0 0 0 0 0 0 0 0 0 0 0 0 0 0 0 0 0 0 0
0 0 0 0 0 0 0 0 0 0 0 0 0 0 0 0 0 0 0 0 0 0 0 0 0 0 0 0 0 0
0 0 0 0 0 0 0 0 0 0 0 0 0 0 0 0 0 0 0 0 0 0 0 0 0 0 0 0 0 0
0 0 0 0 0 0 0 0 0 0 0 0 0 0 0 0 0 0 0 0 0 0 0 0 0 0 0 0 0 0
0 0 0 1 1 1 1 1 1 1 0 0 0 0 0 0 0 0 0 0 1 1 1 1 1 0 0 0 0 0
0 0 0 1 1 1 1 1 1 1 8 8 8 8 8 8 8 8 8 8 1 1 1 1 1 0 0 0 0 0
0 0 0 1 1 1 1 1 1 1 8 8 8 8 8 8 8 8 8 8 1 1 1 1 1 0 0 0 0 0
0 0 0 1 1 1 1 1 1 1 8 8 8 8 8 8 8 8 8 8 1 1 1 1 1 0 0 0 0 0
0 0 0 1 1 1 1 1 1 1 8 8 8 8 8 8 8 8 8 8 1 1 1 1 1 0 0 0 0 0
0 0 0 1 1 1 1 1 1 1 8 8 8 8 8 8 8 8 8 8 1 1 1 1 1 0 0 0 0 0
0 0 0 1 1 1 1 1 1 1 0 0 0 0 0 0 0 0 0 0 1 1 1 1 1 0 0 0 0 0
0 0 0 0 0 0 0 0 0 0 0 0 0 0 0 0 0 0 0 0 0 0 0 0 0 0 0 0 0 0
0 0 0 0 0 0 0 0 0 0 0 0 0 0 0 0 0 0 0 0 0 0 0 0 0 0 0 0 0 0
0 0 0 0 0 0 0 0 0 0 0 0 0 0 0 0 0 0 0 0 0 0 0 0 0 0 0 0 0 0
0 0 0 0 0 0 0 3 3 3 3 3 0 0 0 0 0 0 0 0 0 0 0 0 0 0 0 0 0 0
0 0 0 0 0 0 0 3 3 3 3 3 0 0 0 0 0 0 0 0 0 0 0 0 0 0 0 0 0 0
0 0 0 0 0 0 0 3 3 3 3 3 0 0 0 0 0 0 0 0 0 0 0 0 0 0 0 0 0 0
0 0 0 0 0 0 0 3 3 3 3 3 0 0 0 0 0 0 0 0 0 0 0 0 0 0 0 0 0 0
0 0 0 0 0 0 0 3 3 3 3 3 0 0 0 0 0 0 0 0 0 0 0 0 0 0 0 0 0 0
0 0 0 0 0 0 0 3 3 3 3 3 0 0 0 0 0 0 0 0 0 0 0 0 0 0 0 0 0 0
0 0 0 0 0 0 0 0 8 8 8 0 0 0 0 0 0 0 0 0 0 0 0 0 0 0 0 0 0 0
0 0 0 0 0 0 0 0 8 8 8 0 0 0 0 0 0 0 0 0 0 0 0 0 0 0 0 0 0 0
0 0 0 0 0 0 0 3 3 3 3 3 0 0 0 0 0 0 0 0 3 3 3 3 3 0 0 0 0 0
0 0 0 0 0 0 0 3 3 3 3 3 8 8 8 8 8 8 8 8 3 3 3 3 3 0 0 0 0 0
0 0 0 0 0 0 0 3 3 3 3 3 8 8 8 8 8 8 8 8 3 3 3 3 3 0 0 0 0 0
0 0 0 0 0 0 0 3 3 3 3 3 8 8 8 8 8 8 8 8 3 3 3 3 3 0 0 0 0 0
0 0 0 0 0 0 0 3 3 3 3 3 0 0 0 0 0 0 0 0 3 3 3 3 3 0 0 0 0 0
0 0 0 0 0 0 0 0 0 0 0 0 0 0 0 0 0 0 0 0 0 0 0 0 0 0 0 0 0 0
0 0 0 0 0 0 0 0 0 0 0 0 0 0 0 0 0 0 0 0 0 0 0 0 0 0 0 0 0 0
0 0 0 0 0 0 0 0 0 0 0 0 0 0 0 0 0 0 0 0 0 0 0 0 0 0 0 0 0 0

Example 2 input (30x30):
0 0 0 0 0 0 0 0 0 0 0 0 0 0 0 0 0 0 0 0 0 0 0 0 0 0 0 0 0 0
0 0 0 0 2 2 2 2 2 2 0 0 0 0 6 6 6 6 6 0 0 0 6 6 6 6 6 6 0 0
0 0 0 0 2 2 2 2 2 2 0 0 0 0 6 6 6 6 6 0 0 0 6 6 6 6 6 6 0 0
0 0 0 0 2 2 2 2 2 2 0 0 0 0 6 6 6 6 6 0 0 0 6 6 6 6 6 6 0 0
0 0 0 0 2 2 2 2 2 2 0 0 0 0 6 6 6 6 6 0 0 0 6 6 6 6 6 6 0 0
0 0 0 0 2 2 2 2 2 2 0 0 0 0 6 6 6 6 6 0 0 0 6 6 6 6 6 6 0 0
0 0 0 0 2 2 2 2 2 2 0 0 0 0 6 6 6 6 6 0 0 0 6 6 6 6 6 6 0 0
0 0 0 0 2 2 2 2 2 2 0 0 0 0 6 6 6 6 6 0 0 0 6 6 6 6 6 6 0 0
0 0 0 0 0 0 0 0 0 0 0 0 0 0 0 0 0 0 0 0 0 0 0 0 0 0 0 0 0 0
0 0 0 0 0 0 0 0 0 0 0 0 0 0 0 0 0 0 0 0 0 0 0 0 0 0 0 0 0 0
0 0 0 0 0 0 0 0 0 0 0 0 0 0 0 0 0 0 0 0 0 0 0 0 0 0 0 0 0 0
0 0 0 0 0 0 0 0 0 0 0 0 0 0 0 0 0 0 0 0 0 0 0 0 0 0 0 0 0 0
0 0 0 0 0 0 0 0 0 0 0 0 0 0 0 0 0 0 0 0 0 0 0 0 0 0 0 0 0 0
0 0 0 0 0 0 0 0 0 0 0 0 0 0 0 0 0 0 0 0 0 0 0 0 0 0 0 0 0 0
0 0 0 0 0 0 0 0 0 0 0 0 0 0 0 0 0 0 0 0 0 0 6 6 6 6 6 6 0 0
0 0 0 0 2 2 2 2 2 2 0 0 0 0 2 2 2 2 0 0 0 0 6 6 6 6 6 6 0 0
0 0 0 0 2 2 2 2 2 2 0 0 0 0 2 2 2 2 0 0 0 0 6 6 6 6 6 6 0 0
0 0 0 0 2 2 2 2 2 2 0 0 0 0 2 2 2 2 0 0 0 0 6 6 6 6 6 6 0 0
0 0 0 0 2 2 2 2 2 2 0 0 0 0 2 2 2 2 0 0 0 0 6 6 6 6 6 6 0 0
0 0 0 0 0 0 0 0 0 0 0 0 0 0 0 0 0 0 0 0 0 0 6 6 6 6 6 6 0 0
0 0 0 0 0 0 0 0 0 0 0 0 0 0 0 0 0 0 0 0 0 0 0 0 0 0 0 0 0 0
0 0 0 0 0 2 2 2 2 0 0 0 0 0 0 0 0 0 0 0 0 0 0 0 0 0 0 0 0 0
0 0 0 0 0 2 2 2 2 0 0 0 0 0 0 0 0 0 0 0 0 0 0 0 0 0 0 0 0 0
0 0 0 0 0 2 2 2 2 0 0 0 0 0 0 0 0 0 0 0 0 0 0 0 0 0 0 0 0 0
0 0 0 0 0 2 2 2 2 0 0 0 0 0 0 0 0 0 0 0 0 0 0 0 0 0 0 0 0 0
0 0 0 0 0 0 0 0 0 0 0 0 0 0 0 0 0 0 0 0 0 0 0 0 0 0 0 0 0 0
0 0 0 0 0 0 0 0 0 0 0 0 0 0 0 0 0 0 0 0 0 0 0 0 0 0 0 0 0 0
0 0 0 0 0 0 0 0 0 0 0 0 0 0 0 0 0 0 0 0 0 0 0 0 0 0 0 0 0 0
0 0 0 0 0 0 0 0 0 0 0 0 0 0 0 0 0 0 0 0 0 0 0 0 0 0 0 0 0 0
0 0 0 0 0 0 0 0 0 0 0 0 0 0 0 0 0 0 0 0 0 0 0 0 0 0 0 0 0 0

Example 2 output (30x30):
0 0 0 0 0 0 0 0 0 0 0 0 0 0 0 0 0 0 0 0 0 0 0 0 0 0 0 0 0 0
0 0 0 0 2 2 2 2 2 2 0 0 0 0 6 6 6 6 6 0 0 0 6 6 6 6 6 6 0 0
0 0 0 0 2 2 2 2 2 2 0 0 0 0 6 6 6 6 6 8 8 8 6 6 6 6 6 6 0 0
0 0 0 0 2 2 2 2 2 2 0 0 0 0 6 6 6 6 6 8 8 8 6 6 6 6 6 6 0 0
0 0 0 0 2 2 2 2 2 2 0 0 0 0 6 6 6 6 6 8 8 8 6 6 6 6 6 6 0 0
0 0 0 0 2 2 2 2 2 2 0 0 0 0 6 6 6 6 6 8 8 8 6 6 6 6 6 6 0 0
0 0 0 0 2 2 2 2 2 2 0 0 0 0 6 6 6 6 6 8 8 8 6 6 6 6 6 6 0 0
0 0 0 0 2 2 2 2 2 2 0 0 0 0 6 6 6 6 6 0 0 0 6 6 6 6 6 6 0 0
0 0 0 0 0 8 8 8 8 0 0 0 0 0 0 0 0 0 0 0 0 0 0 8 8 8 8 0 0 0
0 0 0 0 0 8 8 8 8 0 0 0 0 0 0 0 0 0 0 0 0 0 0 8 8 8 8 0 0 0
0 0 0 0 0 8 8 8 8 0 0 0 0 0 0 0 0 0 0 0 0 0 0 8 8 8 8 0 0 0
0 0 0 0 0 8 8 8 8 0 0 0 0 0 0 0 0 0 0 0 0 0 0 8 8 8 8 0 0 0
0 0 0 0 0 8 8 8 8 0 0 0 0 0 0 0 0 0 0 0 0 0 0 8 8 8 8 0 0 0
0 0 0 0 0 8 8 8 8 0 0 0 0 0 0 0 0 0 0 0 0 0 0 8 8 8 8 0 0 0
0 0 0 0 0 8 8 8 8 0 0 0 0 0 0 0 0 0 0 0 0 0 6 6 6 6 6 6 0 0
0 0 0 0 2 2 2 2 2 2 0 0 0 0 2 2 2 2 0 0 0 0 6 6 6 6 6 6 0 0
0 0 0 0 2 2 2 2 2 2 8 8 8 8 2 2 2 2 0 0 0 0 6 6 6 6 6 6 0 0
0 0 0 0 2 2 2 2 2 2 8 8 8 8 2 2 2 2 0 0 0 0 6 6 6 6 6 6 0 0
0 0 0 0 2 2 2 2 2 2 0 0 0 0 2 2 2 2 0 0 0 0 6 6 6 6 6 6 0 0
0 0 0 0 0 0 8 8 0 0 0 0 0 0 0 0 0 0 0 0 0 0 6 6 6 6 6 6 0 0
0 0 0 0 0 0 8 8 0 0 0 0 0 0 0 0 0 0 0 0 0 0 0 0 0 0 0 0 0 0
0 0 0 0 0 2 2 2 2 0 0 0 0 0 0 0 0 0 0 0 0 0 0 0 0 0 0 0 0 0
0 0 0 0 0 2 2 2 2 0 0 0 0 0 0 0 0 0 0 0 0 0 0 0 0 0 0 0 0 0
0 0 0 0 0 2 2 2 2 0 0 0 0 0 0 0 0 0 0 0 0 0 0 0 0 0 0 0 0 0
0 0 0 0 0 2 2 2 2 0 0 0 0 0 0 0 0 0 0 0 0 0 0 0 0 0 0 0 0 0
0 0 0 0 0 0 0 0 0 0 0 0 0 0 0 0 0 0 0 0 0 0 0 0 0 0 0 0 0 0
0 0 0 0 0 0 0 0 0 0 0 0 0 0 0 0 0 0 0 0 0 0 0 0 0 0 0 0 0 0
0 0 0 0 0 0 0 0 0 0 0 0 0 0 0 0 0 0 0 0 0 0 0 0 0 0 0 0 0 0
0 0 0 0 0 0 0 0 0 0 0 0 0 0 0 0 0 0 0 0 0 0 0 0 0 0 0 0 0 0
0 0 0 0 0 0 0 0 0 0 0 0 0 0 0 0 0 0 0 0 0 0 0 0 0 0 0 0 0 0

Example 3 input (25x30):
0 0 0 0 0 0 0 0 0 0 0 0 0 0 0 0 0 0 0 0 0 0 0 0 0 0 0 0 0 0
0 0 0 0 0 0 0 0 0 0 0 0 0 0 0 0 0 0 0 0 0 0 0 0 0 0 0 0 0 0
0 0 0 0 4 4 4 4 4 4 4 0 0 0 0 0 4 4 4 4 4 4 0 0 0 0 0 0 0 0
0 0 0 0 4 4 4 4 4 4 4 0 0 0 0 0 4 4 4 4 4 4 0 0 4 4 4 0 0 0
0 0 0 0 4 4 4 4 4 4 4 0 0 0 0 0 4 4 4 4 4 4 0 0 4 4 4 0 0 0
0 0 0 0 4 4 4 4 4 4 4 0 0 0 0 0 4 4 4 4 4 4 0 0 4 4 4 0 0 0
0 0 0 0 4 4 4 4 4 4 4 0 0 0 0 0 4 4 4 4 4 4 0 0 4 4 4 0 0 0
0 0 0 0 4 4 4 4 4 4 4 0 0 0 0 0 4 4 4 4 4 4 0 0 0 0 0 0 0 0
0 0 0 0 0 0 0 0 0 0 0 0 0 0 0 0 0 0 0 0 0 0 0 0 0 0 0 0 0 0
0 0 0 0 0 0 0 0 0 0 0 0 0 0 0 0 0 0 0 0 0 0 0 0 0 0 0 0 0 0
0 0 0 0 0 0 0 0 0 0 0 0 0 0 0 0 0 0 0 0 0 0 0 0 0 0 0 0 0 0
0 0 0 0 0 0 0 0 0 0 0 0 0 0 0 0 6 6 6 6 6 6 0 0 6 6 6 0 0 0
4 4 4 0 0 4 4 4 4 4 0 0 0 0 0 0 6 6 6 6 6 6 0 0 6 6 6 0 0 0
4 4 4 0 0 4 4 4 4 4 0 0 0 0 0 0 6 6 6 6 6 6 0 0 6 6 6 0 0 0
4 4 4 0 0 4 4 4 4 4 0 0 0 0 0 0 6 6 6 6 6 6 0 0 6 6 6 0 0 0
0 0 0 0 0 0 0 0 0 0 0 0 0 0 0 0 0 0 0 0 0 0 0 0 0 0 0 0 0 0
0 0 0 0 0 0 0 0 0 0 0 0 0 0 0 0 0 0 0 0 0 0 0 0 0 0 0 0 0 0
0 0 0 0 4 4 4 4 4 4 4 0 0 0 0 0 6 6 6 6 6 6 0 0 0 0 0 0 0 0
0 0 0 0 4 4 4 4 4 4 4 0 0 0 0 0 6 6 6 6 6 6 0 0 0 0 0 0 0 0
0 0 0 0 4 4 4 4 4 4 4 0 0 0 0 0 6 6 6 6 6 6 0 0 0 0 0 0 0 0
0 0 0 0 0 0 0 0 0 0 0 0 0 0 0 0 0 0 0 0 0 0 0 0 0 0 0 0 0 0
0 0 0 0 0 0 0 0 0 0 0 0 0 0 0 0 0 0 0 0 0 0 0 0 0 0 0 0 0 0
0 0 0 0 0 0 0 0 0 0 0 0 0 0 0 0 0 0 0 0 0 0 0 0 0 0 0 0 0 0
0 0 0 0 0 0 0 0 0 0 0 0 0 0 0 0 0 0 0 0 0 0 0 0 0 0 0 0 0 0
0 0 0 0 0 0 0 0 0 0 0 0 0 0 0 0 0 0 0 0 0 0 0 0 0 0 0 0 0 0

Example 3 output (25x30):
0 0 0 0 0 0 0 0 0 0 0 0 0 0 0 0 0 0 0 0 0 0 0 0 0 0 0 0 0 0
0 0 0 0 0 0 0 0 0 0 0 0 0 0 0 0 0 0 0 0 0 0 0 0 0 0 0 0 0 0
0 0 0 0 4 4 4 4 4 4 4 0 0 0 0 0 4 4 4 4 4 4 0 0 0 0 0 0 0 0
0 0 0 0 4 4 4 4 4 4 4 8 8 8 8 8 4 4 4 4 4 4 0 0 4 4 4 0 0 0
0 0 0 0 4 4 4 4 4 4 4 8 8 8 8 8 4 4 4 4 4 4 8 8 4 4 4 0 0 0
0 0 0 0 4 4 4 4 4 4 4 8 8 8 8 8 4 4 4 4 4 4 8 8 4 4 4 0 0 0
0 0 0 0 4 4 4 4 4 4 4 8 8 8 8 8 4 4 4 4 4 4 0 0 4 4 4 0 0 0
0 0 0 0 4 4 4 4 4 4 4 0 0 0 0 0 4 4 4 4 4 4 0 0 0 0 0 0 0 0
0 0 0 0 0 0 8 8 8 0 0 0 0 0 0 0 0 0 0 0 0 0 0 0 0 0 0 0 0 0
0 0 0 0 0 0 8 8 8 0 0 0 0 0 0 0 0 0 0 0 0 0 0 0 0 0 0 0 0 0
0 0 0 0 0 0 8 8 8 0 0 0 0 0 0 0 0 0 0 0 0 0 0 0 0 0 0 0 0 0
0 0 0 0 0 0 8 8 8 0 0 0 0 0 0 0 6 6 6 6 6 6 0 0 6 6 6 0 0 0
4 4 4 0 0 4 4 4 4 4 0 0 0 0 0 0 6 6 6 6 6 6 8 8 6 6 6 0 0 0
4 4 4 8 8 4 4 4 4 4 0 0 0 0 0 0 6 6 6 6 6 6 8 8 6 6 6 0 0 0
4 4 4 0 0 4 4 4 4 4 0 0 0 0 0 0 6 6 6 6 6 6 0 0 6 6 6 0 0 0
0 0 0 0 0 0 8 8 8 0 0 0 0 0 0 0 0 8 8 8 8 0 0 0 0 0 0 0 0 0
0 0 0 0 0 0 8 8 8 0 0 0 0 0 0 0 0 8 8 8 8 0 0 0 0 0 0 0 0 0
0 0 0 0 4 4 4 4 4 4 4 0 0 0 0 0 6 6 6 6 6 6 0 0 0 0 0 0 0 0
0 0 0 0 4 4 4 4 4 4 4 0 0 0 0 0 6 6 6 6 6 6 0 0 0 0 0 0 0 0
0 0 0 0 4 4 4 4 4 4 4 0 0 0 0 0 6 6 6 6 6 6 0 0 0 0 0 0 0 0
0 0 0 0 0 0 0 0 0 0 0 0 0 0 0 0 0 0 0 0 0 0 0 0 0 0 0 0 0 0
0 0 0 0 0 0 0 0 0 0 0 0 0 0 0 0 0 0 0 0 0 0 0 0 0 0 0 0 0 0
0 0 0 0 0 0 0 0 0 0 0 0 0 0 0 0 0 0 0 0 0 0 0 0 0 0 0 0 0 0
0 0 0 0 0 0 0 0 0 0 0 0 0 0 0 0 0 0 0 0 0 0 0 0 0 0 0 0 0 0
0 0 0 0 0 0 0 0 0 0 0 0 0 0 0 0 0 0 0 0 0 0 0 0 0 0 0 0 0 0

Test input (30x29):
0 0 0 0 0 0 0 0 0 0 0 0 0 0 0 0 0 0 0 0 0 0 0 0 0 0 0 0 0
0 0 0 0 0 7 7 7 7 7 7 7 0 0 0 0 7 7 7 7 7 7 0 0 0 0 0 0 0
0 7 7 7 0 7 7 7 7 7 7 7 0 0 0 0 7 7 7 7 7 7 0 0 0 0 0 0 0
0 7 7 7 0 7 7 7 7 7 7 7 0 0 0 0 7 7 7 7 7 7 0 0 0 0 0 0 0
0 7 7 7 0 7 7 7 7 7 7 7 0 0 0 0 7 7 7 7 7 7 0 0 0 0 0 0 0
0 0 0 0 0 7 7 7 7 7 7 7 0 0 0 0 7 7 7 7 7 7 0 0 0 0 0 0 0
0 0 0 0 0 0 0 0 0 0 0 0 0 0 0 0 0 0 0 0 0 0 0 0 0 0 0 0 0
0 0 0 0 0 0 0 0 0 0 0 0 0 0 0 0 0 0 0 0 0 0 0 0 0 0 0 0 0
0 0 0 0 0 0 0 0 0 0 0 0 0 0 0 0 0 0 0 0 0 0 0 0 0 0 0 0 0
0 0 0 0 0 0 0 0 0 0 0 0 0 0 0 0 0 0 0 0 0 0 0 0 0 0 0 0 0
0 0 0 0 0 0 7 7 7 7 7 0 0 0 0 0 3 3 3 3 3 3 0 0 3 3 3 3 0
0 0 0 0 0 0 7 7 7 7 7 0 0 0 0 0 3 3 3 3 3 3 0 0 3 3 3 3 0
0 0 0 0 0 0 7 7 7 7 7 0 0 0 0 0 3 3 3 3 3 3 0 0 3 3 3 3 0
0 0 0 0 0 0 7 7 7 7 7 0 0 0 0 0 3 3 3 3 3 3 0 0 3 3 3 3 0
0 0 0 0 0 0 7 7 7 7 7 0 0 0 0 0 3 3 3 3 3 3 0 0 3 3 3 3 0
0 0 0 0 0 0 0 0 0 0 0 0 0 0 0 0 0 0 0 0 0 0 0 0 0 0 0 0 0
0 0 0 0 0 0 0 0 0 0 0 0 0 0 0 0 0 0 0 0 0 0 0 0 0 0 0 0 0
0 0 0 0 0 0 0 0 0 0 0 0 0 0 0 0 0 0 0 0 0 0 0 0 0 0 0 0 0
0 0 0 0 0 0 0 0 0 0 0 0 0 0 0 0 0 0 0 0 0 0 0 0 0 0 0 0 0
0 0 0 0 7 7 7 7 7 7 7 7 7 0 0 0 3 3 3 3 3 3 0 0 0 0 0 0 0
0 0 0 0 7 7 7 7 7 7 7 7 7 0 0 0 3 3 3 3 3 3 0 0 3 3 3 0 0
0 0 0 0 7 7 7 7 7 7 7 7 7 0 0 0 3 3 3 3 3 3 0 0 3 3 3 0 0
0 0 0 0 7 7 7 7 7 7 7 7 7 0 0 0 3 3 3 3 3 3 0 0 3 3 3 0 0
0 0 0 0 7 7 7 7 7 7 7 7 7 0 0 0 3 3 3 3 3 3 0 0 0 0 0 0 0
0 0 0 0 0 0 0 0 0 0 0 0 0 0 0 0 0 0 0 0 0 0 0 0 0 0 0 0 0
0 0 0 0 0 0 0 0 0 0 0 0 0 0 0 0 0 0 0 0 0 0 0 0 0 0 0 0 0
0 0 0 0 0 0 0 0 0 2 2 2 0 0 2 2 2 0 0 0 0 0 0 0 0 0 0 0 0
0 0 0 0 0 0 0 0 0 2 2 2 0 0 2 2 2 0 0 0 0 0 0 0 0 0 0 0 0
0 0 0 0 0 0 0 0 0 2 2 2 0 0 2 2 2 0 0 0 0 0 0 0 0 0 0 0 0
0 0 0 0 0 0 0 0 0 0 0 0 0 0 0 0 0 0 0 0 0 0 0 0 0 0 0 0 0
