Example 1 input (10x10):
0 0 0 0 0 0 0 0 0 0
0 0 0 0 0 0 0 0 4 0
2 0 0 0 0 3 0 1 4 1
0 0 0 0 0 0 1 0 0 0
1 4 0 0 0 0 0 0 0 1
0 0 0 0 2 0 0 0 2 0
0 0 4 0 0 0 0 0 0 0
1 0 0 4 0 4 0 0 3 0
0 0 0 0 0 0 0 0 0 0
0 1 2 1 0 0 0 0 0 0

Example 1 output (10x10):
0 0 0 0 0 0 0 0 0 0
0 0 0 0 0 0 0 0 0 0
1 0 0 0 0 0 0 0 0 0
1 0 0 0 0 0 0 0 0 0
1 0 0 4 0 0 0 0 0 0
1 0 0 4 0 0 0 0 0 0
1 2 0 4 0 0 0 0 0 0
1 2 0 4 0 0 0 0 0 0
1 2 3 4 0 0 0 0 0 0
1 2 3 4 0 0 0 0 0 0

Example 2 input (10x10):
0 0 0 0 0 4 0 3 3 0
0 1 3 0 0 0 3 0 0 0
0 0 0 0 1 0 0 1 0 4
3 0 0 0 2 0 0 0 2 0
0 0 0 0 0 0 0 0 0 0
0 0 1 0 0 0 0 0 0 0
0 0 2 0 0 0 0 2 0 0
0 3 0 0 0 4 3 2 0 0
0 0 0 1 0 0 0 0 3 0
0 0 4 0 0 4 0 1 0 1

Example 2 output (10x10):
0 0 0 0 0 0 0 0 0 0
0 0 0 0 0 0 0 0 0 0
0 0 3 0 0 0 0 0 0 0
1 0 3 0 0 0 0 0 0 0
1 0 3 0 0 0 0 0 0 0
1 2 3 4 0 0 0 0 0 0
1 2 3 4 0 0 0 0 0 0
1 2 3 4 0 0 0 0 0 0
1 2 3 4 0 0 0 0 0 0
1 2 3 4 0 0 0 0 0 0

Example 3 input (10x10):
0 0 0 0 0 4 0 0 0 0
0 0 0 0 0 0 0 0 0 0
0 0 3 0 0 0 0 0 3 0
0 1 0 0 2 0 0 4 0 0
0 0 0 0 0 0 0 0 0 0
0 0 0 4 0 3 0 0 2 0
0 2 0 0 0 0 0 0 0 0
0 0 0 0 1 0 0 0 4 0
0 0 4 0 0 0 0 0 0 0
0 0 0 0 0 0 0 0 0 0

Example 3 output (10x10):
0 0 0 0 0 0 0 0 0 0
0 0 0 0 0 0 0 0 0 0
0 0 0 0 0 0 0 0 0 0
0 0 0 0 0 0 0 0 0 0
0 0 0 0 0 0 0 0 0 0
0 0 0 4 0 0 0 0 0 0
0 0 0 4 0 0 0 0 0 0
0 2 3 4 0 0 0 0 0 0
1 2 3 4 0 0 0 0 0 0
1 2 3 4 0 0 0 0 0 0

Test input (10x10):
0 3 0 0 0 0 0 0 0 0
0 2 3 0 0 2 4 0 0 0
0 3 0 2 0 0 0 0 0 3
4 0 0 1 0 0 0 1 0 0
0 0 0 1 0 0 0 2 0 0
3 0 1 0 3 0 0 0 0 0
0 0 0 0 0 0 0 3 0 0
0 0 0 0 0 0 0 0 0 0
1 0 0 0 0 0 1 0 0 3
0 0 0 0 2 4 0 2 4 2
