Example 1 input (15x19):
8 8 8 8 8 8 8 8 8 6 8 6 6 6 8 8 8 8 8
8 4 8 4 8 4 8 4 6 4 8 4 8 4 6 4 8 4 8
6 8 8 6 8 6 8 8 8 8 8 8 6 6 8 8 6 8 8
8 4 8 4 8 6 6 4 8 4 6 4 8 4 8 6 8 4 8
8 8 8 8 8 8 8 8 6 8 8 8 8 8 8 8 8 8 6
8 4 8 4 8 4 6 4 8 4 8 4 8 4 8 4 8 4 8
8 8 6 8 8 8 8 8 8 8 8 8 6 6 8 8 6 8 6
8 4 8 4 8 4 8 4 8 4 8 4 6 4 8 4 6 4 8
8 8 8 8 6 8 6 8 8 8 8 8 8 8 8 8 8 8 8
8 6 8 4 8 4 6 4 6 6 8 4 8 4 8 4 8 4 8
8 8 8 6 8 6 6 8 6 8 8 6 8 8 8 8 8 8 8
8 4 8 4 6 6 6 4 8 4 6 4 8 4 8 4 8 4 8
8 8 8 8 8 6 8 8 6 8 8 6 8 6 8 8 8 8 8
8 4 8 6 8 6 8 4 8 4 8 4 6 4 8 4 6 4 8
8 6 6 8 8 8 8 8 8 8 8 8 8 8 8 8 8 8 8

Example 1 output (15x19):
8 8 8 8 8 8 8 8 8 8 8 8 8 8 8 8 8 8 8
8 4 8 4 8 4 8 4 8 4 8 4 8 4 8 4 8 4 8
8 8 8 8 8 8 8 8 8 8 8 8 8 8 8 8 8 8 8
8 4 8 4 8 4 8 4 8 4 8 4 8 4 8 4 8 4 8
8 8 8 8 8 8 8 8 8 8 8 8 8 8 8 8 8 8 8
8 4 8 4 8 4 8 4 8 4 8 4 8 4 8 4 8 4 8
8 8 8 8 8 8 8 8 8 8 8 8 8 8 8 8 8 8 8
8 4 8 4 8 4 8 4 8 4 8 4 8 4 8 4 8 4 8
8 8 8 8 8 8 8 8 8 8 8 8 8 8 8 8 8 8 8
8 4 8 4 8 4 8 4 8 4 8 4 8 4 8 4 8 4 8
8 8 8 8 8 8 8 8 8 8 8 8 8 8 8 8 8 8 8
8 4 8 4 8 4 8 4 8 4 8 4 8 4 8 4 8 4 8
8 8 8 8 8 8 8 8 8 8 8 8 8 8 8 8 8 8 8
8 4 8 4 8 4 8 4 8 4 8 4 8 4 8 4 8 4 8
8 8 8 8 8 8 8 8 8 8 8 8 8 8 8 8 8 8 8

Example 2 input (12x12):
7 7 6 7 7 6 7 6 7 7 7 6
7 8 7 7 6 7 7 8 6 7 8 7
7 7 7 6 7 7 7 7 6 7 7 7
7 7 7 7 7 7 7 7 7 7 7 7
7 8 7 7 8 6 7 8 7 7 8 7
7 7 7 7 7 7 7 7 7 7 7 7
6 7 7 7 7 7 7 7 6 7 7 7
7 6 7 7 8 7 6 6 6 7 8 7
7 6 7 7 7 7 6 6 7 7 7 6
7 7 7 7 7 7 7 7 7 7 7 7
7 8 7 7 8 7 6 8 7 7 8 6
7 7 7 7 7 7 6 7 7 6 7 7

Example 2 output (12x12):
7 7 7 7 7 7 7 7 7 7 7 7
7 8 7 7 8 7 7 8 7 7 8 7
7 7 7 7 7 7 7 7 7 7 7 7
7 7 7 7 7 7 7 7 7 7 7 7
7 8 7 7 8 7 7 8 7 7 8 7
7 7 7 7 7 7 7 7 7 7 7 7
7 7 7 7 7 7 7 7 7 7 7 7
7 8 7 7 8 7 7 8 7 7 8 7
7 7 7 7 7 7 7 7 7 7 7 7
7 7 7 7 7 7 7 7 7 7 7 7
7 8 7 7 8 7 7 8 7 7 8 7
7 7 7 7 7 7 7 7 7 7 7 7

Test input (16x16):
3 6 3 3 3 3 3 3 6 6 3 3 3 3 3 3
3 1 1 3 6 1 3 1 1 3 1 1 3 1 1 3
6 1 1 3 6 1 3 1 1 3 1 6 3 1 6 3
6 6 3 3 6 6 6 3 6 3 3 3 6 3 6 3
3 1 1 6 1 1 3 1 1 3 1 1 3 6 1 6
3 1 1 3 1 1 3 1 1 3 6 1 3 1 1 3
3 3 3 3 3 3 3 3 3 3 3 6 3 3 3 3
3 1 1 3 1 1 3 1 1 3 6 1 6 1 1 3
3 1 6 3 1 1 3 1 1 3 1 1 3 1 1 3
3 3 3 3 3 3 3 3 3 3 3 3 3 3 3 6
6 6 1 3 6 6 3 6 1 3 6 6 3 1 1 6
6 1 1 3 6 6 3 6 1 3 1 6 3 6 1 6
3 3 6 3 6 3 6 3 3 3 6 3 3 3 3 6
3 1 1 3 1 6 3 1 6 3 6 1 3 1 1 6
6 6 1 6 1 1 3 6 1 3 6 6 3 6 1 6
3 3 3 3 3 6 3 3 3 6 3 6 6 3 3 3
