Example 1 input (11x17):
0 0 0 0 0 0 0 2 0 0 0 0 0 0 0 0 0
0 0 0 0 0 0 0 0 0 0 0 0 0 0 0 0 0
8 8 8 8 8 0 8 8 8 0 8 8 8 8 8 8 8
0 0 0 0 0 0 0 0 0 0 0 0 0 0 0 0 0
8 8 0 8 8 8 8 8 8 8 8 8 0 8 8 8 8
0 0 0 0 0 0 0 0 0 0 0 0 0 0 0 0 0
0 0 0 0 0 0 0 0 0 0 0 0 0 0 0 0 0
8 8 8 8 8 0 8 8 8 8 8 8 8 8 8 8 8
0 0 0 0 0 0 0 0 0 0 0 0 0 0 0 0 0
0 0 0 0 0 0 0 0 0 0 0 0 0 0 0 0 0
0 0 0 0 0 0 0 0 0 0 0 0 0 0 0 0 0

Example 1 output (11x17):
0 0 0 0 0 0 0 2 0 0 0 0 0 0 0 0 0
0 0 0 0 0 2 2 2 2 2 0 0 0 0 0 0 0
8 8 8 8 8 2 8 8 8 2 8 8 8 8 8 8 8
0 0 2 2 2 2 2 2 2 2 2 2 2 0 0 0 0
8 8 2 8 8 8 8 8 8 8 8 8 2 8 8 8 8
0 0 2 0 0 0 0 0 0 0 0 0 2 0 0 0 0
2 2 2 2 2 2 2 2 2 2 2 2 2 2 2 2 2
8 8 8 8 8 2 8 8 8 8 8 8 8 8 8 8 8
0 0 0 0 0 2 0 0 0 0 0 0 0 0 0 0 0
0 0 0 0 0 2 0 0 0 0 0 0 0 0 0 0 0
0 0 0 0 0 2 0 0 0 0 0 0 0 0 0 0 0

Example 2 input (11x12):
0 0 8 0 0 8 0 0 0 8 0 0
0 0 8 0 0 8 0 0 0 8 0 0
0 0 8 0 0 8 0 0 0 8 0 0
2 0 8 0 0 0 0 0 0 8 0 0
0 0 8 0 0 8 0 0 0 8 0 0
0 0 0 0 0 8 0 0 0 8 0 0
0 0 8 0 0 8 0 0 0 0 0 0
0 0 8 0 0 8 0 0 0 8 0 0
0 0 0 0 0 8 0 0 0 0 0 0
0 0 8 0 0 8 0 0 0 8 0 0
0 0 8 0 0 8 0 0 0 8 0 0

Example 2 output (11x12):
0 2 8 0 0 8 0 0 2 8 0 0
0 2 8 0 0 8 0 0 2 8 0 0
0 2 8 0 0 8 0 0 2 8 0 0
2 2 8 0 2 2 2 2 2 8 0 0
0 2 8 0 2 8 0 0 2 8 0 0
0 2 2 2 2 8 0 0 2 8 0 0
0 0 8 0 2 8 0 0 2 2 2 2
0 0 8 0 2 8 0 0 0 8 0 0
0 0 0 0 2 8 0 0 0 0 0 0
0 0 8 0 2 8 0 0 0 8 0 0
0 0 8 0 2 8 0 0 0 8 0 0

Example 3 input (10x13):
0 0 8 0 0 8 0 0 0 8 0 0 0
0 0 0 0 0 8 0 0 0 8 0 0 0
0 0 8 0 0 8 0 0 0 0 0 0 0
0 0 0 0 0 8 0 0 0 8 0 0 0
0 0 8 0 0 8 0 0 0 8 0 0 2
0 0 8 0 0 8 0 0 0 0 0 0 0
0 0 8 0 0 8 0 0 0 8 0 0 0
0 0 8 0 0 8 0 0 0 8 0 0 0
0 0 0 0 0 0 0 0 0 8 0 0 0
0 0 8 0 0 8 0 0 0 8 0 0 0

Example 3 output (10x13):
0 0 8 0 0 8 2 0 0 8 0 0 0
0 0 0 0 0 8 2 0 0 8 0 0 0
0 0 8 0 0 8 2 2 2 2 2 0 0
0 0 0 0 0 8 2 0 0 8 2 0 0
0 0 8 0 0 8 2 0 0 8 2 2 2
0 0 8 0 0 8 2 2 2 2 2 0 0
0 0 8 0 0 8 2 0 0 8 0 0 0
0 0 8 0 0 8 2 0 0 8 0 0 0
2 2 2 2 2 2 2 0 0 8 0 0 0
0 0 8 0 0 8 0 0 0 8 0 0 0

Test input (15x14):
0 0 0 0 0 0 2 0 0 0 0 0 0 0
0 0 0 0 0 0 0 0 0 0 0 0 0 0
8 8 8 8 0 8 8 8 8 8 8 8 8 8
0 0 0 0 0 0 0 0 0 0 0 0 0 0
8 8 0 8 8 8 8 0 8 8 8 0 8 8
0 0 0 0 0 0 0 0 0 0 0 0 0 0
0 0 0 0 0 0 0 0 0 0 0 0 0 0
8 8 0 8 8 8 8 8 8 0 8 8 8 8
0 0 0 0 0 0 0 0 0 0 0 0 0 0
0 0 0 0 0 0 0 0 0 0 0 0 0 0
8 8 8 8 0 8 8 0 8 8 8 0 8 8
0 0 0 0 0 0 0 0 0 0 0 0 0 0
0 0 0 0 0 0 0 0 0 0 0 0 0 0
0 0 0 0 0 0 0 0 0 0 0 0 0 0
0 0 0 0 0 0 0 0 0 0 0 0 0 0
