Example 1 input (12x18):
1 1 0 0 1 1 0 0 0 0 0 0 0 0 0 0 0 0
1 0 1 0 1 0 1 0 0 0 0 0 0 0 0 0 0 0
0 1 1 0 0 1 1 0 0 0 0 0 0 0 2 3 0 0
0 0 0 0 0 0 0 0 0 0 0 0 0 0 3 0 3 0
1 1 0 0 0 0 0 0 1 1 0 0 0 0 0 3 2 0
1 0 1 0 0 0 0 0 1 0 1 0 0 0 0 0 0 0
0 1 1 0 0 0 0 0 0 1 1 0 0 0 0 0 0 0
0 0 0 0 0 0 0 0 0 0 0 0 0 0 0 0 0 0
0 0 0 0 1 1 0 0 1 1 0 0 0 0 0 0 0 0
0 0 0 0 1 0 1 0 1 0 1 0 0 0 0 0 0 0
0 0 0 0 0 1 1 0 0 1 1 0 0 0 0 0 0 0
0 0 0 0 0 0 0 0 0 0 0 0 0 0 0 0 0 0

Example 1 output (12x18):
2 2 0 0 3 3 0 0 0 0 0 0 0 0 0 0 0 0
2 0 2 0 3 0 3 0 0 0 0 0 0 0 0 0 0 0
0 2 2 0 0 3 3 0 0 0 0 0 0 0 2 3 0 0
0 0 0 0 0 0 0 0 0 0 0 0 0 0 3 0 3 0
3 3 0 0 0 0 0 0 3 3 0 0 0 0 0 3 2 0
3 0 3 0 0 0 0 0 3 0 3 0 0 0 0 0 0 0
0 3 3 0 0 0 0 0 0 3 3 0 0 0 0 0 0 0
0 0 0 0 0 0 0 0 0 0 0 0 0 0 0 0 0 0
0 0 0 0 3 3 0 0 2 2 0 0 0 0 0 0 0 0
0 0 0 0 3 0 3 0 2 0 2 0 0 0 0 0 0 0
0 0 0 0 0 3 3 0 0 2 2 0 0 0 0 0 0 0
0 0 0 0 0 0 0 0 0 0 0 0 0 0 0 0 0 0

Example 2 input (10x12):
0 0 0 0 0 0 0 0 0 0 0 0
0 0 0 0 0 1 1 0 1 1 0 0
0 0 0 0 0 1 0 0 1 0 0 0
0 2 4 0 0 0 0 0 0 0 0 0
0 3 0 0 0 1 1 0 0 0 0 0
0 0 0 0 0 1 0 0 0 0 0 0
0 0 0 0 0 0 0 0 0 0 0 0
0 0 0 0 0 0 0 0 0 0 0 0
0 0 0 0 0 0 0 0 0 0 0 0
0 0 0 0 0 0 0 0 0 0 0 0

Example 2 output (10x12):
0 0 0 0 0 0 0 0 0 0 0 0
0 0 0 0 0 2 2 0 4 4 0 0
0 0 0 0 0 2 0 0 4 0 0 0
0 2 4 0 0 0 0 0 0 0 0 0
0 3 0 0 0 3 3 0 0 0 0 0
0 0 0 0 0 3 0 0 0 0 0 0
0 0 0 0 0 0 0 0 0 0 0 0
0 0 0 0 0 0 0 0 0 0 0 0
0 0 0 0 0 0 0 0 0 0 0 0
0 0 0 0 0 0 0 0 0 0 0 0

Test input (14x12):
0 2 0 0 0 0 0 0 0 0 0 0
4 7 4 0 0 0 0 0 0 0 0 0
3 0 3 0 0 0 1 0 0 0 0 0
0 0 0 0 0 1 1 1 0 0 0 0
0 0 0 0 0 1 0 1 0 0 0 0
0 0 0 0 0 0 0 0 0 0 0 0
0 0 1 0 0 0 1 0 0 0 1 0
0 1 1 1 0 1 1 1 0 1 1 1
0 1 0 1 0 1 0 1 0 1 0 1
0 0 0 0 0 0 0 0 0 0 0 0
0 0 1 0 0 0 0 0 0 0 1 0
0 1 1 1 0 0 0 0 0 1 1 1
0 1 0 1 0 0 0 0 0 1 0 1
0 0 0 0 0 0 0 0 0 0 0 0
