Example 1 input (6x6):
0 4 0 0 0 0
0 0 0 0 0 0
0 4 0 0 0 0
0 0 0 0 4 0
0 0 0 0 0 0
0 0 0 0 4 0

Example 1 output (12x12):
0 4 0 0 0 0 0 0 0 0 0 0
3 3 3 3 3 3 3 3 3 3 3 3
0 4 0 0 0 0 0 0 0 0 0 0
0 0 0 0 4 0 0 0 0 0 0 0
3 3 3 3 3 3 3 3 3 3 3 3
0 0 0 0 4 0 0 0 0 0 0 0
0 0 0 0 0 0 0 4 0 0 0 0
3 3 3 3 3 3 3 3 3 3 3 3
0 0 0 0 0 0 0 4 0 0 0 0
0 0 0 0 0 0 0 0 0 0 4 0
3 3 3 3 3 3 3 3 3 3 3 3
0 0 0 0 0 0 0 0 0 0 4 0

Example 2 input (3x3):
0 8 0
0 0 0
0 8 0

Example 2 output (6x6):
0 8 0 0 0 0
3 3 3 3 3 3
0 8 0 0 0 0
0 0 0 0 8 0
3 3 3 3 3 3
0 0 0 0 8 0

Example 3 input (7x7):
0 0 7 0 0 0 0
0 0 0 0 0 0 0
0 0 7 0 0 0 0
0 0 0 0 0 0 0
0 0 0 0 0 0 0
0 0 0 0 0 0 0
0 0 0 0 0 0 0

Example 3 output (14x14):
0 0 7 0 0 0 0 0 0 0 0 0 0 0
3 3 3 3 3 3 3 3 3 3 3 3 3 3
0 0 7 0 0 0 0 0 0 0 0 0 0 0
0 0 0 0 0 0 0 0 0 0 0 0 0 0
0 0 0 0 0 0 0 0 0 0 0 0 0 0
0 0 0 0 0 0 0 0 0 0 0 0 0 0
0 0 0 0 0 0 0 0 0 0 0 0 0 0
0 0 0 0 0 0 0 0 0 7 0 0 0 0
3 3 3 3 3 3 3 3 3 3 3 3 3 3
0 0 0 0 0 0 0 0 0 7 0 0 0 0
0 0 0 0 0 0 0 0 0 0 0 0 0 0
0 0 0 0 0 0 0 0 0 0 0 0 0 0
0 0 0 0 0 0 0 0 0 0 0 0 0 0
0 0 0 0 0 0 0 0 0 0 0 0 0 0

Test input (4x4):
9 0 0 0
0 0 0 0
9 0 0 0
0 0 0 0
