Example 1 input (3x3):
0 0 0
0 2 0
0 0 0

Example 1 output (3x3):
2 2 2
2 0 2
2 2 2

Example 2 input (5x3):
0 0 0
0 0 0
0 3 0
0 0 0
0 0 0

Example 2 output (5x3):
3 3 3
3 0 3
3 0 3
3 0 3
3 3 3

Example 3 input (5x7):
0 0 0 0 0 0 0
0 0 0 0 0 0 0
0 0 0 1 0 0 0
0 0 0 0 0 0 0
0 0 0 0 0 0 0

Example 3 output (5x7):
1 1 1 1 1 1 1
1 0 0 0 0 0 1
1 0 0 0 0 0 1
1 0 0 0 0 0 1
1 1 1 1 1 1 1

Example 4 input (5x5):
0 0 0 0 0
0 0 0 0 0
0 0 6 0 0
0 0 0 0 0
0 0 0 0 0

Example 4 output (5x5):
6 6 6 6 6
6 0 0 0 6
6 0 0 0 6
6 0 0 0 6
6 6 6 6 6

Test input (9x7):
0 0 0 0 0 0 0
0 0 0 0 0 0 0
0 0 0 0 0 0 0
0 0 0 0 0 0 0
0 0 0 8 0 0 0
0 0 0 0 0 0 0
0 0 0 0 0 0 0
0 0 0 0 0 0 0
0 0 0 0 0 0 0
