Example 1 input (12x10):
0 0 0 0 0 0 5 0 0 0
0 0 0 0 0 0 0 0 0 0
0 0 0 4 0 0 0 0 0 0
0 0 0 0 0 0 0 0 5 0
0 5 0 0 0 0 0 0 0 0
0 0 0 0 5 0 0 0 0 0
0 0 0 0 0 0 0 0 0 0
5 0 0 0 0 0 0 0 0 0
0 0 0 0 0 0 4 0 0 0
0 0 0 0 0 0 0 0 0 0
0 5 0 0 0 0 0 0 0 0
0 0 0 0 0 0 0 0 0 5

Example 1 output (12x10):
0 0 0 0 0 0 5 0 0 0
0 0 2 2 2 0 0 0 0 0
0 0 2 4 2 0 0 0 0 0
0 0 2 2 2 0 0 0 5 0
0 5 0 0 0 0 0 0 0 0
0 0 0 0 5 0 0 0 0 0
0 0 0 0 2 2 2 2 2 0
5 0 0 0 2 2 2 2 2 0
0 0 0 0 2 2 4 2 2 0
0 0 0 0 2 2 2 2 2 0
0 5 0 0 2 2 2 2 2 0
0 0 0 0 0 0 0 0 0 5

Example 2 input (9x10):
0 0 0 0 0 0 0 0 0 0
0 0 0 0 0 0 0 0 0 0
0 0 0 0 0 0 0 0 0 0
0 5 0 0 4 0 0 0 0 0
0 0 0 0 0 0 0 0 0 0
0 0 0 0 0 0 0 0 0 0
0 0 0 0 0 0 0 0 0 0
0 0 0 0 0 0 0 0 0 0
0 0 0 0 0 0 0 0 0 0

Example 2 output (9x10):
0 0 0 0 0 0 0 0 0 0
0 0 2 2 2 2 2 0 0 0
0 0 2 2 2 2 2 0 0 0
0 5 2 2 4 2 2 0 0 0
0 0 2 2 2 2 2 0 0 0
0 0 2 2 2 2 2 0 0 0
0 0 0 0 0 0 0 0 0 0
0 0 0 0 0 0 0 0 0 0
0 0 0 0 0 0 0 0 0 0

Example 3 input (9x8):
0 0 0 0 0 0 0 0
0 0 5 0 0 0 0 0
0 0 0 0 0 0 0 0
0 0 0 4 0 0 0 0
0 0 0 0 0 0 0 0
0 0 0 0 0 0 0 0
0 0 0 0 0 0 0 0
0 0 0 0 0 0 0 0
0 0 0 0 0 0 0 0

Example 3 output (9x8):
0 0 0 0 0 0 0 0
0 0 5 0 0 0 0 0
0 0 2 2 2 0 0 0
0 0 2 4 2 0 0 0
0 0 2 2 2 0 0 0
0 0 0 0 0 0 0 0
0 0 0 0 0 0 0 0
0 0 0 0 0 0 0 0
0 0 0 0 0 0 0 0

Example 4 input (9x11):
0 0 0 0 0 0 0 0 0 0 0
0 0 0 0 0 5 0 0 0 0 0
0 0 0 0 0 0 0 0 0 0 0
0 0 0 0 0 0 0 0 0 0 0
0 0 0 0 0 0 0 0 0 0 0
0 0 0 0 4 0 0 0 0 0 0
0 0 0 0 0 0 0 0 0 0 0
0 0 0 0 0 0 0 0 0 0 0
0 0 0 0 0 0 0 0 0 0 0

Example 4 output (9x11):
0 0 0 0 0 0 0 0 0 0 0
0 0 0 0 0 5 0 0 0 0 0
0 2 2 2 2 2 2 2 0 0 0
0 2 2 2 2 2 2 2 0 0 0
0 2 2 2 2 2 2 2 0 0 0
0 2 2 2 4 2 2 2 0 0 0
0 2 2 2 2 2 2 2 0 0 0
0 2 2 2 2 2 2 2 0 0 0
0 2 2 2 2 2 2 2 0 0 0

Test input (30x20):
0 0 0 0 0 0 0 0 0 0 0 0 0 0 0 0 0 0 0 0
0 0 0 0 0 0 0 0 0 0 0 0 0 0 0 0 0 0 0 0
0 0 0 0 0 0 0 0 0 0 0 0 0 0 0 5 0 0 0 0
0 0 0 0 0 0 0 0 0 0 0 0 0 0 0 0 0 0 0 0
0 0 0 0 0 0 0 0 0 0 0 0 0 0 0 0 0 0 0 0
0 0 0 0 0 0 4 0 0 0 0 0 0 0 0 0 0 0 0 0
0 0 0 0 0 0 0 0 0 0 0 0 0 0 0 0 0 0 0 0
0 0 0 0 0 0 0 0 0 0 0 0 0 0 5 0 0 0 0 0
0 0 0 0 0 0 0 0 0 0 0 0 0 0 0 0 0 0 0 0
0 0 0 0 0 0 0 0 0 0 0 0 0 0 0 0 0 0 0 0
0 0 0 0 0 0 0 0 0 0 0 0 0 0 0 0 0 0 0 0
0 0 0 5 0 0 0 0 0 0 0 0 0 0 0 0 0 0 0 0
0 0 0 0 0 0 0 0 0 0 0 0 0 0 0 0 0 0 0 0
0 0 0 0 0 0 0 0 0 0 0 0 0 0 0 0 0 0 0 0
0 0 0 0 0 0 0 0 0 0 0 0 0 0 0 0 0 0 0 0
0 0 0 0 0 0 0 0 0 0 5 0 0 0 0 4 0 0 0 0
0 0 0 0 0 0 0 0 0 0 0 0 0 0 0 0 0 0 5 0
0 0 0 0 0 0 0 0 0 0 0 0 0 0 0 0 0 0 0 0
0 0 0 0 0 0 0 0 0 0 0 0 0 0 0 0 0 0 0 0
0 5 0 0 0 0 0 0 5 0 0 0 0 0 5 0 0 0 0 0
0 0 0 0 0 0 0 0 0 0 0 0 0 0 0 0 0 0 0 0
0 0 0 0 0 0 0 0 0 0 0 0 0 0 0 0 0 0 0 0
0 0 0 0 0 0 0 0 0 0 0 0 0 0 0 0 0 0 0 0
0 0 0 0 0 0 0 0 0 0 0 0 0 0 0 0 0 0 0 0
0 0 0 0 0 0 0 0 0 0 0 0 0 0 0 0 0 0 0 0
0 0 0 0 0 4 0 0 0 0 0 0 0 0 0 0 0 0 0 0
0 0 0 0 0 0 0 0 0 0 0 0 0 0 0 0 0 0 0 0
0 5 0 0 0 0 0 0 0 0 0 0 0 0 0 5 0 0 0 0
0 0 0 0 0 0 0 0 0 0 0 0 0 0 0 0 0 0 0 0
0 0 0 0 0 0 0 0 0 0 0 0 0 0 0 0 0 0 0 0
